21.562 46.562 50.656 62.843 66.156 181.343 203.093 241.937 250.718 271.312 375.625 470.562 603.906 622.750 675.625 677.781 680.843 750.406 908.343 1169.781 1273.468 1275.062 1284.687 1364.750 1651.500 1652.156 1924.218 1941.375 1990.937 1993.312 2179.312 2181.375 3813.000 
19.937 25.687 62.406 111.750 114.500 181.156 202.781 379.312 602.718 623.687 834.531 908.812 911.781 918.375 1186.625 1270.625 1272.968 1371.843 1651.125 1652.000 1652.593 1740.593 1817.531 1941.718 1944.750 1990.843 2179.187 2181.531 2275.093 
22.875 50.875 62.062 112.562 116.125 181.343 200.718 374.593 457.843 610.781 677.718 750.000 834.218 909.875 960.750 1272.937 1650.812 1819.687 1994.343 2179.031 2181.750 2182.625 2277.812 
17.531 19.937 46.406 185.531 202.187 470.593 606.375 675.406 678.656 1035.062 1085.843 1166.812 1270.250 1272.375 1274.843 1276.156 1280.468 1281.593 1364.156 1740.312 1818.187 2179.375 2181.093 2277.312 
27.250 52.312 113.437 623.250 679.031 749.562 1188.031 1270.625 1272.406 1272.593 1650.687 1740.250 1817.562 1943.968 2179.500 2180.687 2181.625 2183.406 2274.875 3772.312 
46.875 62.031 65.218 111.281 201.875 202.531 204.375 341.906 454.187 471.000 473.718 602.625 605.468 623.093 681.312 840.031 1271.406 1364.375 1366.906 1652.500 1658.687 1815.718 1821.031 1916.531 2182.187 2275.250 2278.031 2280.343 
20.250 48.500 49.906 62.843 113.812 201.812 204.593 386.750 456.031 626.156 1270.406 1270.968 1272.937 1276.468 1363.468 1653.312 1739.500 1818.968 2180.843 2274.218 2278.437 
28.718 45.843 47.781 338.656 603.281 625.687 833.937 1364.468 1651.375 1661.687 1817.218 2181.812 2274.468 
25.625 46.125 48.281 62.125 111.562 202.468 615.437 833.875 990.375 1364.656 1368.906 1744.156 
18.250 62.343 202.031 470.968 605.062 835.062 912.437 1654.281 2181.062 2380.031 
