-1793.907 -1720.875 -1719.532 -940.000 -929.407 -927.719 -890.250 -690.375 -687.282 -47.469 -37.625 5.031 16.281 220.125 596.437 609.031 1328.312 1339.125 1562.406 1608.625 1619.593 1625.812 1665.718 1666.312 1668.968 1955.906 1961.156 1983.656 2008.500 2992.781 3378.406 3451.375 3799.593 3884.062 3945.812 
-1980.219 -1919.282 -1881.250 -1205.782 -1187.407 -1185.438 -1179.125 -1164.782 -1147.750 -1136.907 -870.938 -432.563 -428.407 -393.469 -389.469 -365.657 -349.844 7.875 146.968 602.687 604.843 617.593 1265.625 1287.812 1651.156 1747.625 1749.031 1757.968 1817.000 1836.406 2067.031 2101.250 2872.781 2890.093 3092.968 3316.125 3529.218 3996.343 
-1808.313 -1799.219 -1783.407 -1727.969 -1716.875 -1715.907 -1705.532 -1298.500 -1276.813 -1270.907 -1268.157 -1262.782 -1221.188 -892.375 -141.813 -123.219 -117.063 -88.532 25.656 542.718 549.843 551.187 595.937 880.093 1304.468 1312.812 1494.093 1636.531 1688.218 1690.750 1832.218 2067.625 2156.250 2448.468 2463.031 2931.000 3101.125 3474.937 3750.312 
-1540.657 -1538.938 -1487.657 -1487.282 -97.844 130.812 567.031 587.906 623.250 856.093 860.218 861.375 877.218 981.687 1010.375 1318.031 1328.062 1682.531 1698.125 1712.343 1723.281 1724.687 1741.843 1759.531 1760.000 2358.812 2375.406 3445.718 3449.187 3753.437 
-1708.469 -1683.563 -1667.563 -1390.063 -1388.532 -1359.219 -1344.625 -1208.657 -1172.625 -522.594 -517.438 -510.969 -487.625 -485.844 -434.657 -422.407 50.343 532.000 541.187 1012.343 1018.250 1039.812 1081.687 1358.968 1625.750 1637.937 1676.750 1689.687 1719.000 1844.750 1852.593 2276.531 2449.031 3188.843 3768.437 3773.843 3778.687 3847.687 3913.156 
-1782.907 -1779.469 -1774.594 -1671.938 -1427.938 -1373.219 -688.125 59.000 108.875 124.500 131.656 547.125 555.156 594.406 606.875 1018.218 1043.937 1052.843 1102.687 1274.687 1700.500 1721.937 2700.500 2712.468 2773.281 2894.031 3401.500 3559.125 3832.968 3859.000 
-1444.125 -1441.500 -1436.188 -1434.688 -1434.469 -1388.938 -1357.063 -1348.594 -1048.875 -1041.500 80.656 85.875 542.031 559.781 653.062 1089.718 1113.156 1311.250 1325.562 1333.468 1637.250 1667.562 1667.906 1670.687 1678.000 1683.437 1685.000 1931.156 2161.375 2345.625 2374.375 2482.812 3448.500 
-1845.469 -1705.782 -1568.500 -1486.438 -1470.157 -1466.375 -1440.688 -559.563 82.625 253.875 561.312 577.937 596.312 605.031 612.343 1121.218 1688.781 1699.062 1726.000 1727.937 1768.156 2148.687 2468.562 2527.906 3214.343 3642.750 3712.812 3730.656 3764.625 
-1969.313 -1968.219 -1959.375 -1954.969 -1943.844 -1942.250 -1938.407 -1919.282 -1916.969 -1903.938 -828.875 -822.438 -816.375 -809.407 -764.125 19.343 26.562 75.468 83.718 96.250 126.968 154.343 156.000 543.031 576.843 582.906 595.000 666.625 667.281 847.968 885.937 891.000 1260.218 1676.968 1701.062 1742.500 1745.125 1746.000 1754.218 1951.843 1972.000 2002.937 2881.187 2899.468 2913.562 2949.000 3411.156 
-1998.344 -1992.250 -1988.750 -1903.094 -1844.750 -970.125 -898.282 -856.125 -761.282 -707.375 -392.657 -387.125 -367.469 -365.344 -361.657 -358.625 137.250 405.750 561.718 566.312 674.781 854.906 877.468 1630.250 1691.656 2146.531 2159.718 2176.062 2177.718 2182.250 2847.437 2853.625 2867.281 2871.562 2878.187 2880.875 2888.187 2895.312 2902.406 2909.406 2951.562 2974.968 3587.968 3664.312 3723.968 3791.937 3942.500 3944.812 3957.406 
