-1468.500 -540.563 -261.594 -8.750 23.656 37.187 44.062 47.031 50.031 77.531 87.750 90.031 109.281 117.593 134.625 190.687 203.500 231.781 255.531 267.437 290.718 372.062 405.906 429.562 440.656 485.250 552.218 643.843 670.812 679.812 685.031 697.125 721.437 727.468 771.125 786.812 804.125 850.062 863.343 879.156 897.687 962.218 973.281 1006.843 1017.906 1024.468 1091.281 1128.468 1151.187 1234.375 1257.500 1265.781 1293.968 1322.406 1351.812 1438.000 1456.906 1683.843 1814.531 2041.156 2625.250 2774.437 3540.187 
-1305.844 -654.438 -183.688 21.406 39.093 45.468 65.625 68.843 75.750 93.593 95.312 109.750 135.500 159.125 176.593 186.562 258.000 264.937 308.968 312.156 355.031 372.531 428.656 445.937 454.843 488.843 497.875 508.906 543.000 586.156 616.093 634.312 639.281 667.968 671.906 676.531 779.406 795.875 799.718 832.593 846.406 893.937 939.062 958.750 975.750 1006.625 1102.656 1116.062 1162.250 1175.937 1200.375 1223.843 1232.781 1295.812 1305.812 1311.437 1325.187 1328.250 1372.531 1416.031 1476.250 1735.687 1930.250 2372.937 2847.781 2994.656 3018.437 3203.906 3296.093 3360.031 3717.625 3930.937 
-1138.782 -855.750 -338.219 9.718 47.093 49.625 59.656 71.031 77.593 126.750 147.812 159.656 222.593 228.750 246.468 260.875 290.093 292.843 311.437 346.625 379.687 388.968 403.875 409.906 440.750 534.156 555.468 573.250 623.593 643.500 646.750 667.843 676.312 719.812 734.000 755.625 781.875 784.875 794.062 802.125 846.968 851.406 894.468 900.781 938.718 977.125 1018.625 1043.156 1083.718 1117.437 1130.937 1161.031 1200.843 1223.875 1259.500 1276.468 1306.218 1320.812 1335.312 1347.718 1413.156 1417.968 1433.750 1436.281 1450.718 1454.843 1773.875 2236.343 2980.718 3184.718 3977.718 
-1418.875 -155.407 14.375 20.093 27.593 44.531 47.406 67.500 71.781 76.437 78.031 90.343 148.250 162.312 189.218 209.468 225.218 241.812 255.593 314.031 321.406 329.562 362.343 430.281 438.500 471.500 478.250 489.093 518.937 537.593 554.593 576.593 641.562 645.437 659.343 678.125 684.656 752.281 754.125 779.062 788.062 834.093 897.656 900.343 924.281 967.718 987.937 1019.062 1021.562 1083.375 1092.843 1133.031 1179.656 1195.687 1199.968 1276.468 1317.093 1329.062 1339.062 1355.718 1376.093 1433.562 1448.843 1825.156 1982.312 2054.687 2266.937 2479.906 2972.687 3023.375 3514.312 3516.093 
-1981.719 -1781.657 -1685.438 -1078.188 -202.032 23.593 37.312 47.625 50.187 79.000 147.781 161.812 191.281 195.156 232.812 235.468 250.812 273.125 274.687 284.968 307.781 388.781 391.562 412.312 455.968 474.312 503.187 557.656 562.812 571.906 585.562 641.625 678.812 733.718 785.125 795.656 897.843 939.281 980.843 991.031 1022.000 1041.031 1072.125 1103.843 1109.531 1144.750 1196.718 1214.687 1222.625 1259.156 1319.593 1343.031 1345.375 1414.406 1425.031 1427.687 1451.343 1462.406 1827.250 2455.812 2606.906 2732.000 3205.468 
-1958.094 -1505.157 -1271.282 -835.813 -98.594 20.406 36.625 50.531 52.718 77.875 80.062 83.968 109.718 124.531 188.750 208.187 250.687 254.687 290.625 317.000 344.031 356.312 360.250 390.468 407.687 410.531 428.375 473.968 486.187 534.718 542.968 551.000 555.343 660.156 680.250 699.406 723.562 735.468 753.968 767.312 784.031 800.468 850.656 880.875 887.156 900.687 941.156 971.125 1085.218 1104.656 1144.687 1181.500 1200.062 1276.718 1310.593 1324.406 1336.718 1416.750 1421.562 1434.656 1862.343 1873.062 2516.406 2762.312 
-1784.532 -1634.063 -1528.188 -1367.563 -1256.282 -1038.469 -445.907 22.718 70.343 73.593 88.156 101.281 119.031 130.593 134.687 147.375 236.843 250.093 280.875 312.437 368.343 392.500 404.250 411.156 482.843 504.906 539.187 585.031 614.375 642.093 658.531 723.343 749.125 757.250 797.312 801.531 843.187 849.968 900.906 935.250 976.750 992.312 1017.687 1032.906 1087.187 1109.250 1118.812 1130.375 1197.125 1202.125 1213.906 1216.625 1225.125 1237.843 1258.468 1306.875 1334.500 1337.812 1414.000 1417.625 1447.906 1456.250 2171.968 2458.281 2473.687 2645.156 3277.125 
-1828.750 -1688.750 -1647.719 -1590.875 -1299.563 -1048.000 -919.875 -729.750 14.500 20.312 37.343 44.375 50.156 64.375 70.187 90.687 114.468 161.281 188.937 208.812 232.468 247.125 257.000 291.156 349.281 377.093 392.250 404.093 449.250 476.875 487.562 494.437 530.281 534.437 535.843 540.343 551.812 566.031 639.000 659.031 697.218 701.500 716.437 776.343 798.062 834.156 873.156 897.375 924.375 1043.406 1064.031 1092.375 1101.906 1114.125 1127.000 1183.156 1197.562 1203.968 1260.718 1263.875 1277.156 1309.593 1316.718 1415.500 1423.500 1436.812 1449.187 1789.562 2409.593 2494.781 2540.593 2751.843 3135.468 
-1430.532 -1355.594 3.750 25.218 47.281 49.625 67.406 73.968 75.375 121.593 157.000 184.687 200.468 206.843 216.468 233.062 256.218 273.562 299.875 395.125 407.406 427.968 457.625 534.531 645.687 658.718 676.156 690.843 719.625 777.500 786.500 804.875 870.500 883.593 920.625 975.593 984.812 1020.156 1032.625 1069.562 1074.656 1126.968 1162.093 1201.125 1204.906 1216.750 1229.531 1259.843 1320.968 1337.906 1346.156 1426.500 2673.812 2979.468 3785.437 
-1915.532 -1334.469 -376.688 -46.813 17.750 25.906 46.937 125.156 127.687 132.593 156.875 177.937 232.687 249.750 258.000 268.375 291.281 312.812 328.031 385.500 389.843 409.718 483.718 494.343 539.500 550.656 630.187 715.406 774.937 800.000 839.656 873.812 896.343 919.687 940.031 973.187 980.312 990.156 1024.093 1042.468 1083.750 1117.687 1131.093 1143.437 1157.281 1231.593 1234.375 1289.593 1306.375 1326.437 1335.906 1356.250 1435.468 1451.500 1475.093 1743.906 2018.406 2439.593 3152.937 3419.812 3615.968 3860.000 
