425.718 1123.718 
-97.563 112.187 162.687 780.718 914.968 1285.906 1457.593 1491.625 1852.812 1860.656 
211.843 470.406 535.406 1111.781 1917.281 
62.125 296.281 333.062 536.843 943.281 1327.687 1805.468 
162.937 333.031 599.093 745.343 1184.500 1260.625 1401.718 
258.187 343.312 446.718 694.125 781.125 784.000 846.125 964.781 1285.562 1697.625 1877.312 
62.593 164.875 537.031 598.687 901.562 1111.812 1115.343 1326.531 1492.781 1542.656 1806.218 1934.593 
342.781 406.593 446.281 671.781 738.781 780.375 891.281 1326.750 1491.843 1938.406 3617.156 3621.468 
22.437 64.468 163.031 587.968 781.562 1111.968 1591.187 1873.937 
164.656 846.343 1113.156 1372.000 1859.593 1873.656 1898.406 
