306.781 1058.468 1073.968 1320.656 1533.781 2148.531 2327.656 2692.343 3016.593 3299.437 3879.125 3992.000 
23.656 1738.625 1998.437 2082.531 2100.906 2202.312 3081.468 3089.750 3092.468 3803.718 
320.781 745.812 955.437 1041.750 1049.125 1318.531 1638.312 2117.218 2474.687 3879.812 
1787.500 1995.812 2018.156 2715.687 
3.656 457.281 1459.812 1817.187 1986.531 2824.875 2888.343 2912.625 3764.343 3788.218 
184.625 2032.218 2041.437 2489.031 3122.062 3466.500 
328.093 817.968 1493.656 2064.531 2259.656 3093.406 3652.156 
599.312 856.125 881.843 1057.156 1837.187 3128.406 3613.031 3647.375 3684.312 3794.656 
2011.843 2060.093 2069.812 2094.156 2126.031 2155.937 3344.250 
863.937 920.218 983.218 1035.906 2412.937 2561.625 3295.593 3633.156 3976.875 
