739.187 965.625 3508.375 3520.593 3561.406 
1994.500 2384.906 2606.718 2932.156 3034.531 3588.031 3641.031 
126.500 129.625 2024.562 2278.593 2321.937 2352.906 2823.000 2824.937 2865.781 
820.343 1079.187 1196.625 1324.406 1853.156 1853.406 2252.031 2330.062 2338.500 2338.750 2404.218 2528.843 2945.781 2988.406 3891.625 
2048.156 2341.937 2342.156 3213.343 3215.875 3392.625 
519.312 1045.031 2338.062 2338.281 
517.000 2230.125 
501.343 1227.312 2355.843 2404.187 3272.656 3891.312 
2395.125 2438.093 2515.406 2553.812 2958.437 3665.000 3675.843 
857.281 1232.250 2085.406 2285.906 2908.750 3514.843 
