40.468 44.031 55.375 62.093 81.218 137.593 140.406 185.281 194.875 292.437 346.687 358.250 360.468 375.968 393.000 489.062 625.250 752.468 766.937 771.062 834.625 894.718 968.375 972.062 1006.125 1292.531 1321.625 1693.156 1713.906 1725.968 1762.593 1848.187 1985.343 2222.000 2237.625 2240.156 2304.843 2324.437 2328.718 2365.843 2392.656 2396.125 2401.562 2448.937 2467.000 2491.250 2750.656 2788.187 2815.656 2833.968 3305.000 3802.750 3836.593 3849.781 3866.656 
62.031 73.281 80.875 93.218 182.687 210.500 307.781 336.250 361.281 429.781 504.562 618.656 656.187 749.375 765.968 770.468 829.187 923.781 1007.250 1030.000 1052.562 1101.031 1105.937 1130.187 1300.718 1374.156 1624.843 1762.093 1764.718 1766.968 1846.125 1916.656 1940.687 2216.625 2219.281 2249.093 2251.781 2361.593 2488.187 2673.125 2779.750 2788.500 3275.343 3394.812 3665.750 3753.187 3970.843 
39.468 43.218 61.718 67.968 100.125 105.750 151.218 187.250 297.468 301.156 332.062 341.812 360.437 438.718 513.375 663.125 692.156 815.000 854.656 859.250 888.812 905.125 918.093 1017.843 1038.062 1094.250 1098.437 1121.656 1296.281 1308.250 1327.468 1329.718 1349.937 1363.781 1555.312 1726.562 1739.218 1778.812 2121.937 2150.593 2209.781 2296.468 2322.156 2341.562 2526.687 2731.750 2734.250 2744.156 3108.500 3148.187 3480.125 3489.187 3685.593 3736.781 3898.156 
49.218 55.750 95.031 239.593 317.968 339.531 348.562 430.500 688.687 747.468 869.500 1081.625 1114.125 1247.906 1298.968 1301.062 1316.750 1323.500 1327.000 1443.843 1481.250 1660.781 1672.406 1725.187 1742.531 1746.437 1780.906 1824.562 1855.656 1951.218 2098.031 2159.843 2223.000 2238.718 2245.000 2268.906 2277.562 2314.593 2316.468 2773.093 2867.343 2889.843 3242.937 3558.906 3560.343 3822.593 
30.968 59.156 82.281 361.093 413.281 738.625 930.625 972.062 980.406 1301.125 1342.406 2164.187 2199.750 2358.000 2561.781 2663.687 2974.250 3249.031 3591.437 3601.656 
225.437 480.625 724.656 779.281 788.031 891.437 1138.937 1311.062 1327.593 1341.875 1343.437 1354.687 1386.468 1471.093 1480.531 1704.125 1730.125 1754.875 1804.843 2229.562 2231.156 2280.562 2288.593 2598.750 
830.968 840.406 1048.937 1129.656 1275.375 1745.937 2440.406 3533.406 
81.156 209.562 228.406 813.437 1328.781 1415.906 1416.093 1491.437 3230.000 3258.031 
986.156 1653.687 2731.343 3793.656 
86.093 1150.500 1389.718 1508.687 2592.593 2839.531 3141.343 
