19.781 39.125 45.343 54.906 67.562 191.062 319.500 371.375 448.468 464.562 731.125 748.187 834.218 836.156 1047.562 1071.062 1094.000 1124.156 1130.812 1165.437 1175.062 1178.625 1198.000 1238.312 1274.468 1377.968 1475.281 1491.968 1496.687 1610.593 1740.687 1973.562 1987.937 2003.562 2090.968 2266.468 2420.281 2623.343 2661.562 2688.218 2774.250 2778.718 2785.031 2815.312 2818.843 2824.218 2831.343 2838.125 2842.062 2861.500 2915.281 2925.343 2938.031 3011.906 3047.687 3101.437 3116.718 3290.750 3295.593 3332.562 3966.531 
31.125 51.093 175.343 375.468 412.937 538.500 605.312 734.875 1093.406 1137.812 1196.625 1241.593 1341.875 1346.593 1496.343 1505.468 1514.031 1590.531 1817.093 1988.125 2052.843 2530.843 2551.718 2588.875 2610.781 2714.312 2722.250 2734.687 2778.781 2814.750 2856.281 3040.250 3623.250 3631.843 3677.437 3741.718 
36.562 62.437 71.625 138.281 275.781 580.343 700.437 721.312 732.875 749.906 760.625 816.687 831.406 840.187 845.562 857.187 957.406 1027.750 1039.125 1096.500 1122.531 1126.781 1136.375 1175.875 1317.562 1360.093 1371.531 1372.187 1491.000 1504.000 1570.718 2000.343 2022.906 2042.468 2050.156 2103.937 2745.437 2821.906 2988.343 3240.343 3369.000 3844.812 3863.062 3991.937 
40.156 178.625 652.218 726.875 753.125 844.156 923.593 994.687 1088.031 1117.750 1164.843 1182.562 1226.468 1490.875 1882.812 1887.375 2030.906 2035.125 2045.750 2388.156 2391.250 2757.187 2904.843 3825.218 
45.531 112.968 295.031 1061.031 1088.187 1189.375 1369.656 1581.968 1628.718 1987.343 2246.093 2283.156 2386.968 2400.500 2534.187 2635.593 2660.625 3021.687 3075.500 3142.531 3806.125 3851.187 3894.625 3902.906 
303.781 2037.312 2148.000 2298.375 2379.218 2426.781 2965.062 3046.437 3319.500 3360.906 3443.343 3881.687 3980.375 
1091.843 1169.093 1336.312 1952.375 2724.031 2796.937 3082.812 3400.406 
189.687 1999.406 2359.593 2688.031 2845.062 3131.562 3296.750 3529.937 
1187.062 3795.875 3846.500 3867.281 
1126.781 1144.312 1192.156 1730.750 1971.281 2049.656 2099.625 2615.343 3357.625 3532.500 3621.062 
