200.656 205.468 222.250 364.375 475.125 483.093 589.250 592.687 773.093 887.406 896.906 899.656 1094.750 1109.687 1218.781 1290.875 1315.343 1387.250 1525.781 1527.812 1538.843 1699.968 1706.750 1745.906 3495.781 3763.937 3887.687 
81.437 110.281 119.750 225.062 366.156 479.531 549.343 593.187 619.156 709.031 773.625 784.593 793.250 897.875 1113.968 1384.000 1600.468 1688.375 1856.718 1960.968 1968.062 
127.031 223.593 226.281 464.812 778.500 1015.093 1092.843 1116.750 1120.593 1318.093 1383.125 1529.968 1637.406 1763.218 1964.625 1982.687 2155.593 3309.000 
96.625 125.687 221.562 363.906 364.531 590.843 595.218 776.937 888.000 902.031 1008.812 1637.375 1854.062 1963.031 3476.562 
155.093 215.218 224.812 228.562 356.937 586.093 1385.406 1527.562 1603.656 
222.593 226.187 458.843 476.406 773.093 1224.968 1386.187 1393.875 1427.593 1538.031 1963.125 3092.937 
364.875 484.687 545.656 713.468 789.343 898.750 1098.250 1287.406 1701.156 1703.750 1961.812 2830.031 
122.937 156.718 226.437 365.187 1010.937 1015.437 1382.125 1523.593 1527.625 1604.031 1669.125 1852.812 1853.656 1967.218 
116.468 118.500 204.718 223.625 549.875 593.062 786.468 1096.062 1531.000 1533.906 1746.750 1851.062 1854.781 1961.718 
115.406 157.000 208.468 483.343 489.000 595.437 895.937 1132.187 1292.968 1668.281 1700.218 1982.781 
