57.687 84.593 145.312 158.625 183.687 213.062 215.281 273.937 279.375 283.281 370.937 406.375 661.250 821.312 833.062 834.531 933.750 939.375 1051.062 1084.125 1087.937 1164.218 1173.250 1177.843 1182.750 1418.031 1505.156 1581.812 1599.656 1787.906 1794.125 1906.375 2011.125 2012.031 2468.250 2699.718 2741.687 
401.500 540.875 568.531 571.656 655.281 671.656 789.937 828.562 833.156 1087.812 1090.937 1176.406 1184.500 1275.031 1424.875 1507.468 1595.437 1726.312 2012.968 3456.156 
30.531 55.000 164.750 293.250 300.343 402.093 556.812 568.781 666.406 826.812 834.062 935.781 947.281 1090.406 1093.750 1096.187 1174.093 1175.343 1419.500 1421.687 1507.187 1516.843 1790.406 1916.437 1957.218 2004.406 2012.906 
52.937 144.281 183.968 272.968 289.781 371.281 400.281 547.875 569.000 672.968 824.562 825.062 921.718 1095.250 1154.906 1176.812 1181.281 1297.531 1431.750 1515.562 1590.343 1597.218 1786.031 1909.968 3494.968 
34.718 164.093 312.468 399.750 414.718 567.593 573.000 667.125 822.562 826.250 946.750 1176.250 1295.781 1423.437 1507.625 1594.656 1598.687 1785.843 1907.156 1993.781 2020.531 3552.625 3659.531 
52.125 140.437 280.593 363.500 410.843 562.937 567.500 651.031 669.031 673.468 810.781 826.156 932.968 951.125 1071.156 1094.687 1157.937 1178.218 1182.718 1317.750 1425.750 1508.250 1595.750 1786.531 1911.656 1929.000 1996.375 2496.062 2697.062 3806.593 3810.843 3935.562 
57.468 160.625 273.437 282.281 294.312 408.343 528.718 570.218 578.093 672.968 758.500 827.656 913.218 943.906 1055.375 1091.250 1144.093 1166.156 1176.406 1298.062 1423.187 1424.812 1508.406 1589.906 1788.062 1910.562 2016.375 3767.562 
51.656 179.125 261.156 284.406 287.531 398.312 406.593 545.187 652.406 665.906 825.593 935.406 990.187 1093.125 1175.031 1420.781 1593.031 1599.093 1794.156 1913.843 1988.125 2015.531 3832.906 
53.500 57.312 297.468 571.281 756.968 828.250 1084.781 1092.406 1184.093 1369.625 1445.531 1509.656 1599.875 1606.937 1650.812 1774.968 1791.750 1794.250 1872.156 1909.937 1935.625 1987.093 2017.968 2033.000 
50.875 99.625 301.687 435.156 548.062 569.343 571.656 667.156 826.812 831.531 936.843 941.500 1053.593 1090.156 1176.875 1291.156 1420.218 1505.781 1509.093 1596.312 1600.656 1786.843 1792.625 1843.375 1906.343 2008.718 2012.500 2151.781 
