23.250 55.937 193.593 197.125 309.125 322.687 369.500 379.937 383.593 386.562 454.781 465.343 571.312 776.531 849.531 914.562 1192.656 1282.375 1507.812 1662.937 1751.281 1823.187 1974.875 2932.187 
58.812 321.562 325.343 371.125 576.281 592.937 676.062 681.968 774.625 1031.250 1300.468 1462.468 1511.687 1665.437 1761.250 1773.031 1778.843 3234.968 
118.500 193.468 231.750 316.968 376.500 381.500 393.343 474.093 678.625 781.562 785.562 822.437 850.656 1447.031 1507.312 1571.031 1990.187 
57.468 199.562 325.562 465.343 470.812 674.625 682.406 778.843 845.656 1034.468 1451.218 1454.531 1772.250 1899.343 1974.125 3248.312 3954.281 
47.593 181.625 200.593 338.000 373.625 387.562 468.218 683.375 730.156 1456.187 1766.906 1780.593 1790.937 1981.625 2501.187 
56.968 327.125 370.843 374.750 470.750 571.843 679.156 909.687 1003.968 1292.937 1510.093 1972.406 3221.187 
21.968 112.468 200.468 229.343 461.875 466.656 674.312 779.500 848.437 1122.406 1451.031 1512.500 1547.906 1568.750 
59.156 195.968 201.875 329.125 779.343 845.250 1032.000 1047.781 1193.062 1450.687 1665.312 1974.312 
24.593 120.968 202.250 779.000 816.562 1126.218 1297.687 1303.656 1458.250 1666.093 1779.062 1876.218 
176.187 471.250 569.031 689.187 1572.468 1644.562 1761.593 1976.281 2595.687 
