21.156 23.250 244.375 247.437 373.718 696.468 1328.312 1378.750 
20.937 38.812 787.812 1071.062 1138.750 1289.468 1328.406 1497.406 1744.781 
22.031 106.906 244.156 1290.437 1326.156 1638.812 
19.187 243.531 621.468 1068.531 1291.687 1328.531 1625.593 1740.562 1742.312 1745.687 1850.406 
181.843 243.562 247.218 272.187 1069.750 1741.343 
1068.343 1168.531 1327.093 1631.250 
16.187 420.250 624.437 693.500 1326.468 1624.656 1835.531 
15.312 1169.468 
1975.781 
108.312 243.468 336.531 730.750 1168.718 1290.281 1395.906 1579.656 1793.250 
