524.812 749.875 1516.937 1540.812 1811.937 1914.812 2234.125 2396.000 2923.875 3357.906 3427.343 3869.312 3921.593 
513.906 611.156 801.843 1222.093 1325.343 1331.437 1451.562 1458.687 1461.531 1494.343 1502.187 1582.937 2240.343 2636.187 3407.031 3468.156 
432.968 588.468 1126.625 1902.906 2246.062 2644.875 2645.125 2787.843 2825.906 2934.625 2985.000 3379.031 3403.062 3429.187 3711.093 3801.437 3878.937 
1186.968 1467.156 1523.812 2495.312 2572.843 2640.875 2734.781 2859.218 2935.062 
176.906 1186.750 1316.562 1316.750 1354.843 1443.375 1504.812 1528.625 1551.093 2451.843 2648.218 2821.156 
569.281 1461.125 1471.406 1753.843 2197.437 2422.843 2547.000 2706.031 2785.593 2939.031 
580.093 1060.625 1728.437 1790.125 3789.531 
2362.375 2429.406 2723.187 3167.656 
521.500 1304.093 1378.343 1456.406 1469.812 1536.968 2151.843 2166.500 2247.687 2346.468 2395.718 2421.593 2930.312 
661.312 813.750 1459.281 1515.281 1542.187 1579.250 2655.531 2915.468 3148.687 3155.156 3185.062 
