46.031 86.562 94.187 100.875 105.187 147.468 187.875 192.781 200.656 258.500 307.968 320.656 439.937 470.687 528.718 552.343 733.906 852.906 874.906 901.906 1052.312 1076.062 1095.937 1205.031 1378.625 1645.937 1734.562 1809.906 2003.187 2005.562 2071.125 2106.000 2134.375 2241.750 2267.937 2279.187 2311.031 2361.156 2366.281 2510.218 2650.062 2809.781 2826.468 2881.000 2895.500 3013.125 3484.656 
42.437 75.531 84.906 142.093 186.375 199.406 286.000 313.968 337.562 592.156 646.437 658.125 850.125 1009.750 1043.562 1284.343 1308.031 1442.156 1508.312 1647.656 1732.406 1824.937 1910.375 2075.781 2325.031 2337.625 2686.093 2723.468 2729.031 3029.906 3047.187 3537.062 3569.031 3954.031 
2.531 70.906 219.187 230.781 263.968 303.156 325.781 447.062 634.500 637.531 1049.906 1078.031 1288.312 1372.156 1376.218 1637.375 1668.250 1831.812 1899.968 2025.406 2129.593 2235.593 2268.250 2272.250 2713.718 2859.031 2900.218 2959.437 2989.812 3299.812 3429.000 
195.437 284.281 292.906 326.843 530.062 767.562 851.687 992.937 1530.031 2052.312 2084.906 2123.500 2393.687 2407.156 3151.031 3610.437 3667.750 3730.468 3892.937 3914.312 
129.812 302.062 418.968 635.968 819.093 833.281 1670.531 2312.062 2341.812 2441.000 2443.906 2465.468 2804.843 2813.218 2915.718 3202.406 3458.156 3473.562 3478.125 3817.500 
84.312 133.593 140.562 1267.875 1299.906 1442.468 1679.125 1887.875 2322.375 2533.000 2932.843 
607.312 789.281 818.312 839.312 1115.218 1213.312 2381.437 2447.250 2568.343 2847.156 3272.312 3696.187 
149.500 694.125 770.281 1262.687 2965.593 2969.031 3707.906 3729.250 3736.000 3841.093 
276.843 1097.781 1220.750 3294.187 3536.468 
285.968 622.375 1498.531 1760.906 1978.750 2043.312 2465.500 2540.625 3377.031 3904.625 3920.500 
