18.062 42.906 170.250 230.656 344.718 552.812 1102.843 1158.250 1160.656 1256.906 1713.531 3750.093 3765.531 3779.906 
73.437 75.937 237.375 310.593 499.093 790.812 894.343 1643.562 
467.937 599.093 1171.875 1225.437 1474.750 3144.968 3264.125 
72.437 78.656 80.093 91.093 224.250 229.781 642.843 788.031 1110.843 1147.031 1148.343 1150.781 1161.031 1224.718 1307.843 1471.468 1560.687 1587.906 1726.875 3454.125 3468.437 
53.656 176.218 198.531 233.562 237.218 305.187 314.687 377.656 558.718 579.250 883.156 887.843 920.750 963.750 1256.906 1267.125 1460.250 1564.093 1750.187 1783.000 1791.531 
75.562 77.000 80.218 80.437 92.343 219.625 235.093 305.937 309.218 310.562 314.093 323.562 499.312 558.000 639.843 647.156 786.968 896.843 1119.156 1166.187 1178.187 1244.718 1271.281 1473.781 1478.718 1563.437 1575.281 1588.750 1667.781 1722.125 1887.406 1912.250 1940.031 1990.000 
59.750 71.406 72.187 187.937 236.906 311.500 330.375 349.343 396.500 574.500 592.843 641.156 808.750 901.437 925.031 955.062 973.937 987.812 1160.656 1257.281 1281.500 1536.062 1581.093 1584.875 1638.531 1701.625 1779.062 3790.531 3812.093 3825.375 
68.531 77.000 90.781 245.000 302.156 303.125 306.062 389.718 649.656 790.750 1113.843 1120.093 1130.000 1193.281 1472.781 1526.468 1558.531 1582.531 1601.156 2932.125 3667.968 3739.125 
46.562 55.062 66.125 69.218 75.625 105.250 231.812 284.187 309.656 328.875 391.250 395.812 500.843 506.625 557.937 601.937 634.718 641.218 780.218 787.281 1092.031 1118.500 1119.593 1132.531 1212.937 1478.781 1575.843 1603.968 1655.937 3165.562 3201.125 3356.468 
63.875 69.000 71.187 74.750 76.781 81.218 183.906 232.937 504.812 548.406 662.843 882.375 890.093 1238.218 1251.156 1449.656 1689.375 2108.437 
