-1607.938 -1578.282 -546.157 -97.344 -75.688 -75.125 126.781 242.062 275.156 1352.906 1660.843 3445.343 3459.812 3490.500 3799.062 
-830.375 -806.938 -755.594 -646.375 -142.094 94.218 690.906 713.312 839.875 913.781 952.750 2939.281 2955.531 3064.031 3693.750 3745.156 
-1483.938 -992.188 233.937 678.781 1733.468 3863.562 
-1895.594 -1166.313 -1138.532 -1074.938 -884.125 -808.750 -30.250 -26.813 -9.563 349.750 701.281 743.968 942.000 1558.750 3015.781 
-1631.188 -1589.594 -1112.657 -716.688 -652.500 194.843 383.187 954.906 1664.718 2919.250 3388.625 
-1692.875 -612.719 -427.219 -377.907 -352.125 74.968 242.093 273.187 681.062 1686.218 1924.031 
-1532.657 -1121.875 -164.125 257.718 946.312 1678.218 2489.062 2610.875 2653.437 2859.250 
-311.313 -282.594 269.156 1247.062 1321.593 3580.468 3993.750 
-1566.907 -1525.469 -411.563 -265.907 98.906 240.093 873.718 975.156 2987.531 3482.625 
9.375 108.062 294.062 331.812 3153.156 3235.187 
