-1037.782 -597.407 -558.157 -555.063 -529.813 142.656 380.968 438.625 519.812 538.156 826.312 1482.875 1489.187 1552.406 1603.031 1641.000 2812.000 3319.187 
-465.250 251.343 287.875 415.437 445.937 524.156 702.312 736.281 862.375 1525.218 1530.781 1549.375 1556.625 1797.156 2955.250 2991.312 3916.343 3939.968 3964.437 3979.156 
-1528.032 -1521.313 -902.938 -881.532 119.593 153.937 283.625 397.437 448.968 652.750 671.156 1550.875 2808.656 2876.281 3663.281 3847.093 3973.312 3995.687 
-1650.188 -604.344 -537.094 -196.907 -154.469 125.531 265.375 318.593 340.406 356.656 419.500 1830.875 3555.156 
-1815.563 -1235.438 -746.407 -680.250 -674.750 153.375 328.656 452.156 632.312 725.468 1210.500 1502.375 1532.062 2860.250 
-1866.500 -1861.688 -1012.719 -21.063 109.781 298.500 362.781 366.656 384.687 465.031 566.500 984.625 1563.656 1991.156 3786.500 3853.656 
-1297.907 -55.532 522.937 530.406 1429.375 1511.218 1564.968 1831.062 3524.625 
-1639.657 -1516.125 -626.594 -416.657 110.187 386.250 795.031 1562.937 2911.343 
-928.907 542.031 668.437 1518.687 1584.718 2276.687 3850.312 
-1596.750 -1532.875 -589.969 -540.000 87.875 104.937 228.875 535.812 598.031 766.625 821.781 963.562 972.343 1258.968 2113.968 
