-1205.813 -1088.063 -905.625 -718.750 -658.813 -604.219 -559.532 651.437 1375.468 1694.218 1718.343 2676.781 
-333.657 -290.625 -155.688 -137.907 117.687 283.156 461.093 512.593 734.687 875.000 972.718 2114.593 2358.750 
-1447.219 -1274.594 -1163.500 -944.938 -903.188 -856.844 -83.719 101.437 112.125 387.250 564.781 1337.687 1706.843 1807.187 1907.843 2093.625 
-982.125 -580.469 -167.094 -126.407 -106.438 302.312 517.031 623.312 1290.687 1313.687 1327.250 1704.937 2126.593 2472.187 
-1066.875 -1027.407 165.187 267.406 377.781 625.187 1364.687 1700.125 1939.718 2041.937 2356.312 
-1364.500 -816.875 -788.094 -777.875 125.375 1211.218 1228.062 1337.437 3446.500 3539.281 
-1211.813 -1123.594 128.312 505.343 652.593 2095.781 3629.375 
-1772.907 -885.094 -835.875 1165.187 1346.125 2052.187 2116.281 2163.281 2181.250 2256.906 2355.593 2379.218 3016.437 
-1984.063 -742.469 -175.907 13.968 858.437 2241.906 2260.312 2846.718 
-1719.282 -1531.407 -1498.313 -1486.563 -1191.594 -390.063 
