-1920.657 -1268.625 -359.719 -307.469 -281.032 -186.344 82.750 283.718 310.781 423.406 596.156 774.781 865.343 885.781 1019.406 1035.031 3028.625 3084.656 3133.531 
-1790.563 -1775.375 -1407.938 -560.157 -514.969 -457.125 -360.594 -271.782 136.187 206.437 402.156 556.062 888.343 1545.125 1570.343 1621.000 2815.406 2849.343 2880.906 2952.656 3232.500 3933.281 3976.750 
-1872.469 -839.750 -246.813 98.781 651.437 764.218 885.062 1194.312 1485.375 1620.781 2527.000 2608.875 
-1216.688 -904.188 -23.219 117.593 292.250 343.593 1223.531 3907.562 
-1395.282 -889.719 51.125 184.375 336.781 369.625 740.906 812.812 910.343 976.875 1085.062 1222.062 2340.031 2358.125 2963.375 3091.062 3174.718 3278.093 3743.093 3802.375 
-1642.219 -1586.219 -1041.157 -998.750 -732.500 -446.875 100.750 217.062 538.656 1296.062 1311.031 
-1129.907 -606.719 -479.250 333.718 347.718 409.593 429.718 695.375 1288.875 1319.656 1667.562 2068.750 2104.375 2263.250 3109.343 3760.812 
-1700.657 -1650.032 -275.063 -235.938 -10.938 44.625 124.375 629.781 866.875 1336.187 1362.843 3414.687 3718.968 3732.281 
-1964.032 -1946.657 -1901.344 -1786.032 -1782.594 -1746.407 -816.563 383.281 656.687 1328.875 2064.687 2095.531 2193.968 2797.781 
-1910.938 -1862.094 -232.719 -198.438 -163.219 107.562 418.187 536.375 606.406 623.812 807.656 
