37.750 46.906 72.093 107.593 156.500 207.187 455.781 660.125 695.875 704.000 1006.562 1214.500 1384.031 3557.687 3572.031 3612.218 3629.625 3780.000 3916.593 
38.156 42.000 127.187 141.343 208.968 219.218 328.093 603.468 641.218 645.968 831.687 977.656 1461.562 2740.375 3361.375 3727.875 
38.718 85.375 101.062 111.437 155.000 272.468 390.375 591.531 659.718 669.281 
712.250 975.312 1433.625 
38.375 172.906 496.593 3509.593 
157.062 742.406 
37.343 167.562 288.843 
38.343 
36.906 389.375 716.375 1197.406 1495.187 2829.343 3190.687 3231.875 
37.062 661.250 1054.500 
