21.812 110.281 449.500 811.687 1138.437 1915.562 2870.468 
21.781 106.062 432.500 463.906 873.250 1420.500 3813.531 
22.656 65.031 431.250 874.500 1124.031 1151.187 1457.656 
23.000 106.406 119.906 431.656 473.343 867.812 1482.062 1729.718 1876.281 3762.437 
21.812 35.093 250.156 448.468 813.656 1133.031 1438.500 1671.250 
22.718 61.687 494.281 829.218 865.156 1468.218 1716.468 3329.093 
22.781 122.000 255.156 446.625 465.968 805.343 892.187 1444.656 1729.687 
23.218 66.812 126.687 449.062 807.593 871.093 1396.437 1449.375 1671.125 1726.468 

21.000 109.656 459.187 808.187 1016.593 1282.968 1445.218 1601.187 1611.281 1624.218 1666.750 3975.093 
