27.750 29.000 35.968 49.156 58.750 64.937 73.031 120.531 128.656 139.437 160.843 196.562 208.656 217.562 224.312 255.125 268.031 270.843 272.812 276.312 295.031 297.593 314.250 349.343 374.093 392.406 418.937 428.250 463.625 588.843 639.906 643.968 659.781 663.812 673.718 704.718 820.125 871.562 906.906 912.625 947.000 972.000 992.406 1059.937 1076.343 1079.125 1122.125 1217.031 1279.750 1292.500 1296.218 1423.812 1429.843 1435.093 1437.812 1447.500 1488.937 1493.031 1500.687 1536.781 1585.187 1600.281 1640.468 1645.937 1756.031 1759.468 1793.281 1795.250 1799.625 1802.187 1815.031 1837.500 1905.375 1918.281 1969.250 2000.750 2004.781 3207.468 3370.750 3927.812 3930.875 3959.437 3991.687 
19.968 27.843 32.093 40.687 58.687 72.937 93.906 98.031 102.593 126.781 127.625 192.531 199.406 202.000 204.968 223.937 225.000 227.812 230.187 315.875 369.750 374.062 452.812 543.843 550.187 603.593 662.031 673.593 696.968 779.937 785.375 817.656 819.375 824.062 835.531 876.437 941.250 947.687 951.906 963.218 991.531 1004.062 1008.375 1066.218 1121.906 1170.250 1179.718 1186.375 1232.000 1281.250 1287.531 1335.531 1429.562 1436.343 1458.750 1498.562 1530.343 1532.687 1593.562 1646.406 1660.062 1730.031 1735.500 1767.593 1920.125 1967.875 1974.000 2005.093 2392.093 2397.000 2657.031 3057.312 3393.500 3474.000 
22.093 28.750 32.125 35.968 53.718 90.812 95.250 97.250 139.250 143.031 147.656 187.562 192.281 194.062 205.343 215.093 223.000 269.968 275.781 277.562 288.625 294.687 302.218 317.125 385.875 391.625 402.906 435.093 441.406 462.187 544.500 606.125 664.437 666.750 672.906 697.218 698.093 702.062 705.750 789.656 809.937 904.218 928.156 956.312 972.906 1003.750 1008.656 1024.562 1052.218 1139.375 1153.187 1196.812 1214.531 1246.875 1251.281 1310.593 1442.906 1499.218 1499.875 1541.843 1549.468 1641.531 1645.000 1717.156 1733.968 1740.968 1822.968 1900.906 1906.937 1918.750 1964.687 1974.843 1998.906 2152.625 2173.562 2343.125 2518.500 3447.000 3718.468 3915.062 
22.093 30.625 32.687 41.281 63.718 73.093 94.031 100.031 128.375 139.625 187.281 189.000 190.468 193.750 215.031 235.156 258.718 263.531 267.000 298.000 302.250 368.468 395.937 402.937 406.125 418.937 538.093 544.187 611.156 615.781 636.812 675.281 722.250 727.406 731.593 790.343 822.250 830.000 905.750 946.187 951.062 960.906 998.625 1126.906 1153.500 1192.781 1199.281 1226.593 1243.125 1248.718 1331.687 1335.937 1338.718 1443.468 1499.250 1542.093 1580.125 1640.593 1643.593 1646.875 1665.031 1669.250 1672.218 1738.593 1747.718 1777.593 1816.281 1889.781 1912.500 1968.031 2265.218 3128.718 3468.812 
30.781 40.968 48.093 72.218 78.031 79.125 130.093 148.562 188.218 226.687 229.125 235.812 258.781 292.625 294.875 298.750 301.187 353.562 358.687 390.937 437.250 444.500 458.687 533.968 544.187 565.625 606.968 635.812 663.000 664.218 819.781 823.531 864.375 872.437 948.031 1014.875 1109.812 1130.625 1204.375 1251.906 1297.312 1337.468 1501.968 1523.812 1593.875 1729.218 1735.250 1746.656 1762.625 1818.031 1872.781 2702.000 3603.062 
40.031 47.562 51.968 56.468 87.656 92.406 95.468 100.687 119.343 121.031 127.250 191.343 192.187 220.281 230.812 275.593 323.812 346.937 431.406 435.968 439.781 442.000 467.718 539.250 544.343 562.687 570.593 598.250 609.875 654.000 665.687 696.562 699.500 702.781 709.250 713.406 823.781 834.343 897.781 939.812 987.812 1001.812 1093.812 1100.968 1107.437 1128.437 1140.406 1181.062 1218.187 1236.468 1296.406 1328.125 1500.312 1538.000 1545.531 1550.187 1556.312 1559.218 1649.562 1667.718 1709.093 1724.562 1734.312 1780.156 1788.562 1890.500 2285.968 3534.968 3543.218 3556.312 3587.812 3907.343 
11.750 20.093 21.062 21.875 27.781 42.875 92.125 98.062 99.625 120.843 142.125 145.843 200.156 206.781 216.500 235.500 269.406 274.468 286.062 293.906 299.843 332.250 369.093 373.531 432.968 436.625 451.500 548.250 603.875 611.781 618.062 641.406 651.625 675.062 699.687 704.250 799.000 819.812 872.437 876.593 955.218 994.437 998.968 1001.437 1010.093 1054.562 1094.968 1121.312 1220.437 1303.750 1427.906 1435.750 1442.812 1491.718 1497.687 1500.562 1558.125 1591.218 1645.781 1742.531 1746.000 1776.593 1824.156 1836.937 1876.375 1916.687 2227.906 2274.187 
18.156 20.093 42.000 47.375 87.656 148.687 193.281 210.062 259.906 263.906 275.250 277.000 281.406 293.437 364.156 404.281 429.906 437.531 451.250 501.218 545.250 563.031 672.781 676.093 699.281 780.093 826.250 919.343 990.406 1003.062 1015.187 1044.156 1092.687 1103.687 1105.406 1110.875 1160.968 1208.125 1217.156 1281.000 1290.625 1303.062 1443.375 1520.968 1524.093 1580.906 1769.718 1805.781 1890.687 1900.062 1976.093 2227.531 
22.656 36.906 46.468 50.031 72.312 75.406 90.125 97.156 101.343 109.187 123.593 126.468 147.656 191.000 193.406 217.187 222.250 229.093 268.406 289.656 295.937 297.562 359.906 378.125 423.468 431.906 458.187 463.250 543.875 564.687 599.906 611.375 647.750 650.593 659.593 694.500 797.031 825.000 828.500 989.781 997.812 1005.375 1131.343 1144.750 1184.687 1207.656 1217.031 1241.656 1296.031 1430.125 1439.812 1522.343 1552.031 1589.343 1641.031 1656.593 1728.031 1733.781 1738.281 1767.500 1811.500 1823.218 1890.656 1903.906 1913.218 1956.375 1963.843 2436.875 3097.093 3100.843 
38.375 41.375 49.750 74.281 97.312 98.812 120.093 134.187 188.406 192.656 270.250 274.937 281.375 302.968 305.718 342.500 398.687 460.687 465.500 589.218 621.781 715.500 742.781 781.312 790.875 820.031 892.750 942.656 947.437 1002.437 1005.843 1013.625 1139.906 1213.000 1214.875 1291.968 1433.562 1605.718 1640.375 1645.437 1672.843 1812.718 1827.656 1959.000 1964.437 3944.593 3948.250 
