50.750 61.687 76.718 96.781 134.281 202.062 205.843 267.468 282.406 283.812 294.250 305.718 321.000 414.281 422.125 554.281 562.750 586.625 603.218 622.375 656.468 674.531 676.750 717.750 722.250 749.812 771.218 865.218 924.625 939.031 970.843 1020.437 1086.500 1089.187 1102.406 1103.875 1144.812 1261.125 1279.125 1512.281 1686.687 1736.000 1739.406 1743.750 1904.312 1911.750 1964.250 1984.750 
23.093 25.437 105.687 115.312 119.781 144.937 180.875 192.468 280.562 356.937 392.125 442.687 449.000 452.812 470.625 530.937 654.343 681.250 715.687 716.562 726.437 728.750 730.812 850.875 887.031 902.218 912.468 921.625 946.656 960.812 1056.250 1058.750 1173.687 1183.718 1209.906 1320.000 1346.656 1480.812 1520.093 1597.125 1613.312 1622.500 1664.437 1706.812 1726.625 1729.031 1731.062 1817.656 1870.781 1901.187 1936.781 1939.968 2061.343 3058.187 3135.375 3702.937 
20.375 28.875 42.437 51.656 63.687 76.812 98.218 105.562 131.312 144.187 146.781 173.843 189.218 203.562 275.593 298.062 306.593 346.187 380.375 385.031 443.062 484.156 486.656 534.875 614.875 651.937 829.375 874.875 919.312 928.656 963.906 973.656 1098.937 1163.500 1193.375 1208.875 1322.406 1387.312 1425.625 1671.062 1684.312 1805.218 1926.875 1971.781 1993.468 2238.500 2241.593 2657.875 2662.250 3225.500 3355.906 
70.031 78.781 97.562 129.125 152.468 182.968 201.000 212.937 218.906 268.218 298.875 389.562 423.593 464.375 500.218 544.187 720.281 728.843 808.437 871.531 878.656 909.812 937.187 958.187 980.531 1039.656 1102.375 1135.312 1200.718 1353.062 1403.812 1424.812 1479.187 1612.843 1664.843 1746.312 1895.437 1901.218 1985.656 3511.250 
22.218 32.437 44.750 66.218 67.968 70.093 81.250 98.968 130.718 201.937 219.343 285.812 343.656 374.375 421.875 433.468 443.468 508.531 537.468 725.562 731.250 772.156 833.156 869.750 1015.750 1027.281 1277.625 1344.000 1422.968 1445.156 1581.937 1607.875 1619.625 1631.031 1664.531 1704.875 1754.750 1762.906 1805.843 1900.906 1994.437 3110.656 
22.500 40.968 52.031 68.156 93.281 136.312 195.406 215.312 298.437 508.656 645.031 655.593 782.218 875.343 898.750 928.781 938.562 964.968 991.250 1074.312 1166.156 1174.437 1193.906 1324.875 1346.187 1389.093 1457.093 1490.281 1528.500 1640.031 3236.468 3925.687 3995.000 
31.781 44.687 59.750 108.062 148.156 272.062 272.500 290.343 328.156 433.281 442.843 450.375 548.656 652.312 716.843 733.656 773.062 794.312 882.718 906.343 997.906 1060.093 1430.312 1608.218 1630.687 1684.062 1701.625 1730.562 1752.375 1952.625 1982.156 3404.718 3759.750 
20.593 20.968 22.656 25.906 28.093 29.031 44.218 59.937 74.281 96.093 144.906 191.093 205.843 284.875 414.843 593.531 756.281 805.937 810.843 817.593 875.218 882.250 1095.125 1171.906 1203.250 1319.218 1412.468 1501.312 1607.343 1614.437 1658.500 1664.125 1683.750 1704.281 1739.406 1871.937 2128.593 2704.281 3437.218 3786.125 3994.031 
61.250 96.312 206.843 216.875 275.968 297.906 316.156 481.531 502.031 528.187 620.906 654.156 808.281 823.531 825.093 979.187 1088.593 1100.906 1362.687 1632.031 1792.156 1995.937 
28.343 42.625 90.750 140.093 154.468 356.250 436.812 467.250 648.375 679.718 723.937 772.718 873.500 879.531 929.656 959.375 991.468 1003.218 1045.156 1084.562 1163.468 1184.593 1194.843 1196.531 1272.156 1424.093 1432.031 1687.312 1699.937 1738.218 1763.187 1777.500 1939.125 1972.000 
