21.125 29.781 72.312 75.062 85.718 100.937 116.468 168.750 193.468 204.593 209.562 240.906 243.343 246.156 293.687 294.593 326.687 375.250 384.593 393.500 400.093 438.156 441.625 449.593 464.031 468.250 482.375 489.281 511.781 520.875 532.625 544.843 563.968 572.250 630.781 695.156 730.937 742.937 750.843 841.906 858.468 973.593 976.937 1071.125 1122.812 1129.968 1177.031 1224.062 1246.406 1248.625 1251.093 1272.687 1354.656 1369.125 1388.812 1393.875 1445.843 1450.156 1452.906 1462.781 1492.968 1496.750 1519.937 1583.093 1586.656 1658.500 1671.593 1685.906 1707.718 1710.375 1760.593 1813.687 1814.843 1835.750 1924.218 1944.593 2534.593 2537.500 3356.875 3474.812 3563.062 3566.031 3593.031 
20.812 22.750 83.062 95.625 102.312 196.625 207.156 246.000 251.375 288.906 295.375 299.312 305.687 330.968 332.906 336.968 339.687 347.343 364.156 373.625 385.093 399.343 403.625 413.437 419.093 424.312 437.812 447.812 453.593 458.406 473.906 483.875 497.187 510.375 518.125 546.625 557.281 570.093 573.343 575.281 627.687 663.875 687.843 727.531 738.906 742.125 874.062 891.000 911.281 967.125 999.343 1006.343 1062.062 1070.312 1113.187 1119.593 1176.656 1181.718 1188.625 1220.031 1222.125 1249.500 1276.968 1290.781 1293.250 1367.812 1399.562 1503.562 1506.500 1557.468 1571.437 1578.406 1588.062 1604.781 1651.906 1660.468 1676.031 1677.875 1679.718 1696.625 1797.781 1837.312 1843.906 1845.812 1882.375 1910.156 1931.187 1939.437 1959.218 2090.375 3757.375 
34.906 67.218 69.000 72.406 75.750 117.718 123.562 192.406 196.562 215.062 244.781 289.687 295.750 346.031 363.437 375.125 398.750 402.625 406.343 417.656 420.187 450.250 488.468 526.343 544.187 573.531 634.687 640.750 664.437 670.437 702.843 742.500 750.718 753.093 785.343 873.312 899.062 1004.906 1012.687 1066.843 1139.406 1178.593 1188.250 1198.781 1243.281 1248.375 1260.218 1294.156 1298.437 1361.437 1405.000 1450.625 1462.125 1492.437 1499.500 1532.437 1540.187 1584.000 1589.187 1594.218 1652.031 1684.750 1764.531 1814.875 1844.375 1890.250 1912.968 1947.625 3941.031 3947.468 
24.500 68.218 69.187 72.406 93.437 112.125 114.375 117.281 124.281 127.062 197.812 249.312 251.875 293.812 301.125 308.656 333.656 354.812 362.718 368.625 374.218 391.750 423.562 438.437 451.843 470.187 543.906 571.312 576.312 668.250 672.343 685.031 689.593 696.250 738.812 750.656 753.437 768.156 877.156 891.500 940.218 959.875 967.531 986.468 997.812 1021.093 1076.843 1107.562 1109.500 1164.437 1172.656 1280.218 1451.343 1488.531 1503.437 1548.406 1551.937 1643.343 1695.000 1742.218 1846.625 1866.375 1880.437 1913.125 3412.187 3945.656 
24.531 75.000 76.031 87.656 94.187 96.281 98.875 102.875 111.218 148.937 241.906 296.031 364.718 388.875 410.000 413.937 474.906 482.062 496.781 513.656 534.156 631.906 636.437 666.156 668.625 670.406 692.093 757.000 824.000 977.562 1007.281 1178.406 1210.125 1226.718 1252.062 1270.375 1277.343 1502.812 1517.312 1563.281 1586.718 1760.062 1762.656 1838.937 1936.968 1954.531 1957.343 2109.062 2832.093 2880.593 3586.656 3593.843 3595.000 3907.625 3910.937 
17.375 20.343 25.656 81.281 104.906 113.250 196.937 213.062 216.437 267.093 289.718 296.093 324.562 329.062 374.062 381.562 407.812 418.343 423.375 426.625 438.468 449.156 488.593 515.187 539.375 559.718 586.437 662.437 664.656 687.000 691.781 876.937 881.656 890.812 979.375 996.250 1004.343 1006.656 1075.125 1109.062 1170.781 1310.156 1375.156 1388.406 1487.468 1504.125 1583.718 1587.781 1609.875 1643.718 1682.343 1779.500 1801.187 1842.562 1858.062 1919.031 2630.031 3595.812 
15.031 20.656 67.562 73.343 93.625 109.406 123.562 195.468 216.062 247.187 312.750 322.125 331.062 338.500 374.562 387.031 398.656 401.906 416.031 418.718 423.468 434.093 494.031 501.875 535.781 549.968 556.937 563.375 575.312 628.437 646.562 665.250 692.281 699.781 702.781 708.656 738.500 842.468 873.593 883.781 893.187 973.156 976.968 997.281 1081.000 1137.062 1145.718 1196.687 1198.093 1259.750 1353.468 1366.343 1374.375 1478.656 1497.937 1518.968 1532.531 1550.343 1557.875 1585.718 1644.156 1650.687 1654.750 1669.031 1680.656 1691.437 1747.781 1843.031 1846.375 1890.343 1957.718 2236.125 2241.156 2243.656 2245.218 2941.906 
22.937 24.625 29.218 32.031 68.375 92.250 113.000 125.218 195.156 199.656 209.093 238.718 243.531 247.468 254.031 289.187 300.156 325.625 369.093 427.062 474.843 489.000 511.687 536.906 645.375 680.625 694.156 720.593 753.062 780.187 875.843 895.468 919.656 929.906 935.687 977.968 988.125 1013.968 1114.406 1133.562 1144.906 1163.531 1172.843 1197.656 1226.437 1248.156 1277.187 1301.187 1446.562 1478.718 1487.750 1502.187 1518.343 1601.625 1646.468 1667.375 1677.093 1713.156 1800.218 1843.812 1993.312 3734.031 
15.937 66.656 68.500 74.312 81.437 113.750 124.156 147.468 204.437 211.687 248.000 287.218 289.156 318.781 332.562 336.843 363.625 365.906 374.187 402.468 431.281 436.750 449.312 452.218 482.343 570.343 691.093 787.875 829.093 847.375 884.531 910.718 984.062 985.750 994.062 1004.031 1057.656 1066.468 1071.843 1103.843 1174.656 1205.031 1215.031 1288.125 1308.093 1376.031 1452.062 1465.375 1511.375 1538.093 1552.156 1585.718 1696.375 1700.656 1891.687 1893.875 1937.156 2864.625 3216.187 3800.093 3804.000 
14.875 21.437 21.937 23.500 32.437 76.437 124.781 204.500 248.812 250.406 254.437 285.781 371.687 373.500 394.187 402.281 475.062 551.750 563.218 566.031 572.281 630.500 703.312 722.718 764.968 1012.687 1016.656 1058.500 1114.812 1122.437 1177.656 1194.656 1271.281 1362.500 1480.906 1491.531 1514.125 1554.718 1651.656 1671.593 1680.687 1798.187 1802.218 1814.625 1840.312 1842.500 1935.562 3521.625 
