65.000 176.437 194.625 198.156 209.093 223.781 296.656 298.375 318.312 322.093 419.625 424.593 450.625 456.687 470.218 510.437 556.500 635.687 749.937 776.562 825.281 885.593 949.531 973.656 993.406 1051.500 1095.156 1165.093 1174.187 1199.000 1206.750 1209.781 1236.343 1293.187 1294.125 1326.156 1341.843 1345.437 1414.156 1418.812 1445.093 1583.625 1639.656 1641.625 1824.000 1934.687 
27.687 36.656 56.093 62.562 66.562 198.875 297.125 301.125 320.125 347.000 510.468 512.250 553.406 582.093 664.156 745.875 778.156 803.093 862.968 892.687 949.375 953.031 1054.000 1204.593 1211.406 1232.062 1416.031 3958.093 3959.125 
33.093 64.156 79.562 175.875 179.656 196.781 200.656 204.625 300.750 316.562 319.593 323.343 356.031 516.906 521.625 558.625 632.937 660.187 663.000 746.593 800.031 810.093 838.031 867.406 950.000 1053.375 1057.187 1094.906 1210.593 1232.312 1288.593 1291.625 1322.062 1345.687 1609.125 1700.468 2781.437 2819.562 2895.093 2898.062 
28.312 41.468 57.500 62.218 175.843 191.812 204.593 300.156 315.906 319.187 323.625 327.875 450.593 510.843 548.500 621.437 636.250 661.218 746.500 866.218 899.843 951.375 968.812 973.031 1052.187 1078.968 1094.531 1175.000 1204.656 1210.593 1317.218 1351.968 1404.843 2623.531 2722.093 2727.187 2829.500 2926.531 3230.968 
53.218 60.843 135.343 192.093 203.406 231.468 323.562 326.250 451.531 510.812 513.937 520.625 548.125 555.968 638.468 777.781 863.500 949.968 970.062 997.625 1051.468 1082.531 1178.531 1195.718 1202.531 1293.562 2266.437 
29.562 56.718 201.500 227.843 321.812 510.156 513.343 518.625 635.156 637.656 657.843 950.156 952.375 969.562 1093.031 1233.750 1261.562 1344.656 1349.031 1654.812 
92.781 301.968 554.812 635.968 661.187 746.500 801.312 952.437 975.687 1055.437 1175.187 1204.562 1231.500 1318.000 1347.906 
55.281 57.781 179.218 192.500 199.281 325.593 519.687 557.593 662.375 777.406 868.156 873.812 952.000 969.031 1176.656 
29.937 62.812 179.281 198.937 201.718 306.750 321.031 432.781 510.281 519.218 549.250 637.031 798.312 950.062 1105.437 1170.687 1173.250 1176.781 1177.281 1205.343 1210.843 1322.312 1359.906 
29.718 37.906 62.250 74.000 194.156 316.562 324.812 419.187 453.906 632.593 662.937 802.093 812.062 899.718 979.093 1053.250 1213.843 
