272.937 292.468 455.468 588.968 958.937 1060.281 1605.500 1953.218 
392.468 748.375 934.937 1055.062 1284.562 1321.500 1540.875 1602.562 1832.281 1837.625 2009.968 
274.843 289.531 525.531 606.656 715.812 898.000 1260.468 1328.906 1403.875 1482.000 1832.218 1836.437 2091.531 2352.718 2502.812 2885.656 3519.531 
145.031 294.968 503.437 744.750 751.656 1051.875 1239.062 1263.218 1268.468 1280.312 1322.468 1406.781 1830.406 1837.250 2012.593 2513.187 
57.437 452.250 654.968 659.406 752.125 1053.062 1054.531 1311.968 1326.437 2623.937 2630.937 
29.906 62.250 71.250 290.937 454.718 583.156 607.906 712.375 715.968 812.562 960.406 1087.812 1238.218 1324.625 1334.156 1388.531 1481.093 1604.656 1637.750 1705.375 1765.875 1781.531 1832.375 1841.906 1904.781 1960.875 2031.156 2038.218 2041.218 
273.468 303.562 332.968 657.062 660.156 714.406 736.468 782.593 960.250 1083.875 1235.093 1245.125 1265.812 1478.031 1833.312 1931.187 2165.437 3547.500 
169.812 273.906 395.468 616.062 1474.500 1525.125 1605.781 1785.968 1832.625 2757.156 3769.468 
50.562 149.312 183.000 337.687 342.031 393.718 724.218 1284.968 2291.468 3524.468 3985.906 
179.437 343.656 658.375 749.093 779.625 1054.250 1782.343 3354.562 3612.156 3924.750 
