-408.157 37.937 55.750 125.562 166.875 617.468 1132.218 1306.062 1436.750 1495.312 1496.125 1530.562 1541.812 1542.218 2704.968 
335.187 414.312 434.812 435.312 1054.093 1389.687 1428.437 1567.437 1642.531 3845.875 
438.468 535.375 608.500 609.906 704.906 1020.750 1336.656 1429.531 1494.500 2223.218 2274.718 2982.375 
39.562 172.718 335.437 434.781 1024.281 1336.656 1395.531 1601.062 
-1553.282 -252.375 336.125 342.531 1015.437 1029.781 1039.187 1233.625 1428.281 1495.906 1607.687 3174.062 
-546.344 33.843 39.531 90.750 159.000 329.781 440.125 582.375 639.781 643.406 704.093 1025.875 1232.406 1236.062 1495.875 1496.250 3712.343 
-1528.719 -1272.313 -933.157 38.156 41.906 156.468 250.968 332.812 541.062 621.750 707.250 851.125 1114.437 1115.937 1202.593 1308.625 1435.281 1608.750 
-402.500 45.875 155.000 155.531 327.843 339.500 435.437 539.843 631.562 1457.718 1540.562 2203.093 2434.500 
-720.719 40.218 435.593 440.875 706.875 1089.312 1233.000 1236.562 1429.718 1443.906 1495.375 2439.031 3258.375 3834.531 
-1720.625 -451.688 157.062 345.312 427.125 538.250 1315.812 1385.937 2581.500 2587.500 2590.000 3687.031 3714.812 3734.250 3849.125 
