-1605.375 -1040.063 -100.032 116.687 193.718 198.593 201.593 445.656 1067.593 1069.093 1545.625 1677.687 1690.250 1722.687 1725.687 1729.750 1798.500 1869.906 2067.187 2148.187 3948.281 
-1654.657 -1649.094 -1303.875 -1129.125 116.937 155.843 197.500 285.187 667.750 1068.312 1072.687 1152.875 1155.375 1189.125 1314.718 1321.187 1688.750 1770.031 1793.187 1864.687 1865.843 1872.812 1918.281 
-1378.813 -412.250 -231.782 59.875 534.156 537.843 571.718 611.468 907.343 975.000 1190.500 1498.500 1577.906 1600.937 2066.312 3688.875 
-585.813 -115.875 14.875 123.656 198.000 201.843 582.093 908.593 920.656 1070.687 1072.406 1192.500 1314.843 1342.343 1343.000 1343.656 1461.031 1499.812 1526.593 1530.843 1927.625 2044.125 2047.593 2075.250 2721.781 3355.625 
-1775.500 -1336.500 -727.719 122.875 592.343 908.812 916.312 1117.875 1196.968 1499.156 1531.156 1620.312 1794.031 1800.062 1917.656 2071.343 2090.843 
-1807.313 -1599.750 -877.282 -821.094 -812.407 60.218 117.687 124.062 200.687 291.281 369.468 978.312 1320.875 1668.437 1680.968 2054.437 2679.375 3665.593 
-1347.219 33.406 34.250 119.000 198.187 220.812 334.812 414.562 474.968 935.937 1266.218 1349.406 1499.875 1798.468 1799.687 1921.093 2068.562 2069.093 2816.281 2850.625 3463.593 
-1689.157 -120.813 118.625 122.906 123.968 197.437 519.906 565.781 570.000 699.312 941.843 980.750 1319.750 1341.968 1870.375 1908.031 1921.281 2044.750 
117.218 198.250 338.437 539.531 908.968 912.750 1037.031 1144.343 1190.437 1191.812 1197.312 1316.187 1797.187 1799.062 1857.937 1920.312 3029.812 
33.812 204.937 296.593 340.781 469.937 537.062 539.718 1075.875 1529.281 1586.000 1796.406 1917.843 1920.406 2121.312 
