17.281 36.375 37.468 349.250 464.843 498.781 506.562 531.031 753.968 852.218 932.093 1108.500 1270.875 1352.843 1487.468 1655.468 1664.281 1668.781 1707.156 1710.187 1888.375 1936.937 
39.187 114.062 242.500 331.218 532.437 581.593 627.593 685.312 1152.062 1238.656 1247.062 1816.875 1984.375 
37.906 38.656 113.437 118.437 331.968 505.406 583.531 587.031 606.843 901.625 929.718 1423.843 1596.062 1597.343 1829.468 1831.312 
11.437 36.875 72.656 76.562 77.843 96.843 290.625 329.250 330.312 331.218 350.531 381.843 399.718 437.468 466.906 753.812 853.218 868.343 962.468 1023.281 1068.531 1237.718 1261.968 1280.750 1532.062 1534.812 1544.531 1710.312 1832.906 
16.468 38.375 436.812 496.031 554.531 753.218 1239.625 1392.875 1666.781 1736.250 1830.750 
15.031 36.187 69.468 111.906 262.031 330.281 331.437 467.125 531.031 624.875 753.000 1026.218 1215.312 1237.343 1274.875 1396.718 1598.562 1733.781 1884.187 
37.687 38.500 38.875 263.218 348.656 352.500 418.750 504.843 532.843 607.156 700.437 901.875 960.218 966.406 989.250 1024.750 1108.593 1128.875 1668.093 1742.156 1953.000 
37.656 98.656 113.437 119.687 351.281 531.750 552.062 931.625 1397.031 1532.593 1654.718 1739.156 1885.812 1904.312 1969.625 1983.437 
36.937 44.593 76.093 113.750 115.062 331.593 385.625 399.593 439.906 532.312 589.875 701.156 825.375 961.281 1110.562 1237.343 1418.843 1420.937 1667.250 1735.500 1872.250 1883.000 1885.562 1934.468 
54.093 330.437 381.250 439.031 466.562 534.625 552.593 554.250 624.125 788.687 960.062 989.375 1107.562 1176.906 1235.937 1421.125 1736.125 1739.250 1830.968 1874.843 1881.593 1901.187 1983.968 
