10.625 74.343 93.468 304.312 356.406 413.062 610.843 641.718 700.250 712.531 770.468 774.250 816.406 866.968 1005.312 1018.500 1147.625 1168.968 1231.250 1383.187 1497.406 1507.718 1636.156 1782.125 1870.625 1907.562 1909.531 
10.718 12.343 15.875 252.687 306.375 404.093 443.218 513.562 571.718 656.500 676.062 715.468 771.187 775.781 878.531 964.062 1005.656 1021.625 1191.781 1359.406 1383.250 1444.156 1465.000 1507.218 1549.187 1568.375 1599.843 1646.812 1801.437 1906.968 1937.593 
11.375 11.750 36.781 91.968 274.906 494.218 541.406 713.343 918.531 951.843 1022.656 1189.718 1259.718 1358.906 1465.375 1466.156 1568.156 1597.062 1600.250 1696.218 1800.031 1803.468 1851.687 1871.187 1907.343 1977.687 
106.562 172.218 275.343 444.718 446.281 493.875 537.937 541.156 642.281 675.906 712.937 772.718 824.343 913.937 914.468 1019.781 1022.875 1147.250 1151.781 1166.375 1167.250 1188.968 1260.031 1280.500 1465.625 1600.906 1603.531 1673.031 1800.750 1801.812 
11.187 72.031 90.656 132.093 172.687 386.375 412.000 414.500 492.406 493.875 569.500 612.343 923.406 1020.156 1167.531 1290.843 1395.156 1742.062 1801.875 1871.062 
10.906 46.562 66.468 278.468 494.031 655.562 771.375 914.843 1058.281 1260.687 1321.562 1356.968 1358.562 1359.968 1383.156 1465.750 1499.125 1568.687 1598.781 1672.656 1800.937 1940.531 
29.968 64.843 441.093 455.750 464.156 466.906 537.437 569.000 640.437 641.062 675.625 676.281 713.218 864.781 922.281 1147.625 1170.500 1361.468 1458.468 1567.875 1603.437 1635.031 1848.343 1870.125 1906.937 
10.812 11.031 44.812 90.875 106.437 277.937 450.875 467.375 639.187 715.656 768.812 821.687 824.937 915.781 1018.312 1018.812 1133.562 1327.093 1356.625 1428.468 1466.281 1503.968 1800.687 1851.375 1908.343 
63.968 92.250 134.937 136.625 170.406 638.875 645.312 964.125 1169.656 1359.937 1464.812 1906.562 
9.843 11.406 35.937 64.156 172.000 386.750 491.750 540.812 570.500 677.812 849.875 853.281 916.687 1168.562 1328.625 1359.468 1596.406 1600.656 1603.937 1682.312 1698.375 1906.406 
