117.906 122.218 517.062 1601.906 2707.750 2710.093 2712.625 2716.125 3266.656 3268.718 3270.906 
49.218 69.687 496.250 1543.562 2879.375 3200.531 
17.562 63.468 154.562 192.687 782.406 941.375 1466.187 1492.375 1528.812 1723.968 2338.343 2912.875 3562.593 3591.750 
17.218 63.218 156.593 492.187 813.687 1974.906 3150.593 
16.312 17.656 21.031 30.718 1164.562 1514.812 1854.906 1989.437 
16.375 17.437 24.031 152.250 328.906 496.031 520.343 787.406 1039.218 1431.031 1522.218 1663.593 1722.781 1791.218 
17.156 20.406 46.593 130.968 151.937 457.218 480.687 1017.343 1149.125 1156.750 1165.343 1314.593 1511.062 1523.031 1730.781 1772.562 1774.593 
16.000 16.625 20.437 32.031 59.375 156.218 171.937 338.500 468.812 509.093 1020.125 1144.593 1148.937 1154.312 1314.031 1513.406 1520.687 1522.718 1975.937 3022.312 
16.031 20.437 132.593 155.375 163.500 306.906 328.062 800.593 1044.781 1083.062 1154.687 1215.625 1428.718 1756.718 3091.937 3096.125 3542.281 
17.031 20.531 44.843 67.312 326.656 332.656 337.562 339.843 361.593 771.062 1154.093 1430.218 1507.593 1534.437 1725.250 1762.250 1849.156 3312.093 
