26.562 42.937 235.031 537.187 1083.843 1998.031 2000.312 2002.437 2896.843 2899.281 2908.437 2914.437 3743.906 3747.687 
22.781 190.656 350.281 540.468 831.906 3086.531 3105.687 
20.406 38.968 259.687 289.406 383.437 538.968 1657.187 2296.500 3041.281 3918.468 3924.281 
21.812 33.968 37.812 1332.312 1469.187 1472.062 1880.312 
19.718 523.718 536.218 787.656 
19.562 234.312 322.093 351.125 354.906 541.750 581.500 1408.031 1423.437 1660.250 2706.937 3278.750 
20.000 26.562 88.187 130.656 192.656 234.906 325.093 791.312 837.937 1041.843 1247.937 1448.468 1464.343 1874.843 3054.937 
20.093 22.562 22.906 212.437 232.125 324.343 371.093 525.718 787.437 838.625 1000.875 1026.937 1427.500 1444.562 1626.125 1656.562 
18.906 96.218 232.843 235.843 341.343 483.937 833.718 1000.312 1317.000 1426.875 1597.031 1658.812 1660.781 1682.343 1725.093 3476.843 
19.656 25.625 89.093 209.500 230.906 233.625 324.187 328.937 469.812 494.468 565.468 801.531 835.562 1000.218 1062.562 1257.437 1442.156 1655.875 1688.125 1705.062 1875.468 1878.562 3291.156 3613.218 
