110.875 113.343 137.468 142.531 146.000 472.343 646.593 2810.156 2812.562 2816.437 2860.281 2873.468 2876.937 
98.625 435.156 659.937 1260.562 1872.875 2565.906 
27.906 365.218 1760.562 2403.187 2486.656 3232.562 3456.343 3458.468 
27.437 1108.500 1110.125 1705.750 1738.375 
22.843 354.750 1742.593 1867.000 
22.812 37.156 84.843 130.906 348.718 357.281 1196.343 1264.250 1309.500 1391.812 1875.187 2526.625 3797.343 
21.625 26.656 44.343 72.875 132.531 154.093 347.718 354.343 1307.062 1310.718 1382.875 1583.062 1697.093 
22.156 23.281 44.281 45.750 52.906 92.343 344.375 355.000 362.906 471.562 502.750 641.250 751.000 1193.312 1312.000 1568.281 1701.031 1850.562 1873.156 
21.468 22.625 25.625 61.312 131.437 140.781 343.187 349.812 354.875 362.718 635.500 1083.343 1574.875 1578.937 1694.250 1872.781 
22.250 44.750 347.500 355.468 467.593 667.781 1088.843 1183.843 1867.656 
