-1452.125 -1445.813 -852.532 -466.938 -460.688 -140.375 65.531 285.843 514.500 540.500 589.656 684.625 1034.562 1195.375 1639.312 2074.843 2467.281 2561.562 2570.656 2770.468 
-1555.032 -994.719 -343.344 -248.063 -95.594 -72.282 45.468 48.093 53.906 92.500 261.625 430.062 505.281 507.500 530.250 531.093 532.687 645.812 646.437 863.218 971.093 974.250 1014.500 1019.000 1078.531 1105.343 1210.281 1218.375 1548.281 1880.937 2251.843 2258.437 3111.187 3747.812 
-1472.313 -911.157 -704.125 -550.188 -521.907 -325.407 -85.000 85.562 183.218 210.750 300.406 509.781 836.937 843.031 970.531 987.437 990.375 1079.406 1199.812 1363.031 2185.750 3356.000 3745.250 
-1774.532 -1762.688 -940.157 43.312 47.343 74.906 168.937 289.531 399.218 505.937 510.593 512.281 709.843 827.375 829.562 975.218 1211.562 1346.437 1347.625 1877.062 3004.531 3647.812 3988.500 
-1851.313 -1841.500 -1773.657 -1294.219 47.718 50.718 51.312 52.375 53.812 114.281 302.750 390.687 406.375 505.812 525.093 528.687 534.812 658.781 881.468 1051.718 1081.062 1096.312 1102.375 1198.812 1216.562 1768.343 1776.656 1828.875 2767.187 2862.250 2874.156 3643.531 3648.593 
-1340.157 -1202.250 -1100.094 -1068.563 -644.500 -494.250 -23.688 17.031 51.000 184.750 193.562 666.593 826.468 1123.750 1213.156 1764.343 1795.437 1990.281 3829.687 
-1264.844 -837.813 -286.500 -76.188 45.625 82.968 301.718 442.000 652.375 667.218 834.125 968.468 990.250 1196.125 1347.812 1629.750 1918.250 3258.812 3597.875 
-1580.000 -1296.188 -1020.375 -642.844 53.625 64.812 92.906 104.781 193.406 208.656 215.843 286.781 421.656 612.875 839.593 970.718 1092.687 1214.406 1316.031 1764.375 1899.312 1915.625 1947.656 3702.000 3876.281 
-892.500 -832.938 -631.157 54.875 174.125 291.281 298.375 303.593 438.687 595.718 656.406 656.687 830.781 831.281 973.343 1078.375 1111.625 1988.781 2395.875 2401.843 3220.781 
-1633.938 -1629.407 -1392.563 52.687 63.187 293.531 390.812 414.968 517.812 645.718 832.062 938.000 1223.531 1348.343 1391.218 1774.281 1804.343 1860.250 2603.218 
