-1030.188 34.656 41.250 156.906 392.062 482.906 578.781 669.843 738.500 851.625 855.187 959.812 1483.093 1491.125 1866.062 2175.687 3326.375 3364.250 
-931.375 -427.938 -363.657 -1.469 -0.782 37.406 42.656 151.500 153.312 332.656 405.781 670.375 694.312 883.250 1320.562 1382.468 1392.718 1517.500 1650.468 1862.000 1893.562 2070.625 2074.031 2193.406 2221.593 3073.687 3207.000 
-57.282 -37.032 26.031 28.968 210.937 943.468 943.937 1059.031 1192.812 1486.500 1547.125 1702.625 1764.687 1867.031 1972.812 2076.187 2164.781 2201.406 2745.625 2747.437 2753.281 
-1971.657 -1464.688 -1184.875 -1074.000 -1002.032 -634.000 38.250 161.625 212.312 220.562 249.406 368.031 473.781 675.218 735.000 840.562 845.906 954.593 1006.968 1218.718 1323.406 1385.375 1483.375 1737.468 1865.875 2066.125 2073.937 2087.531 3155.531 3207.125 3209.218 3457.312 3911.781 
-1762.813 -1726.657 -1111.469 -794.282 44.218 77.343 313.375 360.593 371.625 375.406 506.718 576.281 694.812 834.812 843.500 855.812 966.937 1217.375 1321.812 1386.531 1393.187 1481.375 1486.406 1506.968 1508.468 1542.593 1670.218 1866.468 1867.468 2084.312 2172.406 2513.406 3341.343 
-1696.500 -1627.375 -1625.469 -1620.938 -1129.938 -334.282 -205.625 -4.375 117.468 313.062 476.843 670.937 960.031 1057.000 1178.062 1185.781 1380.750 1383.593 1478.593 1484.437 1545.218 1649.468 1678.812 1698.937 1838.437 1862.218 1865.531 1907.906 2077.781 2193.468 
-1882.907 -449.407 38.562 81.687 86.468 214.187 376.406 409.281 690.781 843.937 846.187 953.812 959.843 983.562 1011.906 1175.500 1189.156 1479.875 1490.281 1501.312 1870.875 2070.968 2084.437 
-573.938 190.812 268.156 368.406 674.875 718.093 842.531 843.312 1299.375 1392.156 1475.656 1497.312 1545.156 1650.593 1747.406 2085.250 3749.593 3796.500 
-1718.282 -1570.125 -1213.250 -1099.188 40.781 158.156 172.281 203.781 366.000 403.625 589.937 666.812 758.562 962.937 1017.156 1178.500 1391.968 1393.468 1649.062 1651.562 1706.281 1873.218 2018.937 2068.687 2076.750 2183.937 3247.250 3300.406 3364.937 3372.593 
-1445.407 -906.969 -516.938 -349.750 -227.219 -223.844 -11.125 -5.063 38.406 41.531 162.343 195.500 365.656 367.812 401.593 806.250 857.093 960.062 1008.687 1050.781 1061.625 1213.437 1348.031 1381.656 1390.781 1645.156 1695.906 1696.687 1865.562 1891.031 2172.843 2745.218 3681.531 3872.125 3978.687 3980.500 
