-1706.032 -1538.657 43.937 163.218 190.718 347.156 841.812 964.625 1141.968 1249.937 1312.000 1384.187 1386.343 1389.531 1765.156 1874.875 1952.000 3421.250 3441.781 3468.281 3482.343 3597.968 3662.812 3668.500 3702.812 3837.281 
-1453.594 -1449.375 -1117.657 -1026.000 -531.875 -476.438 -276.313 -153.563 -152.750 168.625 175.531 184.968 251.125 447.906 501.781 917.125 961.156 1045.250 1238.687 1300.156 1425.156 1482.312 1557.625 1763.968 1765.937 3065.687 3104.218 3170.062 3736.437 
-1902.875 -1718.313 -139.000 -134.938 54.218 85.625 155.312 158.500 174.406 248.125 249.281 250.406 386.437 444.656 449.625 498.625 529.187 617.156 846.656 882.156 968.093 988.937 1033.718 1232.125 1234.187 1305.937 1344.375 1382.218 1481.625 1484.906 1818.312 1819.406 2615.500 3458.218 
-1948.438 -1948.094 -1759.782 -1507.282 -872.188 38.281 38.937 109.468 138.343 171.125 239.375 446.937 598.656 600.156 601.281 1038.062 1054.156 1085.500 1244.031 1285.468 1306.562 1311.906 1387.656 1388.250 1393.968 1840.000 1878.625 2785.031 3312.156 3314.406 3392.062 
-1839.250 -1724.344 -1379.188 -1377.375 -828.532 -370.782 -367.094 72.937 150.375 172.625 183.531 239.625 262.718 336.000 361.906 446.531 458.468 467.656 533.781 536.656 597.531 706.718 781.625 891.250 1230.687 1257.625 1311.750 1538.187 1541.406 1636.062 1843.500 1855.218 2975.375 3173.375 3474.906 
-1194.000 -1193.219 -1002.969 -776.657 -675.375 -663.688 -658.625 -119.750 -101.907 -49.219 38.843 153.968 158.281 251.187 252.031 346.531 519.843 595.218 604.062 960.562 1034.562 1042.437 1242.625 1381.812 1385.375 1414.750 1759.156 1762.343 1850.500 1911.781 1914.218 3063.000 3068.625 3071.000 
-1906.469 -1904.844 -1731.469 -1461.907 -1459.188 -1402.719 -833.407 -234.907 -118.344 9.562 13.125 145.593 243.875 255.312 450.937 597.406 643.812 770.781 958.031 958.656 1037.375 1246.031 1251.718 1287.968 1312.187 1391.531 1482.812 1487.125 1495.593 1764.125 1835.687 1909.812 2365.812 3788.156 3967.531 
-1409.500 76.843 78.656 149.750 349.531 362.687 454.031 605.500 611.781 788.343 964.843 969.468 1386.500 1499.156 1499.812 1529.937 1766.656 1833.812 1845.343 2401.625 2409.187 2410.375 2451.625 2523.250 3241.687 3415.437 3551.718 3553.031 3635.843 3660.781 3745.312 3751.218 3844.468 
-1930.469 -1558.375 -1236.938 -1201.563 -1034.407 -710.438 80.343 192.500 272.031 533.781 606.906 690.875 755.875 834.593 911.937 961.812 1040.218 1237.906 1303.562 1310.781 1386.250 1639.531 1679.500 1758.375 1772.843 2007.656 2257.937 3389.968 3755.093 3760.156 
-1730.938 -1416.375 58.312 82.062 149.812 258.093 355.812 363.218 448.187 617.031 767.281 834.906 1237.218 1317.375 1590.281 1625.312 1639.687 1677.468 1735.531 1761.218 1763.781 1912.500 2441.218 3212.625 3474.437 
