7.062 76.937 80.687 90.031 107.531 121.375 191.250 194.843 198.562 252.781 255.437 283.625 295.812 314.125 328.437 433.562 452.906 487.125 494.968 635.843 650.375 656.125 659.562 662.718 670.468 731.968 736.468 753.156 755.187 807.687 832.156 843.906 996.406 1027.500 1120.781 1173.812 1176.531 1211.625 1327.062 1390.718 1393.031 1412.000 1483.000 1485.187 1518.093 1521.312 1619.843 1624.781 1653.156 1660.281 1671.906 1689.062 1827.531 1880.250 2150.968 3408.312 3583.375 
19.093 74.781 90.187 109.156 127.593 177.968 238.281 323.656 328.625 438.843 454.312 664.750 754.750 760.812 798.812 988.812 995.625 1212.812 1276.125 1383.437 1411.000 1504.250 1517.093 1621.343 1691.593 1813.562 1817.593 1888.000 1957.968 1961.781 2001.718 3512.750 
172.593 200.000 252.250 286.406 433.500 453.625 469.187 483.375 486.625 493.593 608.468 656.812 755.406 760.562 838.312 851.937 989.625 1110.625 1144.375 1407.281 1486.031 1521.781 1632.625 1676.906 1885.406 1959.687 1987.125 2004.562 2338.468 2344.812 3100.656 
33.156 81.843 191.843 283.406 297.156 308.406 329.000 354.437 434.281 469.062 471.000 486.593 495.125 503.156 581.187 645.031 732.812 755.218 762.468 773.093 797.593 988.750 1028.625 1115.187 1121.625 1136.312 1157.625 1176.000 1211.500 1272.156 1392.031 1405.687 1408.781 1410.406 1510.000 1620.312 1624.343 1654.343 1692.468 1814.531 1821.093 1886.031 1960.500 1964.312 1984.000 3118.937 3470.218 
25.375 89.656 179.375 185.500 193.531 199.093 283.562 295.500 308.187 312.562 319.531 434.406 439.843 469.406 488.156 495.312 508.687 733.093 755.062 763.531 1026.843 1082.375 1110.343 1125.843 1175.843 1393.093 1412.062 1517.843 1535.718 1568.062 1599.125 1619.968 1621.531 1676.937 1688.656 1835.937 1960.031 1995.312 2497.187 
19.062 35.187 81.156 89.781 130.343 177.437 192.062 207.437 270.625 308.375 329.656 332.093 336.750 434.281 455.343 469.593 493.906 680.218 732.562 754.562 765.125 780.062 806.875 833.125 870.093 987.375 1028.125 1043.906 1048.531 1109.093 1124.843 1292.531 1295.500 1321.875 1382.468 1386.562 1410.593 1419.781 1519.468 1524.718 1533.125 1619.437 1621.281 1688.781 1820.531 1889.656 1961.593 1990.562 2235.187 2289.781 2333.937 2449.625 2529.750 2539.281 2837.406 2883.187 3043.906 3047.406 
19.218 81.000 117.375 120.218 158.437 173.343 175.625 190.531 195.343 214.500 242.406 283.437 294.562 301.312 322.781 434.218 457.656 469.625 484.718 498.687 587.343 657.218 738.156 764.375 798.343 804.750 807.968 833.593 869.500 952.187 999.031 1000.968 1003.000 1005.000 1021.093 1029.218 1043.187 1111.093 1195.187 1211.562 1362.781 1384.125 1520.687 1523.125 1588.343 1627.000 1674.125 1688.781 1727.125 1884.906 1958.718 1989.718 2002.750 2059.750 2062.093 2065.562 2167.843 2210.187 2239.031 2721.750 2728.343 2732.343 3235.593 3278.000 3285.531 3458.218 3515.937 3621.406 3667.000 
33.343 73.000 100.593 139.156 175.500 181.687 232.375 261.500 284.062 293.843 309.343 355.968 433.281 439.343 442.250 448.593 453.343 459.218 469.468 494.500 510.312 668.656 697.218 733.562 754.718 794.625 834.031 890.343 987.812 1002.593 1028.968 1032.343 1096.843 1107.281 1176.062 1207.281 1216.906 1286.000 1317.406 1392.781 1415.812 1472.625 1476.375 1525.187 1594.531 1653.406 1799.937 1815.125 1887.375 1960.312 1965.156 2486.312 2489.562 2815.000 2830.687 3638.968 3762.093 
19.593 75.093 80.687 90.875 125.187 155.812 231.281 256.000 285.062 309.437 311.812 452.500 456.281 460.156 470.437 487.250 609.531 643.781 696.625 763.281 807.781 990.843 999.375 1122.187 1320.281 1536.593 1620.468 1655.343 1689.468 1723.062 1825.812 1959.937 2877.031 
19.250 72.906 78.843 99.750 192.968 283.250 442.843 469.187 494.531 662.875 867.875 1095.875 1103.750 1399.906 1625.906 2218.000 
