150.156 526.187 583.718 944.156 1368.218 3023.031 
12.437 25.906 510.687 581.781 752.156 843.187 1034.031 1037.875 1103.625 1584.312 1620.000 1689.906 1917.656 3880.125 
13.156 135.187 442.500 513.406 846.312 867.093 1040.500 1373.937 3464.281 3761.906 
11.812 167.843 505.625 579.625 679.937 738.250 810.875 869.656 1306.406 1620.531 1663.312 
-1767.313 74.656 384.718 796.312 1107.750 1115.437 1307.718 1623.937 1750.250 1823.531 
-1747.500 25.468 61.656 351.781 514.781 790.656 795.875 1149.125 1392.406 1619.593 1621.781 
-353.907 37.906 580.000 779.375 803.625 1106.875 1377.281 3510.593 
166.187 177.500 352.031 909.718 949.187 1149.656 1581.843 
-1669.032 12.906 580.031 591.218 1294.625 1630.593 1836.937 3686.000 
68.656 797.500 1621.312 1669.593 1936.875 
