27.781 149.625 313.062 314.437 325.218 535.312 1490.531 1502.687 
313.000 1121.406 1329.343 1505.187 1540.375 1629.968 
28.062 316.031 704.500 1358.656 1360.968 1491.750 1560.031 1569.843 
66.031 332.687 623.093 1273.843 2022.406 3157.906 
445.937 588.812 1272.343 1316.812 1490.687 1532.281 1605.156 
-1194.313 44.000 48.437 149.593 682.250 1531.218 1599.125 1611.437 
28.218 148.968 161.156 316.937 412.843 536.031 705.187 1111.531 1112.375 1324.000 1489.250 1579.218 2096.625 
21.093 144.312 621.406 1569.656 
-114.813 316.843 623.375 1422.250 
-976.813 28.093 29.968 149.468 152.250 316.718 628.937 1398.468 1588.593 
