30.875 36.781 46.625 49.218 162.468 178.906 180.812 224.625 291.718 296.250 298.625 353.750 439.687 526.687 546.687 548.437 564.968 568.968 569.781 572.906 574.187 624.906 641.062 676.468 682.218 694.281 729.968 776.656 782.843 870.375 874.906 883.125 963.156 972.250 973.031 1010.625 1118.031 1305.093 1306.093 1349.812 1352.468 1427.656 1468.343 1550.187 1556.812 1592.781 1661.968 1689.656 1692.156 1694.500 1721.250 1725.218 1728.625 1747.437 1821.687 1885.906 1893.625 1951.531 1975.593 2929.125 2931.843 2932.625 2938.531 2940.125 2956.437 2958.312 2969.343 2971.156 2975.968 2984.000 3028.687 3041.031 3079.343 3435.656 
45.875 46.500 47.937 61.843 62.281 157.687 160.656 184.593 220.906 419.906 474.531 476.906 481.687 483.031 566.593 572.718 573.875 575.281 576.031 576.718 590.375 623.156 664.875 667.312 670.437 703.375 706.437 723.625 729.625 769.281 774.281 815.343 837.781 856.562 867.406 871.406 881.718 950.343 960.843 961.875 964.656 969.343 1120.781 1148.781 1168.531 1176.375 1214.500 1431.375 1502.656 1504.593 1593.812 1656.250 1688.125 1689.968 1693.250 1694.437 1720.750 1722.937 1772.687 1818.281 1828.718 1895.218 2898.593 2949.843 2955.062 2960.656 2961.343 2980.062 2983.812 2990.375 3041.781 3047.906 3049.125 3072.062 
2.500 36.531 78.812 152.843 154.468 226.562 237.593 395.437 399.406 400.343 474.906 482.906 571.062 572.437 574.218 576.281 623.125 631.281 666.750 692.968 855.687 882.781 931.437 946.531 960.468 961.000 961.750 981.562 997.656 1053.750 1171.812 1284.562 1303.343 1652.000 1660.250 1664.125 1695.312 1723.937 1725.000 1786.406 1867.781 1930.875 3231.781 3234.125 3235.187 3253.937 3256.156 3257.093 3263.593 3311.375 3311.718 3314.406 3316.656 3323.750 3325.687 3372.062 
6.343 7.625 18.250 19.312 30.968 34.156 35.875 37.718 39.062 74.468 80.062 83.187 83.812 85.781 86.812 88.031 88.468 88.531 88.593 224.187 254.468 392.375 468.531 476.218 478.218 481.125 551.406 562.625 567.718 569.781 579.468 589.781 672.156 871.562 877.156 879.250 961.906 970.625 1066.562 1108.125 1129.437 1134.500 1137.968 1143.250 1197.437 1225.406 1287.343 1377.812 1493.031 1496.093 1500.281 1608.406 1689.062 1689.750 1692.062 1693.125 1735.062 1858.718 1863.343 1955.750 1978.531 2235.406 2316.125 2318.500 2356.906 3334.812 3348.531 3351.468 3357.468 3365.500 3428.875 3429.625 3446.125 
29.250 36.562 45.437 64.406 105.718 149.750 183.562 212.500 223.125 237.843 381.437 395.156 406.812 414.250 467.937 471.968 474.218 494.875 497.781 569.812 579.281 580.593 591.531 667.250 700.718 884.718 968.718 970.625 972.406 986.781 1116.125 1124.906 1126.406 1211.656 1368.437 1372.000 1395.562 1428.562 1496.375 1499.843 1504.687 1521.562 1548.750 1561.250 1563.312 1574.156 1605.531 1647.437 1656.250 1662.406 1694.000 1723.593 1733.562 1850.843 1937.781 1988.312 2675.375 2688.593 2693.125 2714.062 2718.125 2735.687 2768.750 2792.500 2832.000 3008.250 3448.812 3814.687 3816.343 3819.250 3820.312 3836.000 3838.437 3842.062 3844.406 3897.812 3898.687 3925.156 3932.218 3978.750 3981.250 3983.125 
61.218 79.812 102.062 119.156 472.750 572.406 573.718 574.656 667.156 701.781 777.093 840.093 875.687 877.718 879.562 928.875 964.968 967.531 975.750 1081.062 1121.062 1122.343 1157.625 1222.687 1248.968 1267.750 1296.218 1317.468 1324.562 1327.562 1327.781 1659.843 1663.437 1772.468 1955.656 2373.687 2379.375 2380.281 2399.843 2412.750 2413.312 2451.093 2451.625 2526.000 2532.687 3509.718 3520.187 3521.718 3591.968 3623.593 
29.656 33.093 34.718 45.937 150.187 150.937 155.656 158.250 180.031 195.312 239.250 391.875 477.750 490.750 554.281 568.843 570.906 578.968 594.406 684.218 795.281 877.062 878.312 883.281 963.093 1122.093 1225.406 1370.312 1371.687 1505.250 1506.250 1507.531 1596.500 1658.843 1727.875 1732.156 1853.093 1864.656 1961.093 3026.312 3031.562 3052.156 3055.781 3098.843 3144.031 
29.593 63.218 102.437 189.312 225.031 354.156 394.781 395.750 473.125 482.343 486.093 569.250 571.312 622.437 663.437 666.375 676.781 678.187 693.343 732.625 775.156 778.125 778.812 872.093 877.281 881.437 935.156 1212.093 1214.593 1368.625 1496.656 1557.250 1558.625 1666.000 1673.843 1691.437 1982.406 1985.562 2711.062 2888.406 2890.812 2906.312 2930.562 2934.500 2942.375 
35.187 43.437 46.031 47.312 83.968 104.125 215.781 223.187 297.875 394.968 399.062 459.718 475.843 477.500 482.593 487.687 565.843 574.781 577.906 623.312 665.250 718.656 777.656 875.843 955.093 1252.562 1304.906 1492.625 1501.343 1517.343 1550.906 1556.187 1602.250 1690.000 1694.312 1973.687 3041.562 3052.187 3061.218 3065.125 
35.750 37.843 45.843 78.437 152.593 225.906 399.500 475.218 623.625 677.562 875.312 1124.312 1125.875 1147.281 1165.562 1268.812 1303.312 1558.062 1651.406 1663.406 1671.156 1691.750 1772.562 1956.093 2749.156 2788.343 2852.062 2876.218 2895.406 3861.437 3892.468 3926.031 
