-625.907 -218.282 -92.219 -18.000 141.656 184.468 241.187 360.593 640.687 724.343 774.875 940.562 952.968 974.156 1014.781 1067.750 1074.656 1124.250 1297.687 1329.375 1562.500 1564.375 1579.312 1640.343 1658.125 1669.031 1691.531 1781.750 1800.593 1807.968 1841.312 2941.000 3333.968 
-1282.469 -676.063 101.468 109.500 228.906 274.937 384.218 394.750 445.406 534.281 610.875 736.468 784.187 841.812 900.750 917.781 935.218 951.031 975.125 1017.937 1054.687 1084.343 1351.281 1417.500 1551.187 1558.218 1568.437 1842.187 2925.343 3084.781 3867.281 3922.718 
-775.625 -213.969 24.375 69.468 160.625 193.718 243.812 319.812 326.812 369.812 402.875 436.375 472.625 553.093 602.937 733.718 753.218 803.718 903.437 919.937 953.000 1019.843 1052.656 1146.781 1203.437 1227.187 1260.625 1470.000 1531.250 1943.906 1969.781 2010.250 2508.093 2674.312 3986.562 
-1829.719 -1796.500 27.437 43.250 86.781 110.843 169.781 219.750 269.875 360.718 393.968 426.843 490.875 627.218 657.500 670.062 943.593 977.406 1052.781 1157.531 1194.062 1331.437 1586.062 1603.250 1620.218 1853.437 1946.312 3686.625 
-1569.563 -1286.313 -1119.657 12.781 106.031 225.093 247.437 255.906 401.156 657.312 780.593 1139.937 1200.593 1391.750 1539.156 1889.125 1951.125 2006.656 2439.250 3694.343 3813.281 
-1098.375 -1014.594 43.156 85.187 268.656 285.375 325.468 425.906 558.750 608.531 759.343 875.531 942.500 959.062 1018.687 1034.968 1142.718 1151.343 1528.406 1552.125 1791.343 1834.968 1955.656 1972.906 2109.187 2251.562 3568.218 3604.312 
-1934.500 113.000 191.750 232.125 308.343 385.875 415.281 448.687 608.218 611.531 908.718 1224.593 1249.000 1282.156 1348.875 1515.437 1624.687 1639.093 1681.968 1784.750 1808.906 1853.125 1991.343 2424.937 3598.500 
-1634.219 248.718 269.312 389.625 639.312 653.187 656.125 699.437 739.843 910.562 1013.250 1065.625 1098.843 1181.968 1224.000 1279.218 1316.031 1398.593 1423.218 1583.562 1698.843 1886.281 1949.937 2199.062 2322.750 3356.562 
-1325.219 -1215.844 -384.532 60.062 95.812 191.906 442.031 471.281 475.187 642.156 668.281 842.656 851.281 901.625 934.093 1084.312 1101.250 1191.593 1342.406 1390.875 1705.812 1792.125 1943.937 2351.281 3418.781 3739.968 
-1088.344 -888.188 -688.032 -554.844 228.062 268.875 602.312 625.437 639.281 644.750 652.343 661.656 778.031 819.343 912.125 1094.875 1144.906 1262.250 1321.625 1411.656 1833.062 1912.031 3061.593 
-484.313 -160.063 265.531 315.875 327.000 387.531 449.062 473.312 516.000 842.750 906.593 973.281 1115.843 1282.937 1299.031 1566.000 1578.406 1856.750 1915.937 2933.125 
-1245.094 -478.125 71.937 106.812 205.593 393.125 466.093 496.156 605.156 638.750 732.500 821.312 821.593 1005.031 1228.906 1237.906 1279.125 1478.875 1538.250 1578.843 1612.312 1738.093 1966.406 2804.656 3678.562 3812.062 
-1070.344 29.781 43.718 54.062 346.187 441.625 474.031 603.218 701.281 723.843 779.593 797.156 953.375 975.875 996.156 1120.062 1153.750 1220.562 1237.406 1317.968 1507.218 1646.468 1687.031 1779.531 1946.937 2242.531 2820.375 3348.593 3496.687 
-1486.938 -920.657 86.625 178.781 220.343 386.718 536.562 563.406 762.531 896.031 953.625 979.343 1016.000 1062.968 1295.937 1319.812 1320.281 1562.281 1580.656 1945.875 1956.562 2829.218 3295.375 
-1167.500 -1114.157 -1067.532 32.250 66.281 525.312 565.687 636.406 640.906 699.000 769.281 941.468 975.718 1057.718 1101.906 1248.625 1315.625 1503.937 1752.531 1774.812 1791.125 1841.562 1919.468 2074.937 2258.625 2641.437 
104.062 152.281 218.343 269.125 435.250 475.437 601.687 635.250 735.562 785.000 869.500 1151.718 1225.968 1301.531 1342.875 1469.375 1659.187 1851.656 1918.875 
