47.750 213.281 248.843 269.843 287.156 650.593 662.250 676.781 680.343 833.781 905.625 936.843 947.687 1062.343 1105.906 1198.812 1209.062 1424.093 1452.562 1517.468 1577.343 1716.656 1719.125 1788.093 1817.687 1847.437 1850.656 
33.531 52.187 178.625 214.406 407.218 692.468 767.031 839.406 1008.968 1057.531 1063.000 1064.906 1066.562 1088.875 1220.437 1402.718 1403.781 1562.156 1680.312 1716.031 1776.593 1789.156 1810.468 
37.281 48.031 49.968 178.812 250.062 412.375 564.218 662.531 845.437 915.000 1276.781 1431.500 1547.437 1571.843 1653.343 
22.250 24.437 31.968 33.781 283.281 672.875 836.843 975.875 1165.281 1175.218 1235.250 1241.375 1436.406 1588.093 1695.625 1789.750 
32.125 49.750 271.156 282.000 401.562 496.906 580.125 673.906 681.000 689.875 865.250 913.562 974.312 1088.156 1455.031 1561.687 1660.937 
24.468 282.468 673.781 
31.812 34.937 279.843 283.531 288.031 541.625 834.312 943.343 973.343 1070.218 1206.218 1225.968 1405.562 1427.656 1452.437 1526.468 1685.750 1711.500 1775.062 1861.437 
281.593 288.781 290.718 293.531 555.437 667.531 760.750 860.531 962.812 983.906 1062.343 1141.843 1218.125 1259.125 1260.906 1444.093 1566.812 1682.656 1721.312 1724.500 1818.125 1864.625 1866.750 
664.000 980.156 1402.250 1425.625 1497.250 1685.875 1810.375 

