318.875 374.906 498.562 651.656 657.906 670.062 735.375 746.593 748.500 751.000 919.968 992.531 1008.875 1147.218 1161.593 1165.656 1249.343 1383.468 1412.125 1711.218 1723.312 1804.937 1818.062 1902.812 1975.093 2015.906 2103.750 2348.437 2350.312 2355.437 2390.875 
186.593 315.531 650.562 652.406 751.812 909.562 910.406 920.468 1022.656 1119.031 1394.593 1422.656 1528.250 1743.531 1756.281 1888.750 1889.687 1900.875 1904.125 1964.500 1975.625 1977.687 2366.312 2390.500 2499.093 2525.750 
319.468 434.843 726.937 748.875 839.156 1071.343 1114.437 1161.843 1322.000 1356.500 1456.218 1742.937 1820.937 1889.125 1900.875 1974.375 2240.968 2364.812 2387.468 2392.437 2438.437 2439.718 2525.375 
85.687 191.343 299.750 457.031 574.062 654.843 680.437 736.531 738.937 912.437 991.562 1068.781 1091.968 1147.937 1245.625 1294.093 1356.906 1387.906 1436.750 1503.187 1623.718 1904.562 1977.562 1985.875 2109.281 2384.812 2520.843 
192.000 374.031 652.312 738.906 744.000 826.000 859.343 917.812 1009.437 1013.125 1073.250 1145.406 1165.875 1178.281 1258.156 1271.812 1321.937 1356.843 1360.531 1372.906 1385.656 1393.281 1420.906 1642.718 1905.718 1965.031 2102.250 2132.812 2153.218 2420.375 2514.187 
833.937 918.187 919.625 922.843 927.093 934.812 1071.625 1087.250 1123.562 1364.656 1403.562 1734.343 1809.062 1830.906 1890.906 1919.187 2273.656 2374.156 
46.968 66.000 187.156 320.468 551.093 564.031 657.781 664.187 727.906 735.687 992.250 1115.906 1423.593 1632.593 1731.468 1741.312 1903.031 2063.656 2236.125 2285.000 2354.843 2399.156 
430.875 833.843 922.718 1068.906 1098.000 1374.218 1382.468 1384.312 1419.781 1420.718 1424.250 1725.562 1822.531 1907.968 2102.062 2154.000 2274.062 2391.781 2435.875 
188.187 549.031 666.281 728.343 993.968 1070.125 1080.125 1123.906 1175.250 1267.125 1283.281 1373.968 1441.906 1724.406 2109.875 2145.562 2375.812 
917.187 919.375 1002.843 1071.937 1086.937 1140.281 1148.656 1363.531 1380.843 1816.468 1891.156 2056.937 2057.156 2070.375 2148.687 2159.125 2259.531 
