50.781 53.750 59.281 121.531 139.312 147.281 250.531 354.531 357.531 375.250 387.531 477.750 479.093 479.375 497.843 765.437 778.718 797.843 1278.312 1304.406 1399.687 1429.281 1514.218 1518.812 1578.343 1750.375 1802.875 
38.687 43.312 158.812 357.125 357.687 362.468 364.906 479.656 719.375 731.062 735.468 1140.687 1282.125 1355.812 1387.406 1394.031 1543.687 1569.343 1796.093 1807.062 1836.593 
34.187 143.343 254.031 323.875 379.000 475.750 720.156 1305.718 1357.781 1407.687 1430.343 1571.750 1578.781 1750.343 1774.312 1776.687 1792.562 
32.968 34.843 48.531 65.500 70.500 152.718 158.875 248.781 292.093 296.625 322.875 358.062 366.250 367.281 474.093 484.218 486.312 507.281 528.750 545.500 638.437 694.031 718.468 749.187 755.843 1281.500 1294.375 1336.031 1513.250 1514.187 1516.000 1536.062 1759.625 1775.281 1794.500 1801.125 1806.718 
41.156 48.750 52.031 57.031 120.843 127.625 129.406 150.125 242.875 297.031 301.062 366.000 477.750 482.375 484.500 742.843 750.187 763.625 1142.312 1281.187 1333.437 1411.812 1425.656 1429.625 1440.125 1534.750 1537.093 1551.687 1774.093 1809.500 
35.687 299.000 497.500 498.968 721.812 1395.843 1800.437 
35.218 132.468 158.906 354.812 356.937 388.843 477.406 497.687 538.781 720.906 734.375 1173.500 1287.593 1358.156 1401.093 1413.250 1514.812 1783.406 1838.468 
33.687 158.625 295.375 297.562 358.687 366.562 373.531 498.750 537.093 645.187 719.375 757.093 793.656 1306.531 1587.593 1764.156 
36.000 57.812 139.000 244.343 364.343 371.625 477.000 479.968 535.406 540.406 807.750 1359.000 1393.000 1548.875 1791.562 1794.843 1803.625 1809.406 
32.937 33.875 41.937 244.875 291.125 298.968 357.031 641.843 723.343 759.031 1334.156 1378.812 1517.500 1699.218 1730.937 1746.250 
