23.937 25.562 26.562 27.062 30.062 35.156 131.187 175.437 206.218 208.968 234.843 240.062 289.125 384.656 387.375 576.781 620.531 716.125 805.812 850.687 909.750 929.843 957.750 1129.437 1152.718 1153.562 1298.968 1300.968 1303.593 1400.531 1440.000 1603.437 1646.625 1647.812 1661.875 1664.500 1673.343 1711.562 1737.718 1953.500 
29.406 31.062 73.906 74.531 75.406 131.500 175.531 206.187 207.031 210.625 348.093 852.343 931.343 955.687 1077.156 1151.031 1299.781 1300.312 1303.656 1303.968 1304.875 1347.593 1428.437 1439.187 1485.125 1547.687 1588.906 1589.906 1603.968 1646.875 1647.593 1648.062 1650.968 1686.500 1737.937 1852.125 
25.375 27.437 27.687 28.406 31.843 73.375 75.468 76.343 100.125 175.375 176.031 205.656 206.125 292.906 349.000 386.437 413.062 434.031 560.000 574.781 585.906 722.156 725.812 757.468 806.781 808.718 810.437 811.531 850.906 851.593 911.062 929.281 929.718 930.750 931.187 945.375 958.562 1135.500 1154.500 1197.218 1256.968 1257.625 1298.281 1299.531 1302.250 1440.687 1550.906 1564.187 1589.125 1646.312 1650.437 1661.500 1661.937 1670.375 1888.875 1937.375 1954.250 1957.093 
24.125 25.000 25.687 26.406 28.218 32.031 38.437 73.156 73.375 74.531 97.343 98.531 99.750 101.375 130.437 173.656 174.875 175.593 205.468 206.062 206.718 207.312 209.656 213.937 234.156 293.468 386.250 413.875 454.906 521.625 560.843 562.656 575.062 584.375 585.031 619.812 722.093 724.875 806.937 809.906 851.843 909.281 931.468 958.156 958.531 1260.937 1299.781 1302.343 1303.250 1304.093 1341.375 1342.062 1345.312 1402.031 1440.468 1603.906 1605.843 1646.093 1646.656 1647.843 1650.343 1652.312 1660.750 1715.281 1888.250 
25.250 26.781 28.093 30.343 31.812 74.000 74.937 98.281 174.687 176.000 176.625 206.468 207.406 208.500 216.062 235.250 236.031 559.625 574.500 584.375 584.875 587.343 808.937 851.781 909.000 911.281 959.968 1076.687 1256.406 1263.968 1298.468 1300.031 1301.718 1302.593 1303.937 1305.031 1305.781 1341.781 1490.625 1590.718 1644.656 1647.937 1739.218 1853.093 1885.031 1934.500 1954.000 
25.906 27.468 28.593 30.625 31.875 73.812 76.468 76.968 99.343 100.531 175.343 206.468 207.593 217.406 235.562 295.281 385.062 520.312 562.562 573.218 585.406 623.375 724.281 807.375 808.062 852.937 909.375 909.812 910.718 930.156 958.125 958.687 1131.968 1153.906 1257.656 1260.593 1298.687 1302.906 1303.875 1304.812 1349.375 1646.593 1660.593 1666.343 1673.468 1713.437 1738.593 1768.656 
26.125 29.031 74.593 101.000 155.593 176.031 177.031 206.062 206.781 235.125 349.281 385.812 386.406 393.750 560.500 562.406 562.625 564.281 584.750 586.250 725.531 811.437 851.281 908.656 929.593 931.843 959.906 1153.781 1258.718 1298.656 1299.312 1303.468 1304.937 1344.406 1405.562 1441.500 1646.125 1646.656 1648.031 1666.406 1739.125 1852.718 1853.562 1883.968 1928.000 1974.250 
27.000 27.656 30.062 31.656 32.812 74.375 139.343 174.343 175.375 206.593 207.062 207.500 209.468 234.187 392.406 393.656 523.312 563.218 575.656 635.437 726.062 809.031 852.781 929.406 930.031 950.812 958.843 961.375 1134.250 1255.125 1257.718 1299.593 1300.687 1302.750 1305.406 1344.000 1405.625 1441.343 1645.750 1648.250 1686.593 1687.687 1693.437 1741.375 1853.468 1854.250 
25.406 26.250 28.781 30.000 74.875 140.750 206.687 233.937 522.750 560.000 560.781 561.812 562.687 563.062 585.031 586.062 807.343 808.062 852.500 909.656 910.031 930.281 960.250 1076.843 1077.531 1132.687 1144.281 1152.875 1257.937 1264.468 1441.156 1589.687 1604.687 1644.406 1646.812 1665.781 1686.375 1713.937 1769.843 1853.562 1883.937 1927.875 1953.187 1954.250 
26.062 27.812 29.031 30.781 31.687 73.281 73.875 74.437 99.156 99.562 99.781 100.875 174.281 175.406 206.156 207.031 208.125 234.718 385.156 393.468 415.093 438.156 559.718 562.156 562.625 565.062 583.968 586.500 722.875 807.468 852.000 852.718 909.406 910.500 929.156 930.406 930.937 958.437 1154.843 1204.687 1258.343 1299.312 1300.718 1305.687 1346.718 1441.968 1490.781 1652.000 1666.375 1685.968 1718.968 
