16.750 19.062 21.218 25.500 60.718 76.468 81.343 96.718 171.375 267.562 549.468 623.156 714.468 1021.062 1107.062 1323.812 1445.343 1469.562 1551.781 1717.593 1769.281 1851.093 1873.531 1887.687 1991.093 
21.250 64.687 77.062 84.562 114.343 171.406 254.000 293.968 314.781 380.781 425.187 624.875 724.562 762.937 908.750 950.875 1031.906 1034.812 1075.125 1115.125 1126.406 1203.593 1329.156 1446.781 1461.500 1487.656 1537.906 1606.500 1639.531 1648.218 1714.031 1741.062 1768.562 1783.437 2126.062 3556.000 3784.656 
15.562 26.843 27.531 52.156 55.781 76.187 316.000 390.437 427.312 511.687 524.156 618.875 622.125 766.906 823.875 881.718 889.218 909.031 950.312 1020.812 1034.562 1057.093 1135.281 1174.187 1199.718 1302.781 1339.093 1456.781 1487.312 1493.093 1641.812 1642.843 1775.156 1785.062 1810.750 3113.437 3422.156 
17.312 20.343 24.062 77.375 84.906 236.218 257.156 330.437 334.875 514.312 604.687 610.656 701.187 718.687 719.812 762.875 767.343 771.968 847.968 860.687 895.531 923.875 1034.437 1040.031 1118.468 1334.718 1548.281 1557.343 1690.531 1743.250 1785.000 1790.000 1800.906 1804.437 1832.906 1897.656 1962.843 2132.000 2955.843 
25.031 51.500 75.250 87.781 129.156 192.500 257.031 275.187 306.312 341.343 448.468 486.750 528.343 575.593 613.281 621.687 628.656 687.468 761.875 808.906 913.031 954.500 1019.968 1119.781 1173.781 1193.656 1319.125 1339.812 1490.343 1613.750 1722.281 1762.656 1766.406 1917.687 2129.343 2492.062 
14.312 15.843 25.000 31.062 52.937 84.500 257.218 272.281 330.375 342.218 372.125 410.312 522.718 538.593 616.312 625.375 718.812 748.593 760.718 762.656 767.968 780.000 857.718 861.593 942.500 945.156 1039.312 1123.093 1191.375 1285.250 1333.875 1372.500 1421.812 1470.625 1501.093 1639.000 1718.187 1746.125 1780.656 1838.781 1853.000 1960.500 1990.000 2107.625 2122.281 2707.875 3723.406 
24.531 71.843 85.906 108.656 190.906 243.125 258.687 266.906 277.468 343.250 359.093 459.812 523.937 608.906 626.625 836.187 851.250 903.250 1021.031 1037.781 1039.343 1119.375 1131.718 1191.843 1285.343 1321.250 1353.562 1364.875 1414.781 1440.843 1460.156 1490.437 1575.437 1641.750 1646.031 1781.750 1785.750 1830.437 2900.125 3156.375 3169.000 3497.593 3737.968 
16.406 23.281 54.468 74.000 75.906 78.656 85.437 95.468 107.156 174.437 192.062 253.843 336.031 352.843 617.812 625.500 696.500 728.437 822.718 851.718 923.625 979.031 1032.468 1039.781 1044.500 1046.468 1085.812 1106.937 1175.187 1198.000 1333.000 1454.468 1493.218 1519.343 1547.968 1551.312 1559.843 1704.468 1725.031 1767.062 1768.281 1773.312 1855.375 1883.875 
24.156 76.468 87.250 108.687 171.500 252.843 257.625 348.250 563.843 730.250 732.218 857.937 858.843 888.437 957.406 1033.656 1060.406 1088.156 1121.562 1338.000 1430.562 1549.062 1550.625 1639.406 1714.406 1740.375 1747.968 1763.843 1771.406 1859.718 1883.562 1908.093 2461.281 3886.000 
24.656 27.531 73.562 77.375 79.406 82.031 84.593 123.406 234.031 343.281 374.281 431.000 438.718 525.375 620.625 628.062 691.593 718.750 767.875 796.875 953.187 956.468 1021.062 1025.531 1038.000 1132.781 1210.656 1318.062 1354.375 1384.968 1464.968 1550.687 1612.343 1681.968 1705.000 1735.562 1751.687 1801.031 1850.750 1889.187 2127.531 
