-1527.500 -1321.782 -305.563 -68.250 9.718 67.718 94.625 101.843 108.312 184.812 212.718 274.625 688.468 888.281 965.000 1155.343 1191.062 1423.593 1464.156 1537.843 1558.375 1583.718 1680.156 2533.875 3074.218 3321.593 3485.750 3734.937 
-239.313 164.031 270.156 322.968 330.656 407.062 438.968 471.625 525.687 568.031 1022.531 1025.312 1041.531 1051.437 1202.218 1462.093 1535.343 1619.656 1676.343 3056.625 
107.031 453.968 961.500 997.625 1201.250 1243.937 1420.125 1494.125 1535.406 1562.468 1596.156 1627.500 1628.718 2637.375 
53.531 82.937 256.500 297.218 314.531 317.781 330.750 363.562 484.437 535.718 584.187 659.687 714.156 731.250 942.687 1072.937 1224.625 1334.593 1355.406 1420.187 1496.531 1847.343 
-1652.157 -846.063 48.468 115.718 178.312 179.875 254.593 313.250 334.312 364.187 390.218 479.218 483.312 535.531 648.500 655.406 810.312 933.718 1027.468 1230.562 1333.500 1410.750 1412.687 1534.031 1636.656 1648.562 1676.343 1824.468 1861.437 3359.125 
38.281 117.281 134.718 273.968 326.593 362.000 415.781 469.562 618.562 812.187 869.312 930.468 977.875 1013.937 1128.687 1200.156 1352.906 1627.218 1857.718 
56.187 179.468 267.000 284.531 295.031 328.968 353.500 694.937 729.781 825.750 833.062 852.500 929.625 1012.156 1029.156 1058.968 1186.031 1255.093 1418.656 1494.500 1496.656 1811.375 
77.937 90.281 103.062 177.062 216.093 219.125 248.812 317.156 333.343 333.656 375.781 534.656 751.718 811.531 873.937 879.093 975.218 987.062 1034.000 1090.468 1092.750 1160.750 1200.406 1418.968 1503.468 1533.718 1535.156 1736.593 1854.875 
-1297.313 103.781 133.812 136.656 244.000 360.781 416.406 480.593 603.625 606.687 656.687 709.187 754.437 811.593 812.093 860.468 963.218 963.656 985.937 987.750 1184.406 1198.812 1533.625 1615.312 1632.812 1770.656 
57.156 67.531 82.000 85.406 159.125 251.343 425.187 452.968 466.406 688.281 729.156 810.125 825.500 927.562 1012.937 1053.093 1374.812 1486.812 1535.843 1538.312 1645.593 1678.687 1844.406 1855.812 
