19.937 33.031 69.750 186.406 392.250 564.343 752.218 825.750 917.218 923.843 1083.218 1093.156 1106.031 1119.437 1368.375 1805.000 1827.625 1829.343 2075.093 2359.906 
21.906 26.406 85.031 664.000 822.437 847.250 849.437 851.031 916.156 926.375 1084.250 1098.406 1258.562 1820.562 1825.875 1833.843 1855.468 1900.812 1902.843 1913.656 2022.187 2080.750 2085.937 2090.687 2355.937 2361.906 2511.250 
18.437 24.343 60.437 849.625 857.125 884.906 920.031 926.437 1093.000 1095.718 1259.968 1821.718 1826.562 2082.812 2087.500 2252.687 
20.406 29.093 56.812 62.250 78.218 665.875 834.343 848.156 850.218 923.281 1086.843 1097.875 1367.625 1823.468 1825.156 2360.625 
23.468 70.718 189.468 313.093 826.062 838.750 847.000 856.500 1722.125 1825.218 1832.687 2093.468 2250.250 2360.875 
58.593 68.750 391.562 824.437 916.468 1094.000 1123.312 1259.406 1899.343 1919.093 2018.031 2025.312 2085.875 2454.312 2509.593 3612.781 
849.062 918.312 922.562 930.281 1080.593 1090.343 1265.093 1727.500 1817.843 1839.375 1901.312 2079.093 2357.968 2532.343 
70.750 1366.062 2358.781 2421.343 

666.531 825.687 1832.343 
