90.562 190.187 1059.406 1384.281 1419.312 1897.531 3471.031 3486.562 3510.000 3550.906 
178.312 336.843 415.562 528.531 625.250 862.906 1286.187 1405.750 1417.718 1439.406 1726.218 
179.156 416.125 624.812 697.312 1018.562 1122.250 1195.062 1286.281 1406.750 1418.281 1439.312 1598.468 1726.250 
150.843 177.375 178.875 529.125 625.156 863.531 863.937 896.437 1018.156 1195.281 1286.718 1405.968 1418.843 1439.218 1599.343 1896.281 
91.281 178.906 338.875 417.375 529.156 1195.343 1405.656 1418.937 1440.000 1482.468 1598.187 
91.312 179.031 243.000 528.156 1122.718 1598.281 
91.281 336.968 417.812 562.843 624.437 1419.187 1725.937 
415.437 1122.375 1195.093 1725.968 2963.187 
93.812 335.968 626.656 697.093 1184.562 1195.312 1286.562 1405.718 1418.625 
178.687 336.875 1019.281 1286.281 1405.906 1418.937 1726.406 
