30.500 34.656 282.218 295.468 358.718 1011.656 1320.250 1520.000 1599.093 1654.062 
31.187 40.031 282.250 296.125 682.250 791.656 1882.875 
32.031 294.343 683.593 1100.406 1320.906 1521.343 1599.781 2173.500 2903.375 
31.593 282.531 295.531 358.656 402.250 1520.031 1932.656 3424.218 3443.906 
358.562 392.593 1653.625 3314.843 3337.093 
31.093 282.906 295.843 661.375 1519.875 1882.781 
294.062 359.406 1521.218 
294.875 1320.156 1519.718 1653.093 1734.062 
30.468 294.031 358.468 918.656 1011.375 1510.156 1881.781 1899.406 
30.593 358.406 792.156 1511.031 1973.000 3472.437 
