250.375 260.562 548.812 621.750 811.187 811.968 1127.625 1153.187 1161.906 1415.125 1578.750 1715.125 1759.468 3915.531 
78.093 86.187 255.843 331.031 340.375 344.656 486.343 1019.718 1132.250 1369.468 1469.875 1494.125 
31.156 36.093 97.968 239.843 254.375 266.312 321.687 868.187 1043.375 1138.187 1481.031 1540.000 1556.531 1580.343 1581.625 1882.343 
253.031 256.156 379.843 605.687 846.031 1079.625 1469.250 1479.437 1964.750 
557.968 777.937 848.437 1064.187 1479.062 1560.406 1570.843 
328.500 1137.281 1137.718 1881.906 
81.343 84.843 242.687 384.625 1134.531 1392.218 1482.000 1883.343 
332.062 368.843 795.343 850.843 898.718 1028.281 1131.125 1381.906 
100.125 230.281 252.500 326.468 367.281 451.593 523.218 1133.812 1881.656 
244.500 262.093 269.281 331.500 357.656 854.750 869.218 1141.531 1153.281 1381.312 1716.968 1955.468 
