-1911.969 44.687 91.625 102.656 113.062 153.125 166.750 264.187 303.812 411.187 478.156 547.000 582.875 619.750 664.031 735.218 819.250 921.968 1053.843 1165.500 1246.562 1317.187 1359.125 1404.687 1503.000 1580.031 1655.718 1709.781 1711.750 1762.562 1939.187 2080.875 2203.843 2242.125 2270.500 2278.312 2324.468 2447.375 2486.531 
74.437 139.906 661.531 985.218 1238.750 1349.468 1722.343 1879.781 2236.562 2298.000 2429.250 3838.062 
-920.188 115.218 185.656 197.406 987.812 1239.093 1467.562 1579.406 2039.062 2151.093 2227.000 2250.437 2385.062 2783.093 
9.562 277.562 472.375 1707.968 2289.625 
-1070.907 261.718 575.875 740.406 936.406 1727.906 1934.031 
-1208.375 520.781 822.093 984.000 1616.937 2081.656 2324.468 
-1272.532 245.156 1521.031 1724.812 2231.343 2941.531 
73.062 93.593 234.937 447.843 1459.406 1502.968 1514.843 2080.000 2490.156 
-1410.938 479.468 819.031 1239.031 2327.468 
45.843 1403.468 1729.156 2393.562 2480.093 
