357.687 393.406 688.406 954.968 1041.187 1310.000 1311.218 1497.531 
313.781 396.625 583.531 607.437 792.343 1522.250 1565.031 1719.812 1942.250 
116.343 607.281 796.062 1247.343 1463.343 1736.812 1944.375 1998.781 
-1682.032 491.718 760.125 890.156 945.406 1505.968 1725.031 
-1302.844 280.593 315.687 358.250 494.937 1036.375 1311.625 1439.781 1522.218 1724.781 1742.843 3373.875 
-1393.532 119.593 171.968 172.656 293.437 419.843 437.125 542.031 697.375 717.718 890.312 956.500 1042.031 1336.406 1439.343 1664.375 1766.218 1865.937 1943.062 1943.562 
249.656 491.937 717.406 721.343 955.093 1039.968 1244.843 1246.687 1389.156 1440.156 1466.906 1766.750 1817.406 1943.218 
-1280.469 121.093 294.000 543.375 693.500 722.375 1039.843 1165.750 1231.218 1310.781 1522.500 1563.031 
117.937 395.687 549.125 726.812 794.000 887.718 936.562 1020.500 1166.562 1273.906 1564.375 
86.812 119.718 171.906 357.125 429.250 1164.343 1201.500 1440.281 1440.937 
