26.406 74.562 82.937 344.687 616.968 626.187 631.187 631.687 632.000 632.750 633.031 633.437 639.437 639.968 640.156 642.781 1238.906 1241.531 1243.687 1244.406 1246.062 1246.656 1732.937 1735.093 1736.343 1738.812 1739.125 1740.562 1740.968 1742.000 1742.343 1883.906 
317.250 396.812 561.437 629.125 631.156 631.687 632.000 632.750 633.031 639.968 642.781 648.968 650.625 878.187 1232.562 1238.875 1241.531 1243.468 1243.687 1245.843 1246.093 1732.937 1735.093 1736.312 1738.437 1742.000 1743.000 1898.281 1919.156 
211.031 290.062 626.843 630.906 631.687 631.968 632.750 633.031 633.437 639.968 642.781 1241.531 1243.468 1244.406 1245.843 1376.906 1735.125 1736.312 1738.812 1739.906 1742.000 1743.031 1808.875 1868.781 1982.375 
31.562 328.718 351.156 629.875 631.156 631.687 632.000 633.031 633.406 639.406 1063.125 1100.093 1238.906 1239.125 1241.312 1244.406 1373.500 1731.125 1732.937 1735.125 1736.312 1738.812 1742.000 1742.687 
24.281 63.656 302.406 338.500 631.687 631.968 632.750 633.031 633.437 638.843 639.968 650.625 814.250 876.343 1239.156 1244.875 1520.593 1733.750 1738.812 1739.875 1771.187 1920.375 
19.562 25.687 62.437 631.656 631.968 633.031 633.437 637.000 639.406 856.000 1213.093 1241.312 1243.468 1243.687 1371.000 1605.031 1732.968 1738.812 1742.687 1961.093 
18.937 177.718 178.656 345.468 494.437 623.937 631.687 631.968 632.750 633.031 640.000 1238.906 1243.468 1246.062 1468.187 1528.625 1738.781 1739.906 1742.312 1743.343 1941.937 
19.250 178.812 343.843 616.968 631.687 631.968 633.031 633.437 642.781 643.593 650.625 694.000 1206.375 1243.687 1382.281 1738.781 1742.312 1743.031 
30.062 65.687 631.968 632.718 633.031 650.625 1243.687 1246.656 1732.937 1734.531 1738.781 1742.281 1917.250 
62.781 71.375 631.156 631.968 632.750 633.031 643.875 1735.812 1742.031 
