72.968 73.343 151.093 318.062 395.750 802.125 808.968 810.343 1082.187 1365.531 1440.781 1484.937 1559.250 1727.437 1739.593 1742.187 1919.562 
72.593 73.906 76.093 151.218 315.687 362.062 801.500 802.343 1344.312 1482.281 1484.000 1559.812 1739.812 1743.093 1934.250 
34.750 71.906 72.593 150.468 153.000 315.937 362.906 651.156 801.468 802.812 803.093 803.656 808.406 809.437 1084.281 1483.812 1561.281 1578.968 1667.625 1727.687 1738.687 1740.250 1843.875 1845.531 1944.343 
72.468 395.718 399.812 546.843 800.906 1559.750 1738.312 1738.781 1944.406 
75.000 150.718 547.375 651.343 690.093 802.187 809.781 1082.625 1739.000 1739.468 1941.718 3563.406 
150.968 366.781 802.312 804.625 807.656 1738.437 1844.875 
32.156 75.937 77.625 802.500 808.281 1159.250 1558.781 1736.937 
363.812 801.468 808.093 906.343 1738.906 
72.812 802.968 803.593 807.000 1483.906 1558.562 1595.843 1667.718 1739.281 1740.781 2622.125 
71.937 72.843 545.781 808.218 1558.937 1559.843 1738.875 1739.093 
