33.906 83.437 196.250 326.062 346.687 381.968 394.437 412.406 477.062 526.968 642.875 686.718 709.062 728.093 764.312 831.562 873.531 887.625 1083.187 1091.812 1096.968 1161.875 1170.531 1179.937 1212.593 1221.843 1323.062 1481.562 1497.718 1529.875 1722.812 1792.968 1833.062 1871.687 1949.500 
29.687 37.718 71.093 91.000 157.468 374.312 386.062 413.500 464.406 479.437 569.531 669.750 698.718 828.687 871.250 907.906 937.968 1077.562 1089.906 1163.375 1173.343 1213.812 1233.781 1490.125 1524.375 1551.562 1642.906 1679.343 1751.312 1809.781 1877.187 1934.281 2531.937 3915.875 
35.437 93.375 218.218 269.437 378.875 405.250 474.312 675.312 700.250 831.750 894.625 935.125 1075.343 1089.718 1096.312 1102.781 1164.312 1168.500 1260.312 1265.593 1367.250 1479.312 1496.000 1545.937 1662.031 1691.750 1804.656 1875.531 3894.125 
30.718 33.125 44.031 83.125 198.625 281.593 319.250 365.750 376.656 407.468 421.156 470.062 574.500 831.125 853.312 875.437 926.593 1077.562 1083.875 1097.093 1118.750 1166.000 1198.906 1217.625 1267.593 1381.656 1483.656 1532.843 1663.906 1723.406 1746.625 1801.156 1809.406 2347.906 3758.468 
7.468 205.281 374.843 408.562 464.843 700.218 890.687 905.031 929.156 1089.375 1100.593 1208.312 1221.031 1333.000 1396.937 1480.406 1665.281 1694.125 1815.156 2906.906 
7.750 30.375 84.187 91.718 377.062 402.281 474.656 576.968 664.031 687.531 894.187 926.781 1081.062 1093.656 1103.531 1184.718 1216.656 1266.937 1284.406 1368.593 1478.062 1492.375 1541.062 1565.406 1612.843 1792.031 1818.750 1867.625 2289.250 2293.437 3515.218 
30.500 34.000 42.531 70.687 92.687 157.906 216.000 462.343 477.562 871.562 879.312 921.125 1006.687 1073.125 1096.125 1116.281 1166.812 1211.312 1262.625 1323.843 1378.718 1408.812 1478.531 1550.968 1637.187 1659.531 1715.843 1745.031 1799.406 1820.781 1968.843 2019.937 3198.343 
29.968 37.062 40.875 76.593 130.406 373.031 377.625 405.218 413.312 583.937 704.093 723.062 730.906 828.437 892.625 931.218 1014.750 1067.718 1082.781 1092.687 1209.843 1265.312 1479.875 1548.031 1661.593 1745.343 1788.343 1863.781 1960.406 
35.562 66.968 74.437 144.593 377.781 453.812 709.218 826.406 836.156 881.062 908.031 1053.218 1080.000 1086.125 1092.468 1168.843 1215.687 1272.187 1333.656 1483.875 1537.343 1561.437 1640.093 1700.375 2502.093 3500.468 
4.593 41.562 92.500 281.156 371.468 375.281 412.000 469.937 602.937 641.687 678.250 733.781 828.906 1093.750 1107.968 1371.218 1410.562 1613.375 1740.125 2021.781 
