21.093 24.156 27.031 28.343 32.468 50.812 124.531 178.218 232.593 241.468 350.312 448.625 595.625 713.031 794.593 851.343 907.531 968.468 1111.968 1136.093 1316.937 1454.875 1489.093 1554.625 1570.843 1586.156 1619.093 1636.750 1679.968 1748.687 1807.375 1866.250 1912.531 2922.156 3154.437 3162.375 
21.218 23.406 28.500 35.875 136.937 189.000 448.625 502.218 538.406 646.281 658.968 707.781 805.312 919.125 960.218 1050.218 1084.031 1191.312 1329.062 1419.031 1439.406 1451.656 1497.812 1602.000 1631.843 1657.656 1813.812 1883.000 1911.218 3154.156 
8.781 19.687 22.312 42.156 134.375 144.000 154.718 178.468 222.375 287.781 338.281 398.968 451.781 537.406 646.062 715.812 824.156 847.406 893.750 1052.906 1065.906 1142.812 1173.187 1319.687 1422.187 1453.468 1570.156 1579.875 1689.937 1890.062 3330.968 
22.343 31.906 40.343 126.781 146.906 202.687 254.281 276.062 288.250 345.531 464.437 507.968 956.437 962.000 1126.500 1197.406 1230.187 1306.000 1325.812 1452.875 1555.875 1578.156 1589.656 1637.906 1676.687 1731.468 1754.531 1795.250 
21.937 25.968 30.093 127.843 143.343 174.593 211.312 229.968 237.593 291.125 311.875 330.968 440.968 450.312 514.375 553.718 696.625 722.031 846.687 888.562 1199.250 1240.968 1281.375 1322.843 1433.343 1452.781 1457.531 1576.312 1801.343 1961.718 1998.500 
21.843 24.843 32.468 46.281 123.906 135.125 145.812 226.218 471.218 506.375 629.375 646.593 698.968 713.812 852.843 891.187 921.437 1086.718 1129.000 1191.906 1333.437 1379.062 1452.343 1491.031 1589.750 1660.500 1687.750 1742.656 1757.437 1804.437 1811.906 1816.218 1835.750 1885.218 1899.562 1931.718 1963.375 3533.656 
22.187 26.531 39.812 132.500 147.031 248.250 278.343 445.656 450.906 539.625 684.968 723.500 842.125 864.218 941.093 1190.531 1330.281 1402.187 1447.656 1590.093 1662.000 1667.406 1753.843 1789.093 1803.093 1815.625 1827.968 
22.750 32.125 42.437 126.437 142.531 160.843 231.187 247.937 274.375 400.031 446.187 511.312 595.687 646.343 665.093 685.031 700.562 708.875 715.218 889.812 1264.781 1319.968 1337.968 1450.593 1499.343 1538.593 1753.406 1779.625 1790.343 1818.593 1830.187 1881.500 2027.656 3261.750 3474.000 3525.937 
21.687 25.687 28.281 34.343 122.406 141.843 239.156 476.062 649.281 697.312 711.781 783.093 854.406 887.968 912.500 957.906 1059.125 1087.562 1142.218 1200.781 1327.093 1452.656 1552.406 1582.750 1665.406 1803.250 1898.500 1917.531 2335.468 2927.531 3965.968 
25.843 137.000 226.031 328.625 455.500 514.875 597.062 646.968 722.250 754.218 842.125 969.000 1136.156 1203.500 1232.437 1580.468 1750.125 1785.093 1799.781 1813.031 1877.062 1897.781 1916.343 3806.468 
