16.218 17.656 20.062 130.531 339.156 342.937 1057.937 1151.375 1155.875 1180.718 1349.218 1399.375 1684.281 
283.812 293.593 344.500 678.250 1074.250 1352.531 1685.656 1695.250 1727.906 
19.812 129.312 336.875 339.031 667.781 674.937 779.375 1144.750 1147.343 
17.437 18.343 20.843 40.968 127.437 144.312 331.687 332.312 334.500 342.625 886.781 1343.468 1356.000 1359.625 1746.625 
28.031 127.593 324.593 331.718 337.000 509.218 592.781 647.750 1137.593 1185.187 1351.031 1369.875 1398.562 1688.593 1694.687 1711.625 1775.625 1906.062 
124.062 503.625 1130.031 1347.343 1681.843 1903.156 1912.125 
129.750 217.156 281.937 339.625 599.843 602.062 627.062 1117.593 1175.125 1392.968 1660.562 1728.812 
16.250 18.312 80.437 144.406 162.687 325.656 335.406 478.968 497.562 671.875 878.656 895.093 1144.718 1227.125 1350.968 1668.843 1748.843 1752.531 
18.218 27.437 123.687 214.531 332.468 342.843 503.718 600.906 640.562 885.656 1141.625 1417.312 1494.343 1531.468 1658.093 1668.625 1909.125 
16.843 17.500 18.937 128.843 343.093 483.812 509.593 627.468 653.000 1098.687 1112.031 1126.718 1144.406 1349.343 1398.156 1989.406 
