38.375 87.250 239.656 628.500 634.406 634.812 713.718 740.843 751.437 751.750 1354.968 1672.156 1783.812 1788.875 1876.718 1882.000 1888.156 1903.750 
42.531 75.343 81.343 94.437 1049.937 1210.187 1728.812 1773.406 1992.312 
58.031 77.218 87.062 267.125 611.781 630.562 1018.093 1020.625 1464.187 1494.687 1496.343 1545.000 1788.593 1895.218 
46.000 75.875 84.468 102.218 533.812 720.906 865.625 1487.875 1651.843 1783.468 1882.000 
81.062 637.750 1022.500 1056.187 1787.531 1985.343 
30.562 62.031 75.250 273.718 633.656 717.937 723.750 896.687 1022.343 1041.156 1448.312 1583.187 1681.375 1777.968 1787.406 1983.625 1987.531 1990.406 
86.750 122.531 179.343 235.906 310.468 614.062 714.656 725.312 1212.250 1368.187 1463.156 1469.718 1556.406 1779.906 1790.656 1986.156 
329.218 543.375 639.718 720.656 773.500 856.906 1022.187 1049.343 1272.125 1321.625 1986.468 
21.968 74.250 83.531 272.625 309.156 532.718 545.218 551.906 626.656 633.187 747.843 752.656 1033.781 1055.843 1537.531 1556.281 1780.062 1785.437 1802.750 1991.218 
82.750 270.812 346.593 641.656 714.312 745.562 750.156 903.968 1023.031 1033.937 1117.562 1273.750 1496.843 1548.031 1673.718 1786.531 1790.500 
