23.312 32.375 35.468 41.437 94.031 156.968 449.718 617.312 618.031 625.218 701.531 703.312 1012.187 1224.375 1226.156 1953.625 1954.468 2672.406 3657.406 
35.593 65.500 366.062 541.062 628.000 701.218 701.437 1055.000 1369.250 1369.468 1419.343 3748.531 
30.562 35.718 37.031 39.500 155.875 159.843 256.187 257.718 450.718 760.031 778.312 797.156 853.187 1056.500 1224.500 1288.500 1477.187 
17.375 36.343 38.437 77.687 78.468 156.750 334.875 449.718 626.812 720.562 775.937 1225.781 1301.500 2469.750 2588.593 
31.500 32.000 35.406 39.812 140.437 141.468 166.843 450.500 451.031 617.875 620.812 701.187 702.375 759.218 1122.000 1367.250 1415.781 1419.562 1521.125 1548.812 3523.718 
31.031 34.718 35.281 71.968 163.906 450.687 571.437 580.125 625.656 700.906 703.156 761.062 929.000 946.062 947.687 1120.593 1280.593 1335.500 1601.843 3387.500 
18.406 24.750 156.375 196.437 283.468 332.593 450.625 451.718 527.250 934.468 1014.750 1112.843 1223.250 1224.218 1225.500 1753.500 2166.843 3648.625 
31.125 31.562 32.031 35.343 41.500 63.718 159.218 242.375 334.062 335.187 701.406 702.937 843.437 845.343 849.031 1079.406 1224.968 1669.343 2991.937 3505.218 
31.218 31.437 34.250 35.718 36.437 41.093 153.718 629.250 841.187 855.500 947.625 948.562 950.343 994.437 1063.906 1225.656 
21.781 33.468 34.968 36.062 39.593 71.843 79.312 147.125 335.437 353.187 451.187 574.937 702.250 813.750 887.968 994.843 998.687 1129.093 1232.375 1304.656 1421.718 1526.343 1550.375 1601.062 1643.375 
