-1829.563 -1602.438 -1104.438 -1060.219 -958.500 -956.375 -667.032 -531.594 -467.407 -444.094 -321.469 -210.125 192.656 326.500 544.343 791.125 861.375 909.093 922.062 1052.906 1064.500 1583.062 2090.218 2115.843 3320.343 3384.781 3387.593 3743.156 
-709.782 -278.313 -95.063 502.281 507.468 862.562 1118.312 1886.187 1915.031 2089.718 2859.437 2937.468 3775.718 3821.375 
-1033.500 84.875 98.562 107.656 503.000 571.968 594.156 763.531 856.562 915.968 917.156 983.625 986.531 1081.343 1376.593 1445.156 1467.312 1557.531 1779.250 1784.468 1824.093 1922.500 2158.687 2218.218 2940.468 2951.312 3694.312 3738.125 3946.593 
-1773.719 -1022.594 -958.407 -953.813 -803.625 -300.250 -296.907 -10.438 -8.250 195.718 302.562 420.625 549.812 684.000 772.843 1066.593 1381.406 1733.000 1876.531 1923.906 2004.312 3232.656 3373.812 
-1727.000 -1699.500 -1073.594 -1069.438 -761.063 573.125 711.781 850.812 851.093 1047.843 1264.468 1558.062 1605.031 1888.062 2717.281 3764.281 3778.375 
-1988.125 -1731.594 -1274.969 -1224.063 -1074.125 -123.688 -59.282 192.000 280.562 322.468 337.187 409.812 435.718 479.000 974.468 1059.156 1164.062 1386.562 1444.093 1471.625 1555.843 1726.281 2107.906 2620.781 2821.000 3062.281 3957.062 
-1079.375 -1075.219 -975.125 -537.250 -485.657 -484.563 8.750 38.093 250.500 290.812 315.375 485.000 790.937 979.250 1176.062 1328.312 1330.531 1582.312 1934.187 3486.062 
-1931.094 -1078.344 -313.157 -158.688 191.468 547.125 656.468 829.593 839.906 854.031 978.031 1056.281 1088.437 1160.812 1564.812 1577.468 1733.406 1923.500 2082.812 3515.906 3806.437 
-1562.532 -955.750 158.187 211.562 333.750 343.937 355.187 588.906 976.750 1118.562 1239.031 1597.031 2350.656 3395.156 
-1850.782 -1611.907 -1140.125 -743.219 209.531 531.812 831.562 914.281 918.468 1453.843 1568.937 1583.625 1613.500 2240.750 2255.406 2297.093 2484.468 2984.843 3493.593 3647.062 3713.968 
