19.062 43.906 81.687 104.156 108.812 114.406 122.218 248.187 252.687 256.531 259.000 260.906 379.125 380.187 389.843 398.156 512.250 516.406 521.312 531.656 670.812 671.562 681.468 704.593 788.968 795.125 892.343 894.406 898.500 960.625 963.000 970.937 1075.250 1186.656 1186.968 1239.812 1241.187 1248.875 1254.656 1258.562 1338.968 1349.750 1359.250 1537.750 1538.906 1654.031 1657.968 1724.000 1732.687 1798.906 1809.406 1813.281 1860.968 1891.593 2102.343 2146.937 2245.000 2261.968 2263.343 2266.218 2436.718 2437.281 2447.687 2450.031 2461.406 3546.968 3550.812 
15.750 16.375 80.406 104.187 108.375 111.812 113.562 116.937 122.312 241.093 242.593 253.625 258.312 381.187 385.593 388.812 514.843 532.437 545.281 667.125 669.906 680.500 795.500 801.250 810.312 896.437 899.968 900.593 960.875 964.218 1033.531 1237.000 1240.500 1246.156 1257.406 1263.031 1276.125 1336.343 1528.468 1532.406 1534.593 1553.500 1713.656 1720.312 1723.218 1734.000 1735.218 1801.437 1867.125 1870.281 1941.500 1982.093 2146.000 2146.937 2149.875 2154.406 2155.718 2163.468 2244.968 2248.312 2260.187 2261.906 2436.281 2474.843 
79.562 104.593 107.968 109.937 117.500 122.312 128.906 244.281 248.781 254.281 261.562 267.218 280.593 372.187 380.218 383.843 392.031 511.156 512.718 515.781 520.218 523.593 538.875 550.437 658.406 670.687 674.968 702.562 789.031 801.125 882.718 888.468 961.218 964.968 965.312 1248.875 1258.593 1337.250 1338.750 1352.750 1359.531 1362.906 1524.781 1533.593 1539.968 1543.312 1553.843 1569.656 1713.750 1723.781 1736.875 1803.250 1813.375 1861.968 1866.156 1867.875 1870.062 1873.281 2038.906 2139.437 2140.718 2153.312 2154.531 2160.593 2176.250 2243.968 2438.875 2447.812 2449.781 2454.562 2456.875 2954.000 
64.625 78.250 152.406 243.812 249.843 255.500 366.468 380.625 381.406 404.750 510.531 514.437 515.906 518.937 537.562 666.875 699.843 798.687 799.593 806.406 807.312 968.718 1069.812 1198.093 1239.906 1242.812 1246.687 1265.156 1336.250 1338.375 1354.468 1527.312 1542.875 1565.875 1659.312 1687.656 1688.281 1689.187 1710.218 1718.312 1796.875 1868.343 1871.375 1972.250 2142.593 2145.875 2174.125 2184.718 2185.593 2243.906 2440.562 2442.687 2454.000 3661.125 3663.437 
45.218 81.062 109.843 115.343 185.875 376.250 382.031 523.031 537.281 657.375 669.000 709.937 738.406 795.593 802.843 807.531 829.406 900.593 961.375 984.218 1065.468 1249.343 1258.906 1350.593 1353.312 1526.343 1527.687 1536.187 1539.062 1540.843 1555.250 1582.406 1688.281 1719.187 1726.218 1726.812 1732.093 1780.468 1864.656 1866.500 1875.250 2154.093 2175.281 2182.031 2244.687 2380.531 2435.218 2437.750 2482.500 
16.062 17.031 26.281 83.656 111.593 116.500 242.781 245.281 255.781 258.218 374.843 378.281 382.718 393.093 512.718 513.031 529.218 540.000 553.312 667.406 669.500 697.000 811.250 888.843 899.218 1080.093 1193.625 1230.656 1241.375 1273.968 1338.843 1533.093 1535.312 1540.125 1549.406 1719.781 1721.531 1727.687 1805.093 1862.156 1863.156 1867.937 1869.781 1872.625 2091.968 2104.312 2147.531 2159.500 2164.281 2166.125 2186.093 2244.343 2269.656 3547.593 3818.656 
15.906 16.718 109.093 110.687 111.843 115.343 243.156 244.937 252.000 259.343 280.343 389.093 399.312 518.562 520.500 529.343 538.156 659.156 665.125 669.250 673.750 680.406 783.406 788.437 788.906 796.343 802.687 808.843 829.187 831.000 965.562 969.343 1231.656 1238.250 1246.125 1252.656 1350.093 1355.843 1527.406 1546.281 1659.218 1713.687 1718.500 1722.281 1723.062 1734.187 1796.937 1805.156 1867.125 1875.093 1878.781 1879.187 1880.843 2141.437 2144.156 2151.718 2158.750 2245.031 2257.968 2448.218 2456.812 2465.656 
16.562 19.187 105.343 119.781 125.031 157.937 242.343 243.000 244.531 252.593 255.843 260.750 383.843 390.406 392.468 520.968 527.000 543.812 660.187 800.468 901.531 903.656 958.875 959.875 964.718 1161.937 1232.250 1241.781 1244.625 1257.656 1339.625 1353.187 1528.156 1529.281 1531.343 1535.031 1539.750 1548.031 1687.656 1717.718 1720.406 1724.625 1725.250 1728.156 1733.687 1799.000 1812.843 1863.562 1868.062 1870.343 1872.812 2147.281 2155.000 2439.687 2448.281 2466.656 2623.625 3160.625 
46.406 106.031 111.250 119.187 244.218 372.000 379.031 381.812 385.093 512.625 515.156 528.031 674.187 679.593 685.687 705.062 785.281 797.187 899.906 958.437 1072.250 1230.906 1232.218 1233.906 1250.843 1544.250 1653.062 1712.781 1721.312 1726.125 1732.875 1733.500 1736.593 2128.187 2158.468 2244.500 2258.062 2261.718 2440.281 2448.156 2450.093 2465.937 2472.312 
46.375 106.625 113.000 114.937 116.062 117.437 122.718 242.687 252.937 255.312 256.843 261.968 371.593 374.562 374.937 391.437 519.031 527.125 534.375 667.000 668.843 718.906 884.968 894.156 967.968 1276.625 1356.937 1526.968 1529.156 1538.750 1550.500 1663.250 1713.093 1718.125 1733.968 1879.093 1881.843 1981.937 2102.562 2148.312 2158.531 2257.875 2264.593 2435.281 2436.187 2447.562 2460.281 2973.312 
