24.906 126.250 136.062 139.281 252.875 256.500 261.750 263.062 268.406 364.562 381.031 382.000 385.062 456.468 465.718 612.125 810.156 814.750 1035.812 1102.406 1103.406 1116.718 1132.687 1272.562 1355.062 1372.750 1469.750 1690.468 1710.250 1714.687 1716.968 1823.781 1830.156 1896.156 1907.562 2214.093 2219.250 2372.843 2387.062 2450.156 2454.406 2506.000 2509.437 2514.531 
25.250 25.562 26.406 131.375 205.593 252.218 261.812 375.531 376.656 378.250 447.156 605.093 616.500 626.593 633.406 669.343 733.156 743.875 748.218 794.937 924.062 973.468 992.781 995.687 1096.562 1113.187 1269.281 1278.031 1287.156 1319.625 1358.250 1464.656 1657.093 1678.343 1706.218 1756.906 1889.250 1890.062 1906.218 1915.062 1931.968 2037.156 2040.968 2086.937 2096.687 2132.562 2215.437 2246.437 2388.656 2502.656 2912.531 2958.593 
129.718 131.187 135.062 187.781 242.968 243.375 244.187 256.406 379.031 460.625 598.875 604.062 738.531 814.000 995.875 998.125 1115.375 1290.375 1318.500 1368.687 1460.843 1463.812 1467.937 1477.781 1484.312 1687.968 1689.031 1768.625 1889.125 1897.312 1911.500 1914.500 2074.375 2081.843 2088.500 2196.406 2381.812 2405.812 2506.375 2513.625 
16.281 123.062 129.656 135.281 150.937 177.906 244.718 252.937 254.281 262.281 370.031 373.843 376.406 389.375 459.812 462.875 597.843 603.187 608.281 619.218 623.875 672.687 795.187 796.906 811.781 817.812 848.031 978.687 995.437 1060.875 1101.468 1124.687 1139.718 1361.968 1405.625 1462.062 1462.812 1467.218 1473.093 1548.281 1701.625 1828.687 1906.562 2069.312 2087.406 2194.125 2245.625 2392.062 2508.468 2548.656 2712.343 
21.437 27.062 121.218 262.875 270.593 380.500 384.687 408.406 596.812 617.968 734.750 799.812 811.062 821.000 839.406 848.312 1099.312 1103.718 1114.218 1287.343 1296.156 1362.906 1466.812 1474.125 1688.031 1828.468 1893.343 1910.468 2071.656 2203.625 2217.500 2224.500 2388.812 2523.281 
135.437 241.937 258.562 378.718 380.781 383.250 397.625 615.875 750.343 818.500 828.593 976.781 996.031 1272.156 1274.437 1358.062 1476.625 1549.718 1698.062 1704.843 2069.125 2077.687 2096.687 2145.468 2199.031 2212.500 2237.937 2370.531 2374.156 2381.843 2390.718 2403.906 2507.093 2514.531 2521.062 2552.281 
24.906 66.906 74.843 131.937 250.781 253.906 363.312 445.750 606.968 611.437 983.750 1042.843 1100.156 1103.593 1115.875 1284.281 1354.781 1470.406 1476.875 1482.750 1694.656 1699.375 2110.218 2201.062 2211.093 2219.718 2356.218 2374.031 2503.406 3341.250 3342.906 
123.968 124.500 133.625 139.968 242.843 251.750 258.625 260.312 261.468 290.968 378.593 383.625 385.062 387.250 413.093 616.187 796.593 797.812 807.500 841.437 972.906 1046.750 1112.343 1125.031 1272.468 1275.625 1360.718 1361.781 1465.468 1465.906 1467.218 1684.468 1686.531 1704.625 1713.187 1767.093 1887.906 1896.531 1898.593 2070.093 2089.000 2102.562 2248.718 2373.250 2378.062 2504.250 2506.718 2518.343 
18.750 123.656 124.312 128.625 145.718 241.781 260.531 365.500 376.062 508.968 605.093 610.937 614.218 796.781 811.875 813.375 816.187 976.375 993.406 1011.031 1142.906 1298.625 1358.093 1463.500 1483.093 1658.531 1677.156 1685.937 1687.625 1691.031 1701.968 2086.375 2237.093 2375.156 2388.343 2392.218 2506.031 2548.375 
26.968 135.375 137.406 142.000 240.312 242.968 257.562 259.812 260.593 365.281 380.000 457.687 604.781 796.625 816.250 994.375 1115.375 1121.312 1269.062 1272.468 1363.968 1405.812 1458.343 1461.468 1544.468 1687.531 1694.968 1703.968 1717.281 2085.343 2089.593 2219.687 2378.468 2463.125 
