21.406 22.468 242.437 261.687 1144.906 1148.125 1173.312 1427.437 1430.468 1433.187 1889.937 2436.031 2773.125 2776.406 3638.031 3679.593 
1194.281 1474.031 1895.562 1898.000 1900.281 1903.312 1908.625 1985.937 3702.031 
315.343 1526.187 1693.875 1695.843 2950.750 2954.093 2995.937 
23.562 25.375 1683.281 1684.562 1685.218 1686.375 1719.375 1892.718 1896.656 3920.468 
25.531 27.250 219.562 868.218 1379.031 1388.875 1394.562 1687.781 1894.937 1904.750 1908.000 2896.343 3174.875 
20.000 21.937 22.593 23.750 1686.031 1886.812 1888.812 1890.593 3479.562 
81.375 83.937 885.593 1478.312 1482.125 1889.062 1890.812 1892.656 1894.343 1897.593 1900.000 2963.437 2965.437 2967.312 2969.906 3522.031 
19.500 1889.343 1891.875 2721.906 3093.031 3115.531 
266.281 1489.656 1593.156 2932.031 
1487.093 2992.218 2994.218 2996.031 2999.406 3015.875 3646.937 3650.781 
