-1615.469 -1514.625 -536.844 -182.719 -177.907 33.843 65.750 66.843 80.000 168.781 227.906 279.406 280.500 320.468 326.312 326.656 332.968 476.625 541.625 594.812 660.500 714.437 773.500 817.781 877.156 917.906 971.718 990.500 1053.468 1105.906 1120.406 1169.343 1197.718 1238.281 1246.375 1252.906 1298.156 1368.718 1441.781 1535.375 1536.531 1576.593 1591.406 1620.437 1689.750 1693.718 1799.812 1843.375 1859.062 1923.281 1931.156 1961.750 3104.156 3113.250 
-1443.813 -1439.907 -323.250 -17.094 35.218 35.500 68.218 96.031 99.812 100.781 134.625 142.093 229.906 231.718 235.000 235.375 244.343 245.687 279.562 281.156 382.250 453.312 477.406 616.750 661.250 1065.718 1066.906 1121.156 1165.250 1241.812 1294.625 1295.343 1305.093 1472.750 1476.218 1569.968 1572.125 1617.750 1686.937 1815.812 1833.437 1866.187 1927.875 1950.812 1952.187 3139.968 3589.125 
-993.063 -191.813 5.937 81.437 84.593 88.062 158.250 166.218 320.062 325.781 440.562 475.312 477.437 543.531 549.875 603.218 642.437 815.468 971.843 1031.718 1133.656 1138.093 1162.437 1197.875 1262.093 1368.218 1368.906 1409.625 1445.968 1473.093 1488.093 1518.843 1534.625 1585.843 1609.437 1662.031 1822.468 1832.000 1835.750 1860.156 1862.375 1905.062 1912.093 1953.031 1956.500 1979.218 2293.531 3337.593 3930.000 
-1140.594 -1135.657 -548.125 30.031 58.687 66.500 100.656 148.625 223.000 225.437 283.781 331.968 430.187 442.437 457.968 477.937 592.187 594.875 601.625 622.812 624.125 710.750 775.187 813.406 815.750 867.781 941.781 997.562 1059.875 1076.687 1295.687 1298.468 1368.156 1441.250 1450.468 1535.125 1567.906 1687.062 1693.968 1743.062 1752.093 1794.750 1819.343 1832.781 1839.625 1859.031 1859.281 1924.093 1929.093 1931.437 1951.593 1985.093 2126.500 2982.062 3006.906 3406.531 3750.812 3753.687 
-1504.782 -1197.157 -938.719 -186.219 -138.969 -68.063 50.375 51.125 60.343 64.406 101.531 167.906 168.812 169.312 278.000 278.468 316.000 316.281 325.781 430.218 452.500 599.531 645.843 813.500 863.843 1144.906 1197.250 1212.437 1245.656 1293.187 1369.218 1374.187 1442.093 1446.781 1550.593 1645.250 1688.687 1755.625 1794.531 1815.281 1834.000 1947.531 1948.750 2070.812 2110.250 2881.687 3051.593 3051.937 3341.375 3342.375 
-1743.250 -1640.032 -1395.938 -798.844 -792.438 -209.719 -154.750 39.843 61.218 63.906 87.156 98.031 442.000 487.468 542.437 597.156 658.843 813.312 863.093 886.281 909.156 1214.406 1239.937 1243.437 1246.906 1292.875 1294.781 1296.500 1442.093 1447.062 1535.156 1569.843 1571.062 1686.906 1758.343 1793.937 1832.718 1858.468 1904.843 1922.187 1928.875 2636.437 
-1928.657 -1890.344 -1001.219 -993.407 -983.063 -899.438 -479.157 30.718 37.687 55.750 61.343 65.906 82.937 99.562 135.968 140.625 174.781 227.687 246.812 277.937 289.281 315.093 319.437 328.718 477.562 486.000 593.281 641.593 644.187 662.218 869.531 1131.062 1131.812 1135.750 1199.906 1256.093 1292.718 1293.125 1293.937 1295.875 1371.031 1451.218 1539.406 1709.281 1792.250 1797.906 1857.875 1859.187 1924.250 1949.156 2246.812 3109.593 
-1430.875 -961.344 -147.625 34.125 35.437 35.781 40.250 102.687 227.937 230.750 328.687 441.531 452.250 452.468 456.812 477.000 482.125 615.093 620.468 645.343 646.187 712.406 773.218 775.500 778.468 815.468 815.875 841.906 969.125 1020.062 1044.187 1084.250 1120.531 1215.187 1293.468 1297.406 1306.062 1336.187 1365.406 1567.843 1707.218 1755.562 1793.500 1794.156 1923.031 1929.781 2111.125 2399.312 2495.906 3124.656 3131.156 3369.093 
-1513.282 -945.782 -922.407 -889.000 -885.969 -29.282 24.281 27.375 33.375 61.093 82.968 83.343 84.343 97.937 99.656 140.500 226.093 229.031 315.375 320.812 450.750 480.250 482.500 548.718 595.000 642.593 739.625 775.031 864.968 969.937 1197.281 1238.687 1248.843 1409.218 1449.531 1564.593 1617.000 1741.156 1755.437 1792.468 1807.906 1832.781 1836.093 1949.156 2437.968 2438.750 3107.781 3749.156 
-1669.407 -1667.657 -1431.813 -1342.000 -1323.282 -613.813 -601.750 -592.094 -559.938 28.031 44.500 60.562 61.031 133.531 201.062 320.843 388.531 452.625 456.093 481.437 645.500 646.875 820.500 838.343 839.781 1078.000 1099.562 1161.062 1243.875 1246.343 1365.000 1385.031 1390.031 1408.281 1408.781 1409.343 1447.468 1450.375 1473.125 1798.375 1814.781 1858.812 1859.593 2441.687 2502.468 2503.218 2771.406 2941.843 3412.875 3509.437 3531.812 
