81.062 120.968 146.375 193.843 213.062 339.031 362.437 452.062 529.156 552.718 684.656 762.625 865.093 925.125 1052.125 1146.062 1292.000 1356.937 1365.093 1431.812 1601.125 1628.125 1689.062 1715.750 1739.375 1813.437 1911.593 1933.062 2851.406 
97.031 99.062 119.843 146.781 243.656 310.625 339.968 350.562 363.125 451.656 566.906 649.406 684.968 903.187 924.781 986.625 1404.906 1429.812 1431.906 1489.750 1715.000 1740.312 1788.718 1873.843 2441.281 2490.468 2897.968 
58.250 101.437 199.000 348.968 361.562 438.125 551.937 640.375 718.625 747.000 865.125 900.125 986.937 1100.968 1219.218 1309.781 1323.281 1389.750 1429.968 1431.968 1690.187 
59.750 97.468 198.468 361.281 403.406 525.843 745.593 853.500 865.656 925.437 1051.500 1066.125 1100.312 1144.281 1306.625 1363.656 1365.906 1430.750 1508.625 1677.562 1849.718 3612.437 3772.343 
43.937 80.437 83.375 310.343 429.156 552.343 811.093 854.437 866.062 1051.062 1074.750 1144.531 1287.406 1364.406 1491.218 1678.906 1903.156 
99.531 263.312 306.031 451.625 572.875 685.093 865.843 867.093 1146.031 1181.781 1213.343 1218.937 1306.000 1308.156 1364.000 1428.468 1469.406 1489.343 1603.062 1668.250 1689.906 1741.093 1849.500 1889.281 3746.062 3943.250 
59.656 98.875 146.093 309.750 363.187 428.656 453.156 500.000 525.281 552.875 747.156 849.593 865.187 893.562 925.406 987.968 1214.718 1403.656 1489.218 1510.312 1751.750 1844.562 1875.468 3982.312 
361.125 403.468 429.062 499.687 684.593 892.843 1101.656 1144.000 1181.031 1349.437 1667.656 1930.375 1972.250 3657.718 
58.656 81.656 363.125 405.000 429.250 685.343 746.250 809.000 867.781 900.062 925.281 988.531 1144.375 1323.375 1365.156 1489.000 1508.500 1628.437 1713.437 
81.625 312.218 438.906 569.156 986.718 988.718 1101.562 1101.875 1364.187 1404.562 1489.187 1844.218 1931.718 3887.812 
