33.093 74.000 124.468 125.093 231.906 234.468 402.500 472.187 588.062 653.312 686.625 824.093 848.125 916.687 918.625 1062.812 1192.406 1237.656 1276.250 1440.500 1537.125 1724.375 1783.343 1822.906 1905.187 3144.875 3645.031 
96.781 125.562 155.187 184.562 232.062 264.343 290.062 325.687 381.562 572.125 588.062 729.625 771.812 824.562 878.937 1033.656 1048.843 1168.093 1238.218 1266.656 1369.218 1401.875 1464.687 1536.687 1538.406 1823.218 1906.062 1908.187 1951.468 1983.468 3547.468 3807.218 
59.031 124.750 155.218 181.750 217.406 318.843 422.187 821.656 844.656 847.656 849.687 1035.875 1061.718 1238.031 1401.593 1798.000 1824.218 1825.562 1880.875 1903.406 1907.718 2874.187 
33.687 74.687 217.750 234.906 382.937 519.781 632.031 770.500 944.906 1193.500 1440.406 1509.062 1785.968 1824.093 1879.593 3008.687 
33.531 95.781 125.000 318.812 422.812 519.375 573.562 603.187 634.937 653.843 826.468 847.250 905.062 1063.062 1104.187 1166.156 1369.937 1440.531 1465.812 1511.281 1643.812 1878.500 1949.812 3365.718 3747.375 
58.375 95.781 125.187 198.562 356.312 653.812 685.687 687.500 729.125 880.562 917.093 918.812 1144.031 1167.968 1275.625 1369.406 1440.500 1538.156 1726.125 1822.375 1823.875 1880.031 
57.906 95.906 198.093 219.375 263.781 402.687 952.531 985.718 1094.937 1168.718 1370.812 1536.875 1782.375 1791.437 1824.437 1903.781 1907.250 1921.062 3342.000 
155.656 198.468 421.875 456.656 603.281 754.031 770.406 772.312 943.125 985.062 1142.468 1346.000 1440.468 1642.781 1702.437 1724.375 1879.968 1907.406 2204.781 
34.468 95.187 96.843 264.750 491.906 770.312 823.125 906.125 1094.781 1400.843 1440.062 1537.062 1878.812 3563.843 
58.718 70.750 73.812 95.656 125.812 158.187 232.218 264.375 402.937 421.406 685.437 826.031 986.343 1049.968 1096.968 1144.156 1168.312 1347.562 1511.062 1620.031 1787.125 1879.906 
