78.750 80.937 83.437 115.093 117.406 120.281 1113.812 1118.562 1122.500 1125.062 1156.906 2199.593 2206.125 2209.718 2224.312 2226.218 2228.437 2239.187 3714.093 3717.062 3719.656 
89.437 91.531 98.750 105.156 131.343 1196.656 1237.781 2233.062 2238.218 2281.593 
1287.750 2055.125 2066.781 
261.531 1088.875 1091.437 1100.718 1103.500 1106.187 1162.468 2004.406 2027.375 
107.593 113.500 115.875 120.500 912.406 914.656 931.031 941.437 2304.968 2340.218 3461.593 
124.375 128.281 136.531 151.593 216.687 1137.687 
85.187 88.468 119.250 240.750 1073.843 1085.250 2060.937 2061.937 3307.281 3308.718 3311.937 3313.406 3333.906 3690.843 
390.156 415.968 418.968 430.250 1161.531 
1067.906 1072.312 1082.843 1092.468 1094.718 1102.000 1473.843 1476.375 2280.062 2282.718 2364.312 2386.000 3361.656 
448.437 450.156 466.500 468.500 481.093 2194.531 2206.343 2214.312 2225.687 2234.000 3387.312 
