85.531 86.031 122.656 141.531 157.062 2750.843 2753.656 2765.125 
94.156 95.593 113.031 162.750 1127.468 2344.687 
711.843 1519.031 1521.375 1523.875 1556.437 1559.281 1566.500 3061.093 3067.593 3074.000 3134.968 
84.468 99.687 109.125 112.437 120.812 131.218 1348.687 1370.781 1376.343 2574.437 2575.562 2576.906 2578.812 2580.750 2581.875 2602.937 
105.937 120.187 132.406 1434.218 1436.875 
85.062 95.218 107.218 113.843 130.656 1390.968 3400.312 3402.375 3423.062 
626.468 1605.281 1608.687 1612.218 1615.250 1618.625 3484.250 3486.593 3488.031 3489.562 
85.343 98.468 99.562 105.875 1526.343 1540.843 1557.281 1574.812 2910.437 2912.750 2915.687 2920.781 2923.343 
3056.531 3113.781 3276.781 3600.125 3602.718 3606.156 3642.687 3670.750 
140.718 1354.656 1657.218 1697.500 
