64.875 66.625 125.781 141.468 189.125 190.375 203.937 282.000 350.437 351.781 357.281 358.593 364.687 461.781 472.500 494.218 515.187 646.093 649.468 658.062 722.750 817.656 887.718 889.406 897.156 899.093 1020.000 1047.250 1188.343 1193.062 1194.781 1511.812 1553.687 1578.593 1583.468 1602.031 3881.406 
23.687 198.250 199.843 344.593 348.812 461.281 466.437 468.218 470.312 473.718 489.187 521.468 642.125 725.093 743.781 750.093 815.156 823.187 839.000 899.187 990.562 1010.625 1020.593 1037.187 1189.843 1200.062 1273.437 1274.625 1314.687 1438.281 1553.531 1576.500 1584.406 1604.125 
29.500 109.687 183.718 223.156 229.625 349.031 358.656 362.281 470.312 472.906 504.500 649.593 659.312 744.781 801.843 887.375 888.468 901.343 1011.375 1020.531 1061.968 1186.843 1286.468 1306.312 1314.125 1436.625 1446.937 1453.406 
23.093 84.406 124.187 191.687 237.656 279.343 294.312 416.531 453.468 458.000 467.906 470.281 658.750 738.312 751.875 887.781 992.187 999.281 1033.000 1196.656 1372.937 1442.968 1508.656 1518.906 1547.781 1571.125 1579.343 1584.093 
25.312 111.000 124.531 187.625 208.187 420.187 445.625 455.812 507.718 636.843 750.250 751.875 823.250 887.875 955.406 1015.281 1026.843 1184.937 1189.812 1304.562 1306.656 1436.812 1539.718 1559.906 1596.250 
40.312 107.593 197.375 222.968 225.906 278.625 358.500 447.687 499.750 508.718 638.218 641.343 758.562 885.718 888.375 897.187 956.531 963.500 1044.625 1051.156 1069.531 1188.156 1189.531 1306.437 1307.718 1436.000 1539.562 1551.906 1578.312 
63.906 190.625 515.875 519.812 644.312 899.218 1560.000 1605.343 
96.468 98.937 117.375 125.718 133.406 190.187 264.718 274.875 283.343 357.125 458.156 464.500 754.531 760.500 823.156 833.531 990.625 998.843 1013.531 1187.937 1540.125 1585.875 
221.312 235.031 344.531 472.031 753.937 1011.750 1037.343 1042.375 1188.000 1365.500 1440.000 1508.250 
125.750 185.593 344.687 345.812 642.281 724.906 1025.156 1035.312 1050.875 1438.593 
