312.250 460.500 1411.375 1617.875 
47.531 78.906 894.468 1658.187 1798.375 
33.625 78.937 920.125 1757.062 1815.750 
79.125 172.843 179.656 276.593 525.843 1641.343 1759.281 
48.625 80.875 236.593 720.500 786.281 1449.250 1560.875 
12.125 80.500 709.000 1865.750 
404.406 458.843 719.781 1038.937 1161.187 1657.062 
80.531 282.687 419.531 780.562 1221.281 1293.062 1336.750 1410.500 1502.750 1755.062 
46.875 78.750 282.375 755.281 848.437 1562.906 1655.593 1867.093 1881.625 
70.656 80.531 82.250 720.437 846.468 936.625 991.562 1141.312 1659.625 1800.406 
