252.093 869.937 893.937 1027.718 1063.687 1127.968 1188.625 1194.343 1292.093 1302.500 1485.562 1565.843 1671.937 1677.500 2080.000 2406.500 2407.937 2468.843 2724.250 2909.875 3171.656 3870.156 3870.375 3872.062 3946.500 3950.906 
30.687 175.093 693.187 998.093 1079.750 1160.562 1230.218 1289.750 1376.250 1483.656 1570.531 1603.343 1627.812 1716.281 1846.718 1882.968 1995.937 2016.656 2024.218 2028.906 2080.562 2084.343 3137.843 3235.500 3431.031 
19.656 22.906 298.593 342.875 406.375 466.656 470.312 483.718 511.343 533.875 602.843 894.343 1169.906 1374.156 1452.156 1497.062 1866.562 1995.218 2065.906 2229.125 2325.062 2341.656 2412.750 2771.562 3751.343 
213.781 487.687 879.906 1062.812 1232.437 1266.218 1388.062 1506.031 1523.187 1657.062 1918.781 3180.812 3339.093 3345.000 3350.062 
18.906 20.468 132.375 136.968 383.281 794.500 1047.500 1232.500 1284.687 1371.968 1625.312 1814.937 1864.281 2454.343 2914.781 3831.687 
933.062 1046.812 1399.156 1759.375 1768.468 
20.281 23.437 24.812 272.500 1109.187 1131.000 1484.468 1502.468 2310.343 
794.875 1396.843 
42.000 132.968 680.593 792.875 1188.906 1624.968 2746.500 
43.468 67.593 526.687 729.937 1333.437 
