18.125 57.406 200.531 201.281 212.343 280.406 322.031 369.500 370.718 414.531 419.593 473.718 582.625 647.031 805.562 923.968 987.468 1051.531 1064.656 1158.750 1182.593 1220.031 1221.968 1310.968 1311.937 1497.781 1609.843 1697.750 1762.187 1900.656 1910.562 1941.906 1979.468 
9.906 107.062 108.562 122.562 211.906 213.468 370.218 465.343 513.906 564.781 582.718 686.187 816.125 828.437 869.718 896.281 898.062 959.625 970.500 970.968 972.812 1032.906 1049.843 1050.218 1100.250 1110.781 1159.156 1218.718 1222.031 1285.718 1343.875 1596.781 1636.531 1691.656 1735.625 1774.593 1801.156 1845.062 1899.843 1901.187 1901.843 
9.843 12.468 113.468 123.125 212.781 226.062 332.625 406.906 519.406 546.281 583.281 601.843 630.687 680.375 716.500 815.812 828.625 856.375 869.343 924.562 1021.500 1065.718 1310.625 1403.593 1497.656 1525.218 1579.406 1609.718 1636.437 1678.656 1697.156 1734.843 1762.000 1847.593 1940.375 
9.656 48.750 125.625 202.656 212.468 292.125 307.000 350.156 394.187 514.312 547.375 594.093 800.812 817.000 828.968 856.937 897.812 898.562 969.218 970.187 1077.875 1111.281 1112.937 1184.250 1220.312 1409.250 1433.593 1435.156 1435.531 1503.250 1540.031 1579.281 1635.937 1638.406 1774.718 1800.531 1832.093 1902.000 1969.968 1971.406 
9.562 12.343 124.875 203.000 291.312 332.125 420.687 447.562 580.093 670.406 760.406 793.937 869.875 991.937 1015.625 1097.781 1099.500 1142.218 1165.312 1219.687 1579.062 1708.531 1741.062 1764.156 1799.500 1800.656 1900.906 1932.687 1934.781 
108.375 124.968 214.000 289.718 376.968 393.312 420.343 604.437 633.593 670.156 686.437 711.968 759.593 806.093 815.968 870.218 881.218 896.343 898.531 904.281 922.906 1065.718 1066.968 1094.031 1143.343 1167.093 1200.375 1310.125 1430.406 1431.875 1434.500 1660.531 1790.812 1799.562 1845.125 1848.281 1935.062 1973.000 1978.812 
10.250 147.125 223.406 225.812 371.781 393.343 516.406 672.312 683.406 716.187 817.093 950.843 1062.500 1202.156 1284.718 1289.281 1376.250 1538.593 1579.375 1662.500 1977.968 
11.687 18.187 188.500 203.531 290.687 308.875 522.343 545.375 546.375 583.531 630.625 663.468 857.531 858.187 904.343 971.812 1099.156 1245.687 1389.937 1538.906 1570.781 1596.062 1621.156 1637.750 1708.562 1738.343 1751.062 1800.812 1806.406 1869.906 1901.062 1940.500 
10.437 123.156 145.718 146.843 203.687 245.093 290.281 370.312 446.812 495.156 546.656 565.250 583.031 584.406 590.468 618.125 671.187 681.281 759.312 815.875 869.968 870.406 879.125 896.062 925.250 970.625 1008.625 1010.312 1100.593 1112.343 1245.875 1310.156 1398.437 1429.125 1483.687 1503.031 1509.281 1575.718 1577.656 1635.500 1636.968 1799.218 1847.437 
34.843 49.968 92.468 123.718 251.281 280.625 289.343 392.343 406.875 407.906 610.218 816.156 817.406 828.531 871.312 1031.562 1040.218 1100.125 1110.906 1255.968 1388.843 1508.250 1539.843 1576.625 1597.781 1621.031 1661.062 1734.812 1737.000 1741.031 1799.468 1847.093 1899.718 
