117.468 195.437 204.218 1117.406 1690.343 1863.843 
205.218 298.500 351.125 970.375 1274.031 1833.031 1925.343 1943.531 2034.000 
247.562 347.875 419.468 561.000 923.937 933.375 1027.531 1267.968 1509.625 1583.531 1684.093 1699.437 1887.687 1889.187 1992.750 
502.875 975.000 1264.031 1269.187 1581.312 1735.687 1826.375 1887.718 
188.906 495.125 567.500 929.531 1297.906 1327.843 1542.812 1689.312 2068.156 
222.875 239.000 376.937 425.062 559.062 577.968 685.906 1027.937 1108.625 1322.281 1890.312 1926.625 2048.812 
191.000 225.812 252.531 326.937 405.843 526.031 912.187 983.656 1481.093 1733.218 1790.843 1830.250 1886.375 2010.500 
218.406 237.312 1279.968 1475.187 1833.093 1895.000 1915.000 1985.250 2036.375 2053.593 
475.125 1154.468 1218.812 1456.343 1616.000 1886.937 1888.312 1888.781 1917.625 2065.437 
211.968 413.937 493.812 971.156 975.031 1030.718 1267.218 1451.312 1913.718 
