32.812 133.281 444.218 453.593 549.031 579.843 757.218 810.250 812.687 942.031 1239.406 1596.937 1705.062 1869.187 1896.656 
136.343 446.531 708.687 713.187 867.937 870.062 1015.687 1283.218 
1767.281 
78.937 114.562 544.781 548.625 580.812 806.750 835.750 1061.593 
22.781 29.531 83.125 189.968 195.125 267.031 271.156 359.500 374.000 481.156 1569.593 
111.093 541.312 719.718 812.875 1583.500 1696.656 
656.468 1065.812 
91.781 614.656 768.593 
24.156 1519.812 1580.656 
136.625 1172.843 1522.718 1534.562 
