33.687 103.968 211.687 245.406 264.406 304.125 374.968 666.906 681.593 686.156 771.031 774.281 832.375 979.406 1130.812 1131.281 1138.468 1191.875 1342.750 1364.281 1723.906 1728.843 1742.843 1852.281 2881.718 3771.562 
68.937 71.125 104.281 237.281 244.406 310.406 311.593 420.062 734.687 765.000 889.031 906.906 965.000 979.250 980.718 1009.750 1027.312 1031.031 1056.625 1057.531 1134.187 1185.031 1382.937 1395.718 1418.250 1969.375 
133.781 211.156 283.375 313.218 328.000 425.250 457.875 496.750 607.312 686.437 692.468 711.812 882.312 945.625 952.593 979.500 1006.500 1026.218 1126.687 1128.656 1136.656 1407.687 1523.593 1565.781 1606.125 1659.062 1681.968 1704.906 1744.031 1753.781 1885.218 1999.781 
306.656 311.562 453.437 456.531 463.875 759.625 776.281 830.875 1036.000 1184.656 1437.562 1590.218 1758.031 1850.343 1882.656 1976.562 
244.375 246.625 414.406 511.406 664.812 741.250 835.968 884.312 1002.531 1003.593 1035.093 1131.437 1400.656 1761.500 1777.093 1891.312 1893.343 
67.125 88.468 112.406 494.906 534.000 574.593 742.968 983.656 1018.812 1338.687 1339.781 1363.218 
101.625 419.406 476.218 534.750 706.843 877.531 1028.250 1036.843 1058.968 1220.625 1292.187 1604.468 1712.125 1713.875 1717.593 1743.000 
78.968 99.656 192.437 377.312 511.750 746.843 889.218 907.656 910.218 1371.968 
76.625 283.531 475.406 714.750 740.375 765.031 872.843 1027.968 1038.750 1604.218 1711.156 1743.000 1881.625 1960.500 
633.781 651.937 831.125 902.687 1037.562 1968.312 
