31.562 43.031 68.625 79.656 82.343 100.062 106.093 148.500 159.656 205.312 228.156 317.031 393.281 498.937 750.562 768.937 828.968 929.312 937.968 986.312 992.906 1022.375 1129.218 1264.937 1314.531 1435.093 1632.812 1656.906 1735.218 1786.187 1795.687 1938.843 1958.031 1959.937 1983.093 
164.875 187.531 228.031 281.687 381.062 531.125 712.343 778.937 947.750 967.250 1204.281 1220.750 1313.156 1379.437 1425.187 1433.593 1434.468 1708.312 1748.312 1769.468 1807.968 1895.375 1901.687 1920.531 1935.312 
28.500 51.875 67.437 85.500 146.437 149.000 169.843 178.875 185.468 205.656 271.437 294.781 422.437 677.375 995.187 1039.687 1099.781 1272.000 1415.250 1496.562 1503.562 1576.218 1753.000 1778.218 1791.062 1827.281 1868.093 1947.000 1957.312 
122.062 158.375 167.812 214.843 265.656 325.531 564.687 566.093 751.281 791.656 793.312 831.125 862.343 918.750 946.968 1005.375 1212.968 1259.250 1349.062 1692.468 1736.906 1797.656 1818.375 1948.312 1974.812 
106.687 107.843 124.656 189.843 257.812 503.468 510.500 544.218 772.156 793.312 962.375 975.343 993.968 1019.187 1178.562 1222.968 1243.062 1314.250 1478.843 1485.406 1786.343 1869.125 
44.781 54.437 57.843 68.062 93.468 170.000 173.812 388.750 528.062 551.312 1016.062 1050.000 1204.593 1578.125 1824.343 
78.968 146.875 262.750 270.750 298.906 347.406 653.500 711.312 791.593 824.625 926.375 991.750 1790.218 1791.437 
35.031 75.906 175.656 191.000 199.218 261.375 359.406 666.500 904.625 990.375 1394.937 1435.906 1574.906 1914.718 1967.125 
44.562 98.343 325.843 416.156 445.312 446.250 501.562 553.093 772.937 774.062 966.093 1030.093 1088.812 1177.406 1273.031 1480.187 1574.843 1808.937 1817.562 
53.593 84.000 145.468 264.156 300.750 418.375 774.437 871.468 1183.531 1208.031 1366.625 
