30.875 58.218 173.718 408.968 411.562 498.750 540.906 673.500 689.125 695.468 708.968 743.406 838.531 938.187 1001.125 1212.406 1255.093 1298.093 1632.125 1688.187 1695.968 1755.125 1927.562 2465.781 2474.000 3122.468 3130.625 3487.500 3493.531 3495.250 3497.312 3503.843 3532.468 
23.750 31.062 51.281 80.500 82.750 94.906 136.281 336.812 347.937 365.500 380.531 405.468 497.125 501.375 509.562 710.656 727.093 735.625 892.437 948.000 956.843 987.812 1178.781 1195.093 1328.437 1380.875 1389.562 1536.812 1572.343 1582.000 1582.968 1603.250 1633.687 1707.250 1731.375 1812.312 1975.156 2796.281 2855.562 2889.187 3052.718 3067.718 3070.437 3698.468 3700.625 3707.812 3716.781 3718.656 3723.968 3725.843 3728.562 3844.625 3848.125 3855.875 3877.281 
31.593 79.468 95.406 118.187 145.281 152.875 176.062 195.781 232.031 261.218 267.812 335.031 368.218 370.093 382.718 420.625 441.468 450.812 496.500 499.812 509.093 525.875 557.406 652.906 719.937 748.062 820.000 893.968 936.218 945.250 972.593 1111.343 1126.062 1150.437 1283.437 1298.531 1434.718 1543.906 1547.718 1561.437 1580.781 1617.187 1632.125 1654.218 1732.500 1796.250 2612.718 2625.187 3402.718 3417.156 3419.281 3427.937 3444.000 3482.375 3530.937 3537.062 3585.593 
24.968 30.875 101.312 131.187 155.250 179.531 187.343 335.875 368.718 388.750 399.968 449.062 499.656 578.375 604.000 639.375 682.656 708.406 711.562 747.000 811.093 818.281 897.937 913.500 1069.031 1082.875 1106.125 1137.437 1162.875 1253.156 1264.843 1270.250 1363.437 1384.375 1473.281 1542.250 1580.968 1598.812 1624.125 1624.718 1641.843 1820.562 1939.187 1995.250 2786.625 3444.343 3451.718 3453.187 3461.000 3503.937 3819.781 3843.687 3853.093 3857.750 
24.906 76.687 111.093 131.718 308.937 333.406 348.781 370.593 381.000 407.468 429.781 454.843 500.062 570.562 577.437 652.312 657.468 690.968 722.468 723.343 846.156 920.875 987.281 1009.875 1078.218 1113.531 1118.750 1266.875 1585.062 1610.250 1671.531 1701.375 1784.218 1848.281 3020.031 3893.843 3907.718 3977.906 
25.625 31.687 56.531 61.062 85.968 87.562 89.562 139.593 219.593 273.312 342.531 365.750 381.062 411.500 431.656 580.593 652.625 873.062 889.906 910.718 942.562 1067.531 1074.812 1124.968 1125.843 1155.562 1184.937 1193.531 1301.500 1324.250 1324.937 1536.156 1554.718 1594.906 1596.125 1621.968 1701.968 1709.281 1738.750 1818.000 1902.312 1925.250 1994.625 2557.781 2567.562 3061.625 3950.968 3954.218 3960.937 
25.156 25.875 30.906 45.468 89.500 131.312 137.062 145.125 210.156 211.843 267.062 275.312 276.093 345.281 365.000 497.031 543.500 577.125 681.375 718.562 745.906 903.750 1261.437 1381.718 1469.906 1472.687 1590.343 1605.593 1607.218 1630.687 1654.531 1708.812 1789.656 1933.468 2958.625 2959.625 2996.625 3609.187 3623.312 3698.812 
10.593 12.093 13.968 98.343 187.375 216.375 281.250 355.531 370.312 379.781 384.875 407.375 413.312 664.687 706.875 710.937 903.625 973.875 976.968 991.125 996.750 1074.218 1235.312 1260.812 1294.093 1525.031 1526.562 1527.156 1583.687 1857.437 2546.843 2556.375 2598.281 2673.687 2792.187 3793.531 3815.125 3945.687 3959.781 
24.000 27.250 64.562 69.968 74.281 117.625 339.656 347.718 367.468 373.312 381.875 393.031 441.406 502.906 528.093 572.468 655.500 716.593 938.312 1002.968 1073.062 1115.000 1138.625 1185.750 1193.781 1203.906 1233.906 1268.593 1482.625 1519.187 1582.156 1586.000 1607.031 1625.843 1662.375 1675.906 1690.125 1794.656 1922.656 1955.937 1988.125 3031.562 3035.750 3169.687 3184.125 3867.656 3882.593 3915.031 3930.875 
84.875 163.656 170.468 201.125 270.937 309.812 339.250 370.937 432.250 500.906 501.500 640.750 733.531 820.781 897.812 1123.593 1127.062 1138.281 1150.218 1176.875 1183.593 1188.406 1369.437 1384.000 1538.843 1561.750 1691.562 1983.625 1990.281 2032.062 2033.593 2042.000 2047.687 3030.906 3051.156 3071.125 3635.531 3653.937 3767.468 
