-1549.657 -334.813 170.468 173.875 343.781 345.531 392.781 529.875 740.406 827.906 867.843 910.968 933.625 1011.000 1066.968 1532.812 1631.718 1634.062 1664.437 1776.750 1849.187 1870.906 1919.406 2082.875 2099.843 2154.156 
-752.969 43.093 185.937 305.000 321.343 389.843 486.093 490.468 490.843 500.875 507.406 546.781 658.468 674.625 747.812 753.281 825.062 931.500 1278.375 1279.937 1456.406 1498.656 1662.062 1723.562 1763.781 2049.718 2093.531 2263.281 
36.906 44.468 47.031 48.125 166.812 174.750 182.843 281.187 320.312 476.031 539.250 544.812 560.968 742.656 825.937 847.062 906.781 908.656 934.875 1027.375 1034.343 1173.750 1205.593 1284.531 1317.812 1469.843 1664.875 1667.062 1773.031 1900.156 2046.562 
46.593 58.281 64.343 171.625 539.406 545.187 660.968 672.125 674.781 740.843 745.562 752.625 893.375 912.718 1041.656 1217.843 1360.781 1633.437 1748.500 1838.406 1947.687 2003.031 2006.468 2028.093 2089.468 2106.312 
40.156 41.218 44.843 61.656 161.250 283.406 294.531 296.687 297.593 323.312 346.562 399.906 547.843 567.187 766.437 768.843 872.406 878.000 892.281 915.187 922.250 934.093 981.875 1040.843 1179.625 1278.875 1300.906 1385.656 1460.937 1498.156 1536.718 1630.937 1837.218 1854.281 2026.656 2046.437 2095.625 2157.218 
37.625 160.937 162.687 175.968 195.187 290.625 312.687 350.218 360.250 366.750 376.187 384.843 473.062 475.968 504.062 514.843 542.812 554.406 572.750 687.875 747.187 825.718 832.468 846.250 863.156 1022.156 1038.093 1087.687 1188.000 1192.812 1200.937 1379.937 1382.781 1482.375 1533.843 1631.937 1731.281 1861.781 1908.562 2028.625 2054.593 2162.093 
39.531 40.593 60.656 160.687 168.406 205.093 535.125 544.968 570.062 585.312 667.593 733.781 822.593 905.343 914.718 954.937 1006.562 1045.781 1167.843 1176.250 1180.250 1190.343 1215.718 1305.906 1354.937 1361.093 1535.218 1631.687 1684.375 1838.312 2007.218 2021.718 2049.000 2111.156 
37.281 207.843 358.812 365.531 381.343 385.843 478.718 532.468 537.312 545.093 565.062 735.562 824.750 971.312 1199.718 1425.906 1476.562 1720.125 1749.875 2027.187 2028.000 2098.500 
61.031 74.000 75.625 162.875 315.218 360.968 402.000 500.187 562.062 661.125 700.906 755.812 766.156 825.937 881.843 913.281 1004.593 1195.031 1305.750 1318.875 1458.593 1534.218 1637.312 1660.375 1734.000 1917.093 1937.281 2041.250 2052.343 2112.593 2160.906 
37.812 42.281 44.937 46.968 73.437 172.312 177.593 191.250 192.593 290.531 323.687 470.781 493.031 567.218 728.625 849.406 1020.187 1280.750 1358.343 1365.687 1386.968 1464.812 1493.062 1537.375 1633.531 1684.812 1861.125 1910.375 2087.343 
