-1011.500 31.062 38.593 144.312 151.812 165.000 177.875 194.031 412.468 418.937 572.500 595.062 671.593 683.968 690.562 1014.187 1049.843 1307.562 1483.968 1634.125 2158.843 2168.812 2256.687 
36.468 40.593 45.875 214.187 365.593 375.718 589.687 716.500 1195.781 1375.250 1445.562 1488.968 1518.093 1882.281 1895.125 1933.812 2064.218 2102.343 2222.000 2227.781 2245.250 2422.968 2492.531 
33.031 43.250 145.375 191.687 234.781 365.718 445.218 567.656 568.937 598.437 673.718 679.500 754.812 834.812 838.500 960.562 1001.406 1168.156 1207.187 1391.625 1643.562 
31.468 67.625 76.781 88.093 142.718 144.250 391.937 409.156 446.593 574.281 619.562 687.625 694.375 732.656 836.156 843.000 882.843 1043.656 1260.656 1474.812 1543.593 1668.500 1674.500 1724.031 2169.781 2209.125 
35.906 57.406 81.406 142.531 153.343 156.500 230.093 230.875 567.093 568.562 579.343 597.500 827.687 833.781 952.312 1375.093 1465.187 1498.937 1517.312 1557.531 1635.906 1696.125 1894.031 1911.437 1953.875 2103.250 2171.031 2174.750 
-1401.500 34.406 41.312 76.937 142.562 179.750 218.500 257.250 398.187 430.156 440.968 568.875 654.312 836.375 862.156 890.437 968.812 1175.000 1186.093 1376.656 1477.781 1526.562 1638.812 1691.937 2157.843 2158.937 2207.968 2229.343 2257.312 
74.437 454.687 568.343 673.437 731.875 831.687 834.562 867.156 870.750 959.625 1168.531 1177.250 1217.125 1377.187 1396.843 1537.562 1693.531 1871.968 1959.343 1980.937 2063.468 2177.750 2209.156 
33.406 35.968 43.531 56.968 145.375 362.437 448.968 578.875 592.906 661.937 696.625 708.875 714.031 715.312 839.031 842.656 864.437 890.843 896.531 946.500 961.031 1168.906 1173.562 1240.250 1376.000 1543.031 1935.750 1961.625 1962.718 1981.750 2063.750 2088.062 2152.031 2158.468 2189.812 2248.062 2254.718 
30.062 53.656 144.093 370.812 382.031 570.125 590.937 711.062 723.593 734.906 844.781 846.000 890.125 998.593 1445.968 1668.656 1673.062 1689.187 2108.218 
33.281 42.031 97.781 146.281 213.468 280.718 401.625 493.562 732.937 827.906 843.093 960.031 1302.625 1375.750 1563.125 1635.218 1666.343 1854.187 1857.500 1917.843 2169.718 
