27.687 186.687 192.781 304.812 492.531 515.343 521.437 562.437 609.750 642.625 752.093 922.125 1002.218 1035.812 1145.437 1209.593 1304.343 1479.906 1584.781 1865.625 1897.625 1921.218 1931.406 2037.218 2063.781 2206.031 2213.531 
33.593 37.312 44.250 46.406 57.843 154.687 158.656 287.906 295.562 306.000 564.937 571.406 606.843 666.781 682.625 742.593 743.937 751.718 773.906 782.531 792.750 810.906 947.250 991.156 1010.406 1023.000 1214.625 1217.625 1260.343 1317.718 1568.781 1572.093 1651.250 1746.875 1825.437 1837.843 2010.937 2119.937 2219.250 
22.437 62.250 153.000 184.656 280.687 296.843 398.093 402.781 552.375 591.343 597.656 605.656 609.000 766.312 833.968 841.781 848.125 1055.343 1130.500 1404.437 1506.156 1521.656 1569.156 1595.875 1686.968 1758.562 1857.000 1857.593 1864.968 1946.968 2205.312 2211.281 2394.937 
27.218 155.000 289.937 401.625 412.718 526.343 606.281 609.437 748.812 928.312 1124.468 1151.562 1217.125 1266.156 1290.250 1299.187 1323.937 1477.843 1480.500 1685.000 1690.500 1699.531 1717.750 1739.812 1822.406 1858.718 1867.218 2016.468 2066.593 2124.750 2205.531 2263.906 
-288.594 30.718 63.125 166.093 321.875 495.125 568.812 572.343 612.093 619.062 850.906 919.406 986.906 1008.468 1124.125 1262.031 1304.843 1398.937 1411.687 1480.406 1822.562 1907.500 2072.781 2092.687 
18.468 26.937 28.843 36.312 50.406 58.093 64.281 155.968 157.906 160.656 277.187 298.531 427.937 496.093 586.781 611.343 615.187 637.468 748.343 756.250 827.343 923.156 1212.062 1218.000 1323.718 1569.250 1608.562 1646.343 1737.156 1894.125 1919.250 1924.250 2062.500 2082.500 
27.875 32.875 60.218 282.500 398.375 414.781 588.375 603.937 619.531 758.187 766.250 773.125 956.375 1211.531 1215.468 1277.156 1420.687 1589.750 1674.562 1689.843 1736.250 1757.000 1822.437 1833.718 1844.750 1868.250 1880.187 1953.906 2049.750 2080.500 2096.375 2121.625 2208.531 2235.312 2465.093 
-1564.125 21.218 28.156 47.718 156.062 164.468 180.562 180.843 488.437 492.250 497.218 564.562 575.968 620.625 621.375 741.218 744.968 746.968 756.250 760.093 765.406 780.750 956.093 1038.312 1054.718 1142.562 1157.718 1208.875 1221.250 1266.312 1324.250 1398.843 1509.406 1640.000 1641.875 1834.156 1864.875 1912.343 2034.187 2039.562 2064.812 2085.156 2205.937 2220.218 
24.187 25.468 28.593 157.531 158.000 169.125 177.312 318.843 416.312 516.906 586.593 615.656 632.625 640.875 747.406 773.187 786.375 816.593 840.718 863.843 1011.312 1120.718 1128.843 1150.750 1234.531 1269.406 1491.468 1674.843 1844.531 1865.218 1874.312 1912.781 1933.343 2068.437 
27.187 41.125 44.687 173.468 196.343 199.187 204.656 281.468 415.187 556.843 558.593 637.593 639.031 742.500 751.906 859.187 1052.468 1125.281 1154.187 1207.468 1215.000 1218.312 1225.093 1324.000 1496.937 1603.000 1662.593 1696.250 1739.125 1760.718 1831.000 1833.531 1958.281 2063.437 2071.187 
