40.031 53.281 72.156 131.406 156.031 191.562 195.906 234.312 687.000 760.687 881.656 890.406 1051.875 1062.531 1072.562 1252.093 1335.093 1370.125 1570.156 
-354.188 34.625 43.875 58.125 64.625 129.937 203.000 206.156 264.875 266.125 270.031 387.750 488.093 680.562 718.531 751.406 885.250 912.500 938.437 998.468 1004.625 1044.750 1221.187 1278.250 1531.281 1540.781 1557.343 1630.750 
160.875 217.500 405.343 502.250 677.156 678.500 719.906 895.875 907.750 1244.031 1302.500 1309.062 1530.406 
30.781 32.468 54.218 130.093 153.406 219.812 368.031 439.906 444.000 450.031 485.343 494.718 678.468 747.531 886.125 1136.218 1212.500 1537.656 1546.718 1549.437 1593.062 1914.812 
34.312 36.343 47.343 53.875 61.687 70.625 195.125 196.968 215.250 484.812 496.562 501.156 677.125 687.531 711.187 733.343 737.843 770.093 888.531 1002.562 1121.468 1216.625 1300.218 1354.906 1375.437 1554.687 1571.750 
31.187 35.593 45.437 63.468 130.031 192.625 195.875 271.750 285.031 376.593 403.468 440.968 452.375 490.375 880.375 913.000 1220.281 1262.062 1303.000 1342.406 1367.312 1536.937 1569.875 1632.218 
37.156 206.031 211.781 227.250 287.375 379.906 505.531 520.343 718.406 763.312 774.437 878.531 904.250 1004.593 1062.468 1212.093 1263.937 1358.312 1369.468 1542.031 1595.687 
45.875 54.875 64.468 67.156 129.781 193.906 380.531 410.593 446.281 451.562 883.437 984.906 1046.750 1213.812 1278.031 1282.843 1844.906 
41.593 56.375 195.062 197.781 278.593 448.437 476.343 765.625 771.406 879.812 909.562 929.093 1010.500 1070.625 1213.906 1253.281 1563.625 
44.500 64.906 129.500 131.718 381.250 411.718 445.562 483.218 493.406 681.000 681.843 752.281 758.531 878.187 880.875 882.781 919.750 980.000 1009.343 1012.625 1052.156 1211.718 1240.750 1326.437 
