198.812 202.468 332.500 373.500 515.875 530.000 537.250 588.187 660.968 673.531 733.437 814.812 815.875 821.062 867.750 1055.781 1118.093 1159.031 1175.906 1238.875 1280.125 1324.468 1407.218 1445.968 1482.187 2961.218 
21.500 57.968 62.218 91.000 104.968 258.187 345.843 378.875 428.250 431.000 434.937 481.343 537.375 547.000 655.156 662.375 705.406 738.281 740.906 904.406 971.281 982.343 1053.312 1055.031 1131.906 1157.531 1169.906 1177.187 1284.625 2611.156 3144.187 3152.562 3165.718 3171.375 3193.937 3267.593 3277.531 
18.656 30.093 37.906 66.843 364.093 419.968 424.656 438.656 472.750 497.187 643.437 671.156 741.125 807.625 879.250 881.562 993.000 1048.875 1061.156 1063.406 1152.093 1180.375 
19.062 111.156 211.000 294.218 797.875 913.968 1180.000 1405.468 
19.125 23.656 49.156 144.250 182.968 293.875 381.218 469.437 629.062 630.968 749.656 815.687 967.562 1228.968 1271.593 1281.562 1407.062 2092.718 2887.343 3710.187 3716.031 
28.375 51.218 60.000 191.531 236.281 316.781 462.781 467.312 511.062 516.750 519.718 675.031 865.750 932.406 983.125 1044.531 1077.375 1139.250 1168.968 1290.468 1298.937 1408.812 1413.437 1445.781 2256.531 2702.562 3361.250 3453.437 3501.875 3768.531 
36.625 61.093 67.781 72.187 111.187 183.250 245.187 268.468 304.750 341.812 458.062 514.312 589.625 743.125 745.968 781.906 864.531 910.218 980.250 984.375 1055.406 1168.875 1285.906 1440.031 1461.312 2508.156 2514.937 
29.750 32.250 35.656 51.500 534.718 636.062 743.593 847.843 1125.375 1585.687 
33.531 36.093 271.437 311.218 424.781 564.031 632.000 968.937 1117.031 1143.250 1150.156 1293.531 2139.312 2647.500 2700.187 2768.000 2887.718 2890.218 2926.968 3027.312 
38.375 40.750 197.812 274.437 305.312 543.968 619.312 631.593 750.906 813.156 1167.437 1222.718 
