47.843 99.375 181.687 315.406 367.687 634.250 665.093 852.781 1008.875 1025.437 1182.968 1278.218 1283.156 1303.500 1308.031 1387.625 1408.343 1414.656 1416.687 1455.843 1475.000 1751.593 1753.312 1858.250 1938.937 2186.468 2386.093 2392.468 
20.593 100.343 750.156 848.812 919.937 939.656 1000.562 1094.125 1137.093 1203.812 1287.250 1313.062 1407.093 1473.156 1502.937 1504.156 1520.593 1778.625 1846.000 1847.937 1920.531 1998.343 2070.593 2112.656 2189.500 2226.156 2349.843 2377.281 2382.125 2385.781 2411.750 
57.500 213.000 214.437 322.031 323.093 341.187 361.468 665.218 694.375 755.937 756.812 906.468 928.062 950.437 1091.218 1136.468 1203.343 1291.093 1460.281 1707.812 1752.906 1935.000 1960.125 2107.343 2190.125 2222.406 2230.031 2356.656 2369.312 2385.593 2391.906 
26.125 101.343 462.062 467.375 554.187 944.750 1039.718 1161.281 1284.875 1382.843 1387.875 1417.750 1480.718 1488.968 1670.062 2036.312 2200.187 2240.843 2401.750 2413.750 
241.375 911.156 919.125 934.562 938.875 1294.687 1362.718 1373.437 1382.656 1448.281 1465.437 1466.500 1997.750 2218.375 2282.687 2384.156 2411.031 
58.687 145.968 210.000 363.906 834.625 839.937 920.687 1039.500 1099.406 1174.937 1281.406 1373.000 1426.562 1439.062 1443.406 1465.687 1466.750 1475.312 1479.250 1489.343 1845.593 1985.687 2061.156 2180.625 2211.375 2271.281 2352.406 2392.250 
190.906 750.781 760.250 919.531 1192.656 1206.937 1366.406 1426.562 1427.687 1476.343 1479.875 1499.593 2069.843 2186.062 2202.281 2370.187 2382.093 2393.156 
323.968 369.218 463.562 634.343 764.812 866.093 910.687 923.187 950.687 991.250 1030.562 1131.500 1160.000 1189.687 1208.375 1213.718 1289.968 1372.343 1386.093 1387.593 1420.281 1438.187 1469.968 1479.656 1486.625 1504.375 1653.312 1751.968 1757.531 1814.625 1816.125 1847.906 1851.625 1981.562 2005.625 2046.281 2104.218 2198.406 2212.437 2315.312 2338.375 2366.218 2392.562 2405.875 2408.062 
89.625 361.937 630.968 762.875 845.875 849.000 908.781 941.968 1040.562 1042.125 1049.031 1090.281 1097.218 1099.125 1163.031 1167.375 1208.781 1287.218 1302.562 1412.250 1420.406 1439.656 1445.718 1475.062 1482.531 1491.625 1496.937 1749.500 1819.687 1850.218 1925.218 1948.968 1950.187 2000.187 2004.000 2107.937 2208.812 2305.125 2334.593 2375.468 2385.156 2388.093 2390.250 2401.937 2411.687 
55.187 102.781 343.000 614.468 850.500 906.687 926.093 935.125 945.625 1012.031 1013.062 1015.531 1027.593 1037.968 1081.406 1141.437 1209.812 1277.031 1372.437 1415.531 1466.187 1467.437 1473.125 1483.062 1504.125 1521.406 1847.375 1939.281 1994.000 2115.625 2120.031 2234.187 2284.718 2346.125 2378.593 2390.843 2397.031 
