47.593 81.750 227.718 258.406 291.625 292.812 566.593 580.500 614.906 705.812 728.125 1717.562 1739.125 1930.031 3381.250 3400.500 3415.375 3520.968 3538.625 3560.312 3574.437 3625.000 3641.937 
40.093 84.281 161.218 220.906 246.718 259.656 260.687 274.125 284.656 294.218 309.625 545.812 581.937 1625.531 2898.406 2917.625 
80.750 155.750 180.406 234.250 240.531 247.937 253.406 266.843 267.375 277.000 285.312 690.437 691.656 709.218 721.687 730.156 751.000 773.062 798.437 953.000 1303.250 1653.843 1765.343 1785.375 3467.500 3482.218 3499.125 3514.875 3527.062 3880.125 3907.468 3930.937 3996.406 
225.281 250.593 371.312 493.437 557.968 568.468 572.593 574.750 578.781 594.218 1468.781 1507.468 1702.125 3195.687 3225.312 3232.718 3239.343 3258.343 3263.843 3279.562 3291.875 3315.750 3352.468 3965.062 3978.031 3981.250 3994.125 3995.812 
9.937 20.562 21.093 35.156 88.187 92.906 104.968 120.312 269.875 280.468 305.625 311.843 340.031 714.625 755.000 947.968 968.875 994.000 1003.750 1018.218 1727.656 2698.812 2706.750 2713.062 2721.593 2724.968 2733.000 2733.968 2744.531 2752.750 2765.437 3245.781 3253.937 3265.937 3281.281 3702.781 3718.937 3720.531 3760.062 3896.187 
21.500 30.093 34.781 58.906 85.375 193.375 216.218 229.625 256.968 264.468 300.156 316.625 349.937 545.625 564.562 576.312 578.718 593.437 617.687 741.312 757.781 791.156 791.781 874.656 1033.531 1034.375 1284.156 1307.406 1324.593 1605.468 1914.125 1935.187 1949.687 2841.812 2875.968 2891.468 2904.187 2905.468 2907.968 2929.187 2958.875 2961.281 3896.000 3902.468 3915.562 3929.187 3943.468 3957.343 3984.875 
22.562 39.343 52.250 79.375 109.500 165.625 205.875 216.906 231.968 237.875 252.781 259.625 265.218 273.687 274.406 286.656 302.156 307.531 312.718 501.187 564.687 574.187 585.968 606.343 736.718 757.750 1148.843 1612.875 1637.781 1639.375 1663.625 1803.531 2650.656 2767.281 2784.656 2886.250 2886.906 2914.062 2949.968 
10.437 238.062 262.375 300.812 305.437 573.093 600.781 746.156 761.281 797.218 940.375 944.531 948.562 958.093 1315.781 1379.093 1848.906 1850.156 1930.937 1932.156 1940.812 2072.156 2074.281 2077.031 2834.312 2861.656 2949.750 2960.000 2983.343 2998.593 3019.781 3036.093 3043.937 3046.843 
61.437 85.062 197.781 228.468 254.375 283.031 302.843 303.218 305.593 317.750 318.187 342.625 433.093 1624.437 2107.593 2215.625 2224.437 2226.718 3238.500 3238.968 3240.750 3258.343 3291.781 3437.656 3451.687 3479.593 
13.000 20.875 27.156 37.093 49.625 111.062 156.218 169.906 182.031 300.906 315.500 350.031 477.843 489.843 498.656 857.593 923.562 969.562 1147.156 1148.812 1374.906 1461.468 2840.125 2859.906 2872.125 3162.593 3178.375 3200.000 3207.968 3235.781 3916.687 3919.250 3929.843 3930.687 3943.343 3952.156 3969.531 
