12.250 29.781 70.593 184.812 211.531 412.656 1016.656 1030.062 1055.781 1085.625 1394.062 1478.875 1500.906 1841.656 1851.031 1879.593 1918.781 3066.125 3084.875 3116.968 3226.437 3248.187 3275.093 
77.593 114.250 331.843 659.187 660.250 1015.750 1031.593 1042.437 1064.875 1431.750 1445.000 1464.218 1642.312 1658.000 1676.187 1910.468 1922.843 2824.687 2869.125 2918.718 2937.187 3571.093 
21.593 50.375 463.531 656.875 672.937 1012.031 1052.656 1931.937 3051.250 3110.125 3128.593 3610.718 
58.437 95.375 110.437 130.187 133.375 155.656 187.000 215.312 263.000 282.500 286.250 325.437 337.812 346.625 364.562 365.000 761.187 1029.031 1049.031 1065.687 1066.562 1078.312 1081.562 1456.562 1489.406 1509.218 1838.312 1847.875 1897.687 1899.656 3174.968 3204.968 3227.125 3257.781 3268.750 3291.312 3395.187 3792.156 3803.625 3807.687 3811.968 3819.093 
22.156 28.062 42.687 120.406 281.625 289.812 327.187 489.843 654.156 688.875 1013.125 1020.312 1021.031 1040.375 1051.593 1069.562 1087.250 1090.250 1176.093 1430.906 1677.968 1885.000 1944.562 1976.875 3060.125 3062.125 3075.656 3079.531 3088.218 3104.125 3119.156 3131.687 3147.625 3303.625 3305.218 3316.781 3327.156 3348.375 3357.281 3371.093 3375.437 3390.093 
45.625 77.218 108.437 119.562 151.250 179.281 183.312 199.406 214.468 479.062 491.375 501.281 526.531 998.343 1012.281 1018.687 1025.218 1026.781 1037.312 1043.531 1059.468 1067.156 1067.906 1089.562 1328.875 1434.156 1837.843 1838.468 1878.781 1890.031 1894.562 1902.843 1903.937 1920.875 1936.531 2759.906 
45.937 57.750 78.781 79.625 102.718 115.187 143.468 166.031 175.375 184.062 193.718 194.687 208.625 214.718 218.156 300.125 314.187 322.812 461.687 770.062 842.031 845.093 846.218 857.125 859.343 868.093 1023.250 1043.031 1047.218 1066.218 1066.812 1077.093 1077.781 1083.906 1098.343 1152.218 1179.687 1186.843 1191.593 1193.000 1204.468 1228.312 1767.781 1791.437 1841.156 1868.906 1890.406 1914.468 2084.937 2096.937 2098.000 2107.656 3274.625 3285.625 3291.343 3292.906 3302.468 3321.312 3331.406 3332.843 3368.875 3386.468 3398.656 
4.812 21.906 55.468 101.750 116.937 118.656 147.062 388.812 418.343 548.531 654.687 675.468 676.062 765.937 1013.718 1026.968 1032.250 1040.687 1044.156 1068.187 1069.312 1082.687 1100.687 1109.093 1414.281 1428.000 1455.250 1455.968 1873.687 1922.343 1942.968 2786.937 2817.281 2831.062 2832.531 2844.250 2846.343 2859.343 2875.281 2895.093 2908.031 3822.281 3835.218 3843.750 3854.500 3869.000 3874.937 3886.500 3920.875 3921.093 3924.218 3934.000 3939.187 
53.312 66.843 83.593 98.593 100.562 103.656 119.656 123.468 144.562 155.156 172.250 183.468 191.593 205.406 213.593 231.500 232.312 266.812 279.500 296.468 304.500 313.718 333.531 340.812 388.781 412.625 435.281 473.093 666.875 980.656 986.593 1153.250 1217.656 1247.218 1259.218 1407.843 1427.156 1438.968 1439.500 1452.093 1466.187 1706.750 1737.187 1862.281 1892.625 1894.656 1913.093 1913.656 1943.500 1945.593 1970.250 1980.218 2795.593 2916.093 2929.625 2949.281 2949.812 2957.656 2970.531 3024.125 3119.687 3132.968 3242.906 3284.437 3295.750 3322.968 3735.906 3745.468 3746.218 3753.062 3753.687 3767.750 3786.843 3795.718 3978.156 3996.000 3996.781 
43.218 70.437 80.406 91.781 101.562 113.125 132.812 154.375 164.187 166.218 173.687 185.281 210.468 217.031 278.531 297.000 319.218 329.062 344.500 357.531 379.656 511.656 530.406 531.687 563.718 586.656 587.812 596.000 679.250 825.375 1015.093 1035.718 1046.062 1068.187 1077.687 1095.156 1139.625 1323.125 1449.656 1464.375 1464.562 1488.437 1687.187 1699.968 1704.718 1722.375 1727.031 1749.250 1767.750 1779.500 1987.687 2960.687 2987.687 3002.343 3012.968 3026.062 3029.468 3033.312 3041.218 3046.968 3064.531 3079.375 3086.156 3098.906 3118.718 
