-1966.282 -1960.125 -1937.875 -1914.907 -1856.125 -1760.907 -1759.532 -1750.782 -1119.844 -1050.813 -1040.875 -1020.094 -1011.875 -1008.625 -712.032 -178.594 -139.469 -137.969 -76.594 18.218 25.312 26.125 52.875 56.062 76.218 89.531 103.437 129.531 189.843 196.281 262.718 328.406 467.125 579.625 593.531 713.968 766.593 807.187 813.937 1073.843 1083.562 1092.687 1101.593 1125.812 1127.156 1130.906 1134.750 1480.312 1613.843 1752.093 1782.562 1815.406 2694.875 2700.500 2811.937 2830.593 2978.812 3039.718 3040.812 3295.812 3307.500 3630.531 3845.062 3861.687 
-1989.813 -1976.907 -1689.907 -1684.813 -1681.844 -1675.219 -1199.000 -1191.813 -1183.969 -1035.000 -643.782 -423.844 -403.000 -401.500 -398.375 24.656 60.875 62.625 103.093 104.312 126.093 127.031 209.750 416.500 441.343 549.718 569.937 667.406 676.375 848.812 853.625 854.406 866.406 1092.343 1141.500 1157.406 1362.500 1467.718 1487.968 1653.968 1676.968 1755.687 1798.500 1819.312 1823.312 1862.156 1950.281 2529.000 2531.343 2532.812 2544.375 2545.656 2617.468 3060.937 3148.250 3149.000 3368.781 
-1949.000 -1934.032 -1757.375 -1714.438 -1696.625 -1686.344 -1683.063 -1484.594 -1276.844 -1254.375 -904.907 -806.000 -668.938 -664.157 -618.532 -549.907 -545.407 -545.094 -227.000 -224.344 -223.688 -180.407 60.187 85.031 410.656 441.968 807.125 1072.937 1093.093 1140.781 1154.218 1216.968 1433.125 1435.437 1436.031 1437.156 1440.781 1806.125 1832.312 1998.750 2039.968 2855.437 2868.531 2872.937 2895.656 3793.593 3853.906 3856.875 3873.000 3905.968 3960.937 
-1998.063 -1917.875 -1914.438 -1912.844 -1912.125 -1859.282 -1366.813 -1334.188 -1309.407 -993.782 -957.594 -916.157 -798.438 -441.407 -21.500 -16.594 6.125 59.468 432.000 535.781 658.156 675.406 695.593 703.062 838.031 867.562 1142.187 1193.718 1259.125 1278.562 1457.437 1480.093 1483.093 1671.031 1843.968 1954.437 2452.187 2459.656 2466.343 2479.062 2562.562 2565.593 2627.937 2682.062 2716.406 2763.375 3161.000 3510.937 3515.062 3516.468 3543.906 3549.718 3556.500 3557.562 3911.125 
-1921.125 -1919.688 -1851.250 -1839.594 -1814.375 -1729.907 -1727.500 -1723.157 -1721.532 -1335.157 -1322.375 -1310.063 -805.000 -642.438 -633.250 -632.344 -630.969 -629.500 -624.813 -618.532 -617.157 -569.250 -538.188 -180.969 -177.563 -146.500 -142.000 -117.313 -110.469 391.656 703.125 859.875 1027.343 1040.031 1219.937 1246.750 1501.187 1515.843 1556.187 1582.562 1618.062 2097.968 2115.625 2954.687 2963.062 2964.406 2968.218 2981.031 3019.718 3022.656 3046.843 3075.531 3106.343 3128.781 3129.093 3146.593 3262.687 3307.468 3329.218 3632.750 3657.187 
-1386.938 -1377.438 -1358.157 -1349.938 -1330.782 -1267.188 -1228.469 -495.157 -364.907 -356.250 -352.563 -330.438 -317.219 -276.532 -244.907 -162.563 -160.219 64.312 324.156 415.281 782.812 798.875 1077.187 1219.687 1221.718 1249.281 1281.687 2214.093 2296.031 2714.625 2759.625 2807.968 3471.312 3486.343 3505.781 3566.812 3618.187 
-1496.875 -1374.750 -1136.125 -1124.532 -1115.157 -1109.438 -1108.594 -517.375 -508.094 -498.657 536.875 564.531 890.718 1060.875 1082.406 1131.468 1136.812 1137.875 1898.000 2340.031 2380.750 2381.656 2433.000 2447.093 2459.656 2504.281 2506.718 3455.875 3642.218 3977.093 
-1639.969 -1636.250 -1616.969 -1554.938 -900.282 -882.750 -801.938 -722.375 -659.532 -153.469 -133.500 26.156 556.156 566.781 1243.437 1249.125 1256.500 1257.718 1261.812 1264.812 1547.000 1594.843 2323.375 2348.500 2373.968 3047.000 3056.437 3065.906 3099.375 3861.218 3882.000 3882.406 3885.437 3891.281 
-1191.563 -1179.563 -1075.375 -1072.782 -580.969 120.031 341.656 501.531 508.218 706.187 870.562 1539.031 1695.781 1901.437 1962.093 2685.531 2698.218 2729.031 2826.812 2829.375 2957.187 3363.000 3513.062 3728.906 
-1980.125 -1496.907 -1300.063 -1234.344 -586.688 -380.750 283.687 1175.312 1215.281 1492.687 1933.718 1974.843 2092.843 2540.187 3014.062 3897.312 3933.281 3949.218 3950.062 
