16.843 23.250 38.000 296.718 417.031 457.593 505.031 552.250 631.125 633.031 636.531 659.562 745.406 750.000 895.812 1046.312 1081.906 1099.781 1168.437 1283.562 1318.343 1404.906 1452.281 
17.656 19.906 21.593 23.031 297.625 300.593 417.593 419.718 510.437 552.218 629.500 631.500 633.437 660.593 690.281 745.500 903.968 1048.281 1051.375 1054.312 1100.406 1168.562 1171.187 1204.031 1287.062 1319.125 1424.437 1450.156 3870.187 3886.437 3889.000 
17.125 18.687 20.875 23.312 44.187 178.343 316.906 505.968 518.468 558.812 629.843 631.593 687.093 779.718 796.031 954.656 1046.062 1168.812 1170.406 1173.406 1287.781 1321.812 1452.906 
17.843 21.281 24.875 37.187 191.406 297.156 419.437 498.656 630.781 632.406 634.218 635.718 741.093 744.562 800.125 893.500 895.906 1045.906 1051.781 1054.218 1096.656 1167.781 1170.250 1173.687 1287.625 1319.531 1321.625 1453.125 1637.843 1656.250 2425.812 2428.593 2441.750 3115.781 3132.000 3135.281 3150.718 3716.656 3732.781 
16.437 20.375 21.875 23.687 145.156 227.843 420.218 510.125 545.812 553.718 630.187 631.781 633.343 635.187 659.937 687.281 745.031 776.218 893.687 903.937 1044.593 1046.062 1048.343 1079.312 1100.437 1168.531 1171.281 1173.281 1205.156 1344.531 1406.437 1452.156 
19.125 21.968 35.687 83.281 346.031 418.625 629.593 631.156 632.937 635.031 688.218 742.156 744.500 895.250 945.156 1046.156 1053.937 1078.687 1101.000 1169.281 1171.656 1173.531 1203.968 1319.906 1343.062 1403.906 1406.031 1451.968 1454.125 1457.031 3346.937 3362.593 3365.500 3382.500 
19.218 21.125 22.406 27.656 146.656 545.718 623.281 631.812 656.500 687.218 744.812 777.250 903.718 1045.875 1170.156 1172.843 1175.750 1204.687 1319.593 1343.312 1405.031 1455.718 3683.500 3699.000 3702.625 
17.343 18.906 20.656 46.156 89.312 226.156 229.062 418.125 450.187 552.312 580.500 632.562 636.156 745.156 779.218 1045.406 1046.906 1171.531 1174.187 1342.468 1403.531 1452.437 3528.031 3549.250 
16.937 18.468 21.687 144.843 174.875 315.000 428.375 507.281 551.843 630.218 631.875 687.687 894.531 1046.187 1053.343 1168.343 1170.406 1318.937 1322.562 1404.218 1452.093 3799.343 
17.250 175.531 297.437 361.250 454.937 630.906 740.656 779.625 1045.000 1167.562 1207.093 3551.437 
