16.750 18.531 33.343 54.312 189.375 220.750 315.343 350.812 405.812 530.937 588.656 590.750 624.656 678.843 680.343 682.343 694.968 798.125 800.187 864.250 1027.687 1030.062 1121.625 1307.093 1309.281 1313.062 1342.500 1415.968 1418.812 1514.312 1515.718 1517.625 
16.812 18.156 58.375 117.000 207.218 324.000 446.562 498.625 548.875 586.531 589.812 679.406 682.187 694.593 698.031 798.281 800.062 802.562 839.187 1003.750 1006.062 1029.031 1034.281 1168.656 1186.468 1223.562 1309.750 1401.406 1415.906 1490.906 1515.156 1516.875 1519.343 
15.812 17.375 47.218 117.687 211.156 315.156 323.687 448.531 467.000 529.312 586.968 588.531 590.093 679.750 681.375 683.843 696.906 797.531 799.468 840.187 934.343 1027.593 1029.343 1034.000 1067.437 1105.906 1122.281 1309.968 1400.531 1404.000 1514.500 1516.125 1518.250 
16.718 22.187 192.250 222.281 316.562 405.375 467.031 532.656 587.781 589.656 645.281 679.000 680.906 699.250 797.093 798.968 800.687 840.562 1028.093 1030.156 1033.343 1107.000 1313.718 1493.718 1515.500 1517.187 1519.437 1712.593 
16.250 20.343 77.656 121.156 208.812 223.281 316.437 446.718 448.468 586.906 588.625 679.312 682.000 695.312 796.656 798.187 800.062 801.875 865.062 935.250 1027.437 1029.375 1168.718 1186.625 1307.437 1309.343 1311.875 1415.656 1418.125 1515.812 1517.968 1713.562 1717.031 
17.000 18.687 76.562 189.500 312.906 316.593 394.593 447.281 588.062 590.031 678.875 680.812 700.625 764.468 796.562 798.156 799.687 1028.625 1030.562 1032.750 1034.562 1399.312 1400.906 1402.656 1417.062 1420.093 1493.031 1515.750 1517.437 1520.375 
16.187 17.593 208.812 315.718 405.031 470.687 503.218 587.250 588.750 678.906 680.531 682.031 697.562 796.906 798.562 801.375 839.468 1030.156 1032.906 1106.031 1165.281 1168.281 1257.593 1313.531 1400.031 1491.156 1516.875 1520.156 1712.125 1714.031 
18.187 54.750 205.031 270.562 314.187 364.937 406.281 470.562 526.687 549.281 588.062 590.500 679.656 697.125 796.718 798.500 819.062 934.843 1028.562 1168.125 1187.406 1417.937 1491.625 1514.937 1538.000 1714.437 
17.593 20.593 55.125 273.437 358.406 470.750 586.750 588.875 678.625 697.437 796.843 881.531 1028.906 1168.718 1310.281 1314.781 1415.281 1490.875 1515.187 
17.156 19.781 109.375 125.625 206.500 222.312 270.312 313.968 404.843 527.875 587.468 678.625 697.718 776.218 795.750 894.062 1028.375 1041.687 1222.500 1308.968 1399.968 1416.562 1493.375 1514.375 1715.187 
