25.750 33.562 230.500 242.125 367.281 449.687 585.750 728.781 737.187 830.281 846.062 860.937 873.625 1204.968 1211.718 1372.062 1463.125 1506.468 1508.125 1566.468 1832.500 
25.750 27.031 331.312 386.531 493.531 578.437 759.718 876.906 913.062 1144.968 1571.437 
319.781 328.093 347.062 357.906 815.062 1042.750 1087.218 1613.937 1882.187 
25.687 87.687 267.125 337.312 339.156 487.062 549.718 557.812 713.718 873.500 958.343 1083.031 1123.281 1158.593 1173.968 1205.437 1216.750 1464.218 1538.625 1553.375 1602.500 1763.062 1874.312 1890.500 1975.656 1982.500 
25.656 231.218 332.968 577.812 654.781 1118.750 1136.750 1159.031 1499.031 1836.968 1876.312 1979.187 
25.281 27.500 94.343 797.031 828.375 873.812 1374.562 1536.593 1779.843 1984.281 3675.625 
21.687 23.343 23.843 329.062 333.843 336.343 400.062 781.593 1063.125 1121.500 1141.687 1199.750 1232.593 1386.500 1396.312 1508.062 1554.375 
24.937 84.593 201.250 270.156 349.343 368.218 385.718 469.218 1085.875 1246.687 1534.125 
24.375 26.250 333.218 389.781 400.312 591.031 606.187 851.312 877.375 908.000 1084.156 1471.906 
26.250 83.968 336.312 367.000 620.375 793.812 861.250 1369.312 1754.187 1985.562 1992.750 
