87.593 129.531 185.750 189.250 190.343 196.875 200.562 257.687 337.656 396.593 405.843 502.687 508.687 548.656 559.562 560.312 586.718 736.906 760.625 775.843 777.093 981.375 994.218 1067.750 1071.343 1078.687 1207.062 1396.812 1704.250 1724.062 1740.500 1804.593 1837.593 2148.125 2148.812 2152.562 2467.968 2716.625 3063.812 3190.156 3193.968 3199.343 3246.312 3302.656 3362.468 3429.531 3727.312 
25.562 26.406 26.906 64.718 74.156 83.093 120.156 219.406 324.343 394.468 406.156 457.968 501.750 651.625 652.406 814.593 891.093 1006.343 1067.562 1069.500 1209.718 1398.718 1431.218 1437.125 1650.250 1826.156 1877.437 1912.687 2107.500 2111.281 2191.343 2429.968 2851.031 3286.593 
57.406 82.125 182.625 183.093 279.968 285.968 344.000 401.062 498.406 549.562 561.031 654.875 665.312 759.125 1039.625 1067.937 1121.406 1125.718 1196.531 1201.468 1215.375 1216.375 1396.437 1397.875 1465.437 1501.968 1568.843 1658.781 1710.031 1717.281 1723.750 1795.343 1810.000 1830.812 1878.625 2236.906 2243.843 2837.156 3586.187 3843.250 
26.531 28.843 68.156 78.687 86.968 139.750 185.875 207.187 214.375 217.593 278.000 380.250 404.968 597.937 647.250 684.000 753.500 834.531 1017.468 1066.093 1068.750 1069.218 1070.718 1280.468 1403.843 1442.125 1534.156 1740.000 1860.718 1941.343 1952.375 2001.343 2196.781 2206.968 2374.937 2453.375 2539.093 3083.406 3364.093 3372.406 
17.531 21.937 36.750 82.312 86.156 134.906 136.906 150.031 183.250 247.125 253.875 279.343 397.156 561.968 1029.656 1067.812 1100.968 1108.125 1207.250 1558.093 1590.312 1607.125 1640.781 1712.750 1828.125 1864.250 2256.187 2257.593 2663.937 2971.593 2986.000 3124.062 3167.937 3395.687 3584.000 3612.687 3732.906 3740.593 
97.562 99.000 184.500 192.062 219.656 323.750 324.843 364.531 547.406 558.968 561.187 645.312 736.000 950.468 981.062 983.812 986.281 987.843 1068.343 1074.343 1155.062 1236.250 1402.218 1437.125 1503.125 1505.468 1729.781 1902.843 2084.875 2086.718 2092.500 2097.781 2868.312 2923.875 2943.625 3200.000 3446.250 3509.562 3555.187 
25.187 97.218 185.000 218.250 268.343 273.562 274.187 275.656 339.062 440.437 549.531 552.093 558.562 647.125 655.218 999.187 1067.562 1258.500 1428.437 1503.656 1518.750 1522.406 1636.343 1746.218 1804.843 2009.031 2606.062 2642.250 2749.843 2846.468 2979.843 3045.375 3261.656 3304.625 3455.875 
26.187 26.593 37.031 73.937 79.875 217.750 253.875 274.531 276.000 282.375 394.937 408.875 439.531 646.406 716.718 822.281 826.375 828.625 829.281 998.406 1066.468 1069.656 1347.656 1351.937 1399.375 1401.687 1404.562 1656.968 1712.875 2019.937 2070.343 2139.437 2819.937 3016.093 3170.437 3336.218 3560.812 3918.156 3965.968 
25.156 105.937 218.156 275.281 280.125 281.500 284.750 285.812 286.437 379.687 416.937 522.937 525.156 526.843 549.718 559.687 646.218 651.781 652.437 799.625 839.875 992.625 993.968 995.937 1067.437 1068.187 1079.375 1182.937 1278.031 1402.625 1441.250 1505.812 1579.468 1657.500 1775.500 1804.593 2608.625 2634.656 2673.531 2683.625 2885.625 3004.875 3051.125 3052.750 3110.937 3119.000 3182.156 3300.375 3378.906 3381.906 3388.500 3544.500 3662.531 3893.625 
24.250 26.093 27.125 30.750 58.343 88.718 185.781 197.093 254.031 277.000 393.906 412.906 523.375 646.031 745.562 759.687 841.218 1065.593 1069.343 1070.187 1143.750 1205.375 1395.531 1501.906 1660.000 1661.031 1681.500 1721.531 1869.343 1998.812 2901.312 3105.500 3254.218 3470.343 
