-1966.157 -1938.000 -1919.719 -1883.407 -882.750 -773.594 -359.250 22.406 26.250 30.468 268.875 425.593 435.500 515.125 629.625 812.812 848.406 905.437 1056.500 1063.687 1065.750 1300.843 1457.656 1460.906 1486.406 1589.437 2366.250 2392.343 2414.093 3625.968 3984.250 
-1739.938 -1181.469 -952.407 -941.500 -938.875 -922.594 -912.000 -799.063 -454.969 -412.219 -407.313 -88.532 337.625 396.406 563.625 619.500 739.406 877.406 877.625 1028.750 1099.937 1258.156 1316.406 2314.718 2767.906 3718.562 3765.437 3798.062 
-1774.282 -1760.000 -1400.063 -1249.907 -1085.594 -630.469 -587.594 -403.219 -223.500 -85.344 -61.282 -37.282 426.718 447.156 664.906 670.562 853.562 863.343 884.375 926.125 935.687 1193.375 1214.531 1312.906 1756.250 3013.812 3020.156 3024.843 3307.625 3488.000 
-1828.657 -1790.250 -834.313 -830.063 -807.969 -804.625 -749.125 -520.032 -32.063 19.656 85.968 242.437 339.687 346.000 440.906 715.812 748.687 994.656 997.312 1055.906 1217.937 1529.718 1656.625 1789.625 1795.625 1925.062 2332.062 2383.531 2900.468 3461.750 3471.406 
-1865.594 -1842.032 -1817.782 -1706.750 -1249.907 -1057.375 -632.938 -340.282 -276.250 20.156 41.093 423.937 468.500 484.437 500.625 510.187 550.375 665.000 671.593 672.781 816.312 860.406 1100.312 1427.625 1436.750 1453.500 1611.531 1826.531 2330.625 2332.218 2350.250 2447.156 2644.875 2654.937 3473.468 3947.093 
-1579.813 -1454.532 -182.500 350.531 514.437 612.281 1100.968 1178.406 1224.718 1613.187 1792.843 1794.343 1804.125 1842.937 1993.593 2404.312 2678.156 3157.093 3159.187 3193.312 3196.375 3204.593 3394.906 3707.375 3718.812 3724.343 3725.906 3774.125 3794.687 
-1755.500 -1733.969 -1690.125 -1688.719 -1592.032 -1199.688 -524.875 -241.782 -238.938 127.906 232.437 640.250 688.906 850.281 905.062 1019.406 1069.656 1772.906 3356.781 3442.000 3455.125 3594.062 
-1711.188 -1436.500 -1278.657 -1243.469 -1190.375 -1181.532 -926.813 -917.219 -711.969 25.031 196.468 429.000 528.843 689.968 788.218 847.687 909.687 959.062 1428.562 1555.375 2131.093 2142.187 2643.031 3036.281 3062.156 3088.125 3242.062 3841.062 3880.375 3915.156 3923.343 
-1646.250 -1643.750 -1631.282 -1279.782 -1250.469 -1249.344 -1189.594 -1175.188 -994.219 -312.907 -296.500 -213.032 19.562 20.218 247.062 395.406 467.000 652.656 847.531 858.625 880.406 908.250 1043.531 1265.187 1582.312 1683.906 2616.125 2649.843 3669.781 3737.093 3888.406 
-1728.157 -1702.032 -1151.813 -985.500 -944.532 -930.157 23.718 70.375 134.000 440.187 467.375 767.500 782.750 1030.375 1114.781 1317.906 1481.781 1545.625 1610.312 1791.718 2247.093 2279.937 2744.906 3367.343 3589.312 3787.562 3798.187 3939.562 
