27.625 28.968 104.343 129.187 140.312 158.906 226.250 227.750 230.968 314.218 318.781 321.062 355.468 431.218 433.062 478.187 479.406 553.531 609.375 620.187 663.562 677.906 832.875 894.343 958.812 1020.468 1103.656 1129.406 1316.781 1342.781 1344.718 1531.968 1555.437 1704.000 1839.593 1910.031 1992.156 1999.281 2005.000 2984.875 3273.437 3277.281 3634.093 3716.062 3737.562 3739.000 3793.750 3877.437 
44.312 47.093 109.843 130.031 197.406 230.906 319.281 401.593 402.218 438.843 445.781 473.562 663.625 955.468 988.656 1022.812 1023.125 1024.125 1025.968 1159.281 1282.593 1310.500 1314.156 1433.906 1451.375 1456.937 1482.093 1503.593 1560.218 1601.281 1805.500 1839.968 1987.843 1996.843 1999.125 2013.375 2638.750 2639.218 2725.000 2822.656 3510.281 
20.062 29.343 34.812 43.968 44.812 52.500 113.968 129.625 198.843 226.593 253.468 314.593 337.156 434.531 477.906 498.687 522.687 663.156 670.187 735.531 786.812 856.656 876.468 960.406 980.062 1088.687 1098.281 1102.906 1106.468 1116.406 1161.843 1181.625 1229.531 1276.656 1278.062 1341.687 1482.437 1738.281 2055.562 2164.500 3214.000 3223.781 3270.312 3271.281 3280.343 3542.218 3555.031 3577.906 3586.281 3591.468 3609.343 3627.156 3968.937 
20.156 44.500 45.000 106.468 192.937 225.968 231.937 336.718 392.250 478.843 484.937 523.156 695.468 735.375 786.656 858.000 959.250 1058.531 1061.875 1112.750 1126.656 1134.093 1135.218 1155.937 1208.312 1210.875 1228.687 1524.843 1631.750 1652.906 1709.937 1726.156 1727.718 1729.937 1813.968 1845.500 1999.093 2039.031 2893.125 2929.937 2954.031 3355.687 3457.937 3479.125 
19.968 20.937 45.093 46.000 48.312 56.406 104.906 141.312 231.687 240.406 344.437 387.718 437.937 480.875 529.468 600.031 666.531 734.906 735.750 855.312 878.531 1054.187 1122.062 1208.781 1236.593 1305.593 1323.000 1341.718 1430.781 1450.000 1480.468 1525.468 1530.968 1706.281 1781.875 1806.687 1809.593 1844.156 1908.937 1942.062 3162.343 3170.875 3438.312 3477.812 3601.843 
19.906 35.406 45.000 47.062 48.343 72.343 99.343 109.031 129.000 231.500 237.968 336.812 410.718 436.781 479.281 483.125 506.750 517.937 523.343 553.593 663.875 689.656 694.781 737.937 757.906 787.093 801.000 858.781 896.437 977.843 1017.531 1021.281 1059.125 1205.718 1232.625 1300.156 1311.062 1312.593 1343.750 1344.968 1451.406 1481.718 1485.187 1499.937 1523.500 1557.218 1644.125 1654.531 1672.437 1701.125 1704.781 1910.156 1998.281 2033.625 2374.531 2593.437 3378.718 3405.437 3571.187 
20.343 29.875 44.156 45.375 47.375 48.781 107.531 113.218 146.781 322.375 342.750 408.531 478.031 485.000 511.343 523.593 525.843 553.531 557.437 567.375 853.375 857.062 874.812 905.937 929.437 977.625 1187.187 1210.312 1232.937 1311.562 1312.031 1383.062 1459.906 1481.812 1497.156 1521.062 1529.312 1636.781 1701.000 1840.062 1845.625 1915.312 1969.250 2821.406 3135.156 3142.718 3168.125 3337.687 
19.781 29.812 36.718 45.093 45.562 47.375 48.750 56.687 107.968 141.031 253.281 315.593 320.781 338.687 345.062 386.625 391.875 402.718 432.031 434.687 443.656 488.218 553.250 605.000 610.406 667.031 712.156 737.250 903.812 959.312 1060.031 1237.656 1241.031 1276.843 1329.312 1340.281 1388.781 1482.875 1525.093 1531.468 1631.343 1654.437 1656.625 1670.625 1706.593 1742.125 1809.656 1912.437 1914.937 1978.375 1996.031 1996.562 2002.250 2016.031 2241.812 2291.000 2556.625 3614.500 3616.031 
20.093 34.000 45.687 47.562 48.312 100.531 104.562 107.468 159.906 182.312 230.500 339.656 435.500 483.375 494.968 518.187 523.375 537.531 553.343 668.468 693.125 735.250 739.718 854.781 956.750 1060.937 1090.625 1180.625 1236.625 1346.218 1454.187 1480.187 1482.687 1561.093 1708.875 1804.562 1825.156 1845.187 1909.718 1982.312 2003.156 2185.906 2943.281 2970.750 3160.187 3339.906 3359.281 3498.000 3585.812 3594.906 
15.093 21.093 30.156 45.031 58.062 115.500 223.468 227.031 253.437 315.062 338.531 341.500 387.531 436.406 478.187 480.281 506.125 512.531 519.875 523.437 552.187 600.812 687.531 692.125 736.031 848.656 853.687 874.468 956.406 962.156 979.718 1019.000 1063.093 1066.531 1160.218 1203.156 1233.125 1304.593 1344.562 1348.125 1385.843 1452.812 1457.125 1480.343 1483.562 1526.343 1554.812 1560.437 1705.031 1847.250 1912.437 1992.468 1997.562 1999.781 2018.062 2020.093 2045.250 2226.875 3134.781 3321.531 3885.625 3927.125 
