-1676.438 41.062 52.625 408.593 522.656 570.718 601.437 645.468 725.000 797.750 844.156 899.468 1008.531 1222.781 1384.718 1667.312 1939.250 2015.093 
39.375 46.000 51.062 266.031 974.875 992.593 1051.812 1205.906 1207.843 1696.312 
44.468 47.718 48.312 675.937 792.343 793.687 854.843 972.937 1384.281 1723.218 1845.812 
843.625 939.312 1624.437 1666.062 1746.531 1842.218 2008.875 
220.781 907.250 1832.375 1909.625 1911.437 2029.531 3287.312 
43.156 517.968 599.375 642.562 742.468 1150.968 1386.500 1707.187 1748.750 
-983.188 39.281 563.812 601.000 794.031 974.687 1172.875 1916.593 
-1741.500 48.468 534.093 794.031 798.062 972.406 974.156 975.437 1000.843 1126.093 1358.593 1708.250 1844.718 1917.843 2013.750 2050.250 
39.593 62.156 231.875 274.750 599.531 601.437 641.281 642.531 732.000 757.343 804.718 885.968 907.687 974.812 977.906 995.218 1209.625 1657.937 1722.843 1729.281 1735.156 1923.312 
44.343 57.312 74.343 92.281 237.031 718.062 725.875 743.250 797.156 1120.375 1626.312 1756.718 1985.500 2012.875 2029.625 2031.656 
