55.250 88.906 119.187 122.875 179.843 332.593 334.343 361.218 411.000 446.531 530.375 559.562 563.218 697.468 747.531 820.281 861.281 874.718 897.281 1156.437 1212.250 1285.781 1288.343 1410.000 1481.625 1504.031 1575.531 1598.875 1727.125 1754.812 1985.343 1985.593 2383.625 2963.156 2990.937 2997.125 3001.968 3003.000 
56.843 213.687 333.750 335.500 447.468 553.656 628.375 863.218 927.687 1058.125 1121.156 1213.187 1291.031 1354.968 1407.062 1420.156 1444.562 1577.281 1836.312 1923.500 1958.281 
36.531 56.062 146.000 211.687 272.937 319.218 415.875 525.875 558.343 560.093 751.875 791.937 852.531 1026.562 1154.968 1160.250 1186.468 1197.812 1385.218 1407.281 1727.468 1808.875 1813.562 
90.125 116.500 120.375 410.781 447.031 552.500 559.937 752.093 825.906 1037.218 1057.906 1122.250 1179.875 1210.093 1211.750 1213.718 1385.625 1386.687 1422.406 1571.937 1576.750 1576.968 1599.000 1754.062 1837.750 1899.312 1924.062 2117.656 3720.312 
36.687 92.156 360.781 416.031 494.281 506.093 533.968 694.968 1015.718 1210.968 1286.312 1286.625 1384.125 1406.656 1576.468 1576.781 1599.250 1602.937 1685.468 1724.750 1839.687 1840.062 1926.656 1986.031 
-1035.688 -569.875 -69.625 145.656 147.812 318.781 321.125 362.718 447.156 555.062 560.656 599.062 626.000 864.906 895.937 920.812 1160.375 1209.968 1285.968 1385.156 1576.531 1638.531 1640.531 1726.718 1806.937 1897.625 3659.468 
91.843 118.906 147.187 180.750 318.375 333.906 336.187 559.187 561.531 692.437 818.468 962.375 985.718 1028.343 1058.656 1122.250 1156.875 1213.062 1265.906 1286.156 1419.312 1422.906 1577.906 1753.812 1807.125 1926.000 1984.062 
-1707.344 37.656 88.750 120.062 144.843 321.625 335.531 358.687 409.875 416.375 442.781 447.625 505.500 559.031 695.437 695.937 754.125 1058.843 1119.781 1120.062 1120.500 1122.250 1213.000 1286.000 1286.343 1288.187 1492.093 1575.062 1576.531 1813.687 1835.531 1921.875 1925.000 1925.875 
81.156 120.625 127.906 143.500 145.218 180.718 326.281 335.343 442.625 963.937 982.093 1209.750 1386.000 1481.156 1574.562 1576.656 1638.812 1639.562 1720.750 1806.750 1807.187 1841.750 1925.375 1985.875 
34.437 92.937 121.187 147.500 182.625 185.062 281.875 320.812 321.781 489.906 561.968 863.968 926.656 1020.843 1055.968 1058.343 1159.906 1210.031 1213.718 1599.406 1607.031 1637.375 1712.781 1753.375 1808.968 1839.437 
