27.906 217.843 278.593 431.968 543.281 647.750 655.375 660.468 681.156 684.531 706.906 751.531 836.125 920.593 944.062 963.062 965.937 968.687 1072.687 1094.187 1246.625 1267.031 1406.000 1504.937 1605.312 1633.312 1645.656 1775.218 1786.031 1790.625 1834.687 1847.593 1852.468 1926.718 3860.718 
27.125 32.593 66.031 260.406 276.031 279.875 344.281 457.250 535.875 557.718 581.093 648.437 683.843 706.812 755.750 757.625 762.906 816.281 833.250 836.781 895.187 920.406 967.812 984.781 1092.281 1108.187 1154.156 1172.812 1180.656 1183.187 1186.875 1198.218 1203.687 1210.937 1401.375 1420.031 1433.343 1512.687 1562.062 1655.093 1664.906 1708.812 1779.500 1797.406 1800.218 2733.250 2901.593 2953.906 2961.906 3122.125 3131.031 3309.656 3492.906 3663.906 3666.812 
24.906 43.375 58.000 185.343 281.562 683.531 758.093 917.656 1070.937 1199.875 1401.125 1493.343 1499.218 1560.843 1833.437 1854.562 1858.687 1925.093 2438.593 2442.250 3198.781 3204.687 3820.031 3842.906 3927.531 
28.000 42.218 60.312 276.968 578.375 655.312 679.093 681.156 692.625 754.687 760.593 1071.125 1404.593 1408.281 1428.281 1498.718 1503.093 1572.593 1704.437 1835.656 2853.343 2899.562 2902.750 2916.343 3415.437 3744.375 
24.781 44.281 334.531 350.875 433.000 647.906 757.406 1661.281 1766.718 1775.656 2775.781 3494.593 3535.000 
23.937 655.781 921.281 1852.750 3327.343 
682.875 

978.406 
27.500 648.750 682.937 689.875 705.625 2718.687 2932.500 
