48.687 95.531 204.781 219.968 224.375 235.218 318.125 344.406 352.562 355.593 359.875 434.718 437.968 450.843 469.687 472.937 494.437 659.406 745.531 769.687 856.812 880.687 913.125 918.218 963.000 1004.593 1086.281 1121.500 1125.062 1127.000 1224.250 1337.218 1480.781 1486.250 1578.343 1601.843 1880.062 1883.843 1889.406 1995.031 2073.968 2110.687 2118.218 2138.250 2156.843 2159.531 2236.406 2263.187 2268.156 2556.750 2835.906 3464.125 3571.218 3670.500 
203.375 351.375 359.125 374.500 433.250 440.937 470.156 475.656 740.468 766.718 779.593 802.718 881.093 914.687 1000.656 1050.593 1219.062 1223.531 1335.406 1421.625 1492.812 1527.750 1531.312 1576.062 1605.500 1625.156 1877.625 1886.937 1998.812 2030.375 2042.312 2048.125 2050.593 2076.000 2095.437 2101.281 2103.906 2123.250 2125.656 2156.906 2183.593 2262.343 2264.281 2268.281 3279.031 3347.500 3979.062 
125.750 204.500 288.593 318.156 351.593 354.656 435.718 445.625 474.187 658.500 733.781 855.125 856.968 911.750 1005.656 1090.593 1218.812 1222.593 1526.468 1531.062 1576.187 1607.781 1878.187 2266.843 2322.781 2404.656 3907.218 
211.437 222.656 571.437 659.062 756.687 908.125 1122.656 1126.031 1335.562 1382.750 1527.125 1601.312 1605.750 1618.468 1877.218 1880.843 2102.125 2185.093 2263.093 
22.906 27.937 204.281 221.187 315.937 320.281 436.156 449.406 469.750 497.062 857.656 1083.750 1334.937 1342.843 1527.531 1603.500 1882.031 1885.406 1998.375 2040.500 2102.156 2236.468 2266.218 2982.218 3442.312 
212.687 1085.937 1222.187 1995.312 2018.843 2158.562 2161.937 2186.187 2223.812 3972.125 
474.656 1879.906 2102.593 2155.718 
317.312 1603.843 
470.593 2084.906 
435.562 482.000 546.312 1877.250 2572.406 2577.656 
