25.250 37.968 64.093 66.656 71.156 99.062 114.875 153.062 155.593 158.656 167.000 171.593 181.750 253.531 273.031 277.812 292.406 295.687 384.562 393.218 447.468 482.093 491.781 558.156 576.281 587.937 613.312 616.250 632.218 651.031 653.562 756.968 835.343 862.812 952.250 966.812 1095.437 1115.500 1188.437 1262.687 1277.156 1284.031 1297.687 1316.687 1327.718 1330.281 1337.093 1352.843 1354.937 1362.468 1396.750 1402.687 1460.312 1475.906 1484.656 1511.906 1516.937 1535.250 2526.656 2549.156 2615.625 2623.156 2626.437 3129.156 3175.156 3177.750 3183.468 3253.625 3610.968 3672.718 3744.125 3746.937 
22.625 25.250 65.406 67.968 70.593 78.687 96.875 114.406 138.218 155.093 161.125 183.593 201.406 246.031 265.625 280.437 288.875 292.437 381.437 388.375 394.906 447.281 465.000 486.500 489.125 557.750 566.312 576.562 579.125 586.125 587.968 608.437 674.937 714.375 750.906 854.375 951.625 996.875 1094.593 1099.968 1120.062 1192.218 1196.562 1200.187 1276.062 1278.750 1296.562 1352.656 1375.843 1422.968 1450.406 1465.406 1484.437 1626.281 1629.593 2002.343 2991.437 3945.531 
26.437 65.812 70.593 95.562 169.093 236.281 243.343 265.187 283.687 293.031 391.281 395.625 448.031 487.375 492.406 558.343 574.937 580.343 588.812 613.218 631.093 651.625 672.437 717.031 725.531 747.875 754.906 834.843 855.562 868.187 950.875 997.093 1000.687 1096.843 1109.500 1189.250 1194.718 1262.625 1280.906 1287.593 1291.156 1296.187 1315.937 1334.562 1352.437 1355.968 1375.968 1391.187 1420.406 1449.843 1461.031 2069.156 2423.625 2843.843 2846.406 2850.375 2894.593 2901.906 2904.468 3368.781 3427.812 3511.406 3807.687 3816.968 3834.375 3837.406 3843.687 
25.750 65.500 67.187 115.343 154.875 157.218 166.625 171.906 183.281 223.281 248.343 265.406 291.625 384.812 387.593 391.718 481.968 493.562 556.437 560.656 574.656 588.250 609.125 613.656 626.156 631.593 651.468 673.312 717.437 748.125 841.031 951.656 995.812 1075.875 1096.656 1150.406 1188.562 1255.843 1277.625 1281.000 1289.281 1316.000 1353.343 1376.718 1422.593 1428.281 1451.593 1478.000 1480.968 2207.312 2212.093 2224.656 2263.375 2426.218 2515.656 2518.593 2674.406 2679.500 2724.250 3033.125 3085.281 3365.031 3697.312 3923.125 3935.750 
24.187 64.500 67.187 70.468 115.062 137.750 155.187 167.750 170.343 201.343 211.875 218.687 223.031 242.062 278.531 291.968 396.250 409.750 487.468 538.500 557.875 561.968 575.468 587.000 592.343 615.187 672.218 703.687 719.281 749.500 771.656 791.062 840.375 846.218 851.281 951.312 996.406 1002.500 1054.531 1096.406 1101.406 1118.687 1188.718 1195.500 1267.312 1287.625 1303.437 1312.343 1315.218 1353.750 1359.343 1392.968 1399.375 1420.875 1424.437 1450.250 1452.593 1485.000 1548.968 1954.468 1959.812 1967.437 1975.093 2362.875 2467.031 2471.281 2476.125 2482.968 2521.968 2966.968 3642.812 3872.250 3880.093 3886.718 3962.531 
69.875 115.125 155.500 157.937 161.187 166.531 169.031 183.000 201.281 223.593 229.531 237.281 251.000 253.312 257.718 282.156 382.093 385.093 388.937 391.218 395.062 408.406 471.375 478.781 486.156 489.531 544.468 556.656 567.312 575.812 584.687 586.750 597.375 609.750 613.312 617.718 647.750 654.968 660.656 719.343 724.812 755.593 950.843 997.468 1094.750 1097.156 1101.843 1116.000 1138.125 1188.656 1192.593 1202.406 1284.218 1289.750 1300.437 1316.343 1354.875 1374.781 1378.781 1387.531 1450.187 1485.593 1505.000 1564.781 2438.312 2562.968 2818.687 3314.437 3350.812 3768.718 3776.406 3779.562 
24.500 42.843 64.187 71.000 115.187 154.625 158.781 170.375 183.875 236.437 245.968 276.437 291.218 383.875 393.187 406.906 486.656 557.562 576.281 587.125 609.625 615.531 674.437 709.562 746.125 748.937 759.531 949.593 951.781 1094.343 1097.250 1125.312 1174.250 1186.093 1188.718 1192.218 1195.281 1254.812 1277.875 1296.062 1317.125 1323.281 1353.531 1376.062 1451.687 1485.687 1529.593 1533.718 2085.250 2088.406 2092.218 2442.406 2749.656 2753.031 3416.812 3476.593 
26.062 38.687 64.125 66.875 71.562 115.125 154.750 158.500 161.562 165.125 177.968 195.406 200.156 216.875 238.250 264.687 267.250 271.937 276.875 291.500 304.000 322.406 366.250 384.250 391.468 408.531 444.906 448.843 486.500 532.812 560.687 574.468 587.625 613.906 625.531 674.750 748.250 754.093 875.062 952.281 997.781 1016.281 1096.968 1118.125 1196.156 1255.625 1286.968 1313.468 1321.031 1353.906 1376.031 1452.625 1486.031 1503.562 1715.687 1978.562 2007.375 2276.750 2280.000 2888.250 3616.281 3656.781 3746.718 
65.875 70.750 79.781 137.000 144.156 152.718 155.968 167.968 185.281 199.968 265.843 267.750 278.562 295.156 388.437 391.531 408.875 447.468 557.156 561.343 575.406 578.781 592.031 612.906 615.781 619.000 631.687 753.625 846.718 901.093 997.593 1102.187 1193.562 1253.718 1279.187 1288.781 1297.156 1322.375 1376.406 1385.062 1603.906 2149.218 2153.187 2369.375 2373.375 2378.687 2380.468 2386.375 2403.218 2448.906 2451.968 3768.062 3816.531 3819.125 3831.187 3885.531 3889.531 3933.937 
47.500 66.656 155.062 217.781 223.312 276.500 303.781 330.781 363.406 371.218 381.406 390.375 392.906 409.343 487.062 494.343 557.312 563.593 574.812 587.656 595.656 609.312 617.000 628.156 634.593 652.531 720.812 752.750 798.718 996.187 1051.250 1055.218 1191.750 1263.625 1307.031 1315.625 1320.531 1328.593 1352.437 1355.375 1376.625 1389.312 1449.875 1452.531 1480.812 1487.781 1555.218 1895.312 2322.593 2326.093 2668.218 2832.093 2986.593 3016.406 3543.187 
