24.343 33.062 50.312 71.562 84.281 86.375 89.437 93.093 193.656 204.218 208.375 220.062 323.406 325.406 416.375 422.000 455.218 475.343 496.062 519.125 536.062 549.218 683.156 721.343 768.843 783.875 833.968 839.125 852.656 1145.593 1259.312 1269.093 1324.750 1331.625 1412.906 1417.156 1432.750 1485.531 1500.781 1504.656 1566.687 1578.343 1619.906 1627.906 1660.062 1670.000 1774.843 1861.156 1866.531 1869.437 1879.156 1952.250 1960.593 1992.906 1996.093 2009.625 2054.062 2244.062 2370.406 3027.000 3277.562 
22.843 31.125 61.531 71.968 82.687 86.375 192.812 205.281 212.781 225.468 323.531 326.687 416.500 476.656 482.906 524.812 536.531 549.500 582.843 589.000 666.312 685.718 721.468 733.312 792.500 855.343 858.968 920.593 1125.125 1146.093 1323.125 1324.906 1384.687 1388.781 1413.062 1565.875 1570.156 1572.875 1581.812 1610.031 1628.968 1639.218 1777.906 1813.187 1828.156 1954.937 2009.718 2013.375 2241.187 2243.281 2283.375 2370.281 2439.843 2751.062 3223.156 3246.125 3475.125 3763.562 3888.437 3892.375 
22.937 71.593 74.750 88.750 92.718 101.125 324.406 480.343 734.750 911.937 1322.312 1412.843 1416.531 1503.625 1567.125 1569.156 1592.031 2050.281 3901.468 
33.281 82.062 85.625 94.468 324.218 417.593 536.750 583.531 731.875 749.062 775.250 856.125 859.718 887.812 914.562 921.937 960.218 1014.687 1144.062 1255.437 1260.812 1323.250 1412.375 1415.625 1466.656 1504.875 1546.312 1566.312 1569.000 1627.718 1635.406 1637.250 1653.687 2020.343 2240.468 2242.343 2338.000 2561.187 3092.468 3628.000 3630.093 3632.187 3790.343 
89.281 328.656 416.812 475.593 790.843 1503.906 1568.343 1706.781 2356.218 
61.343 521.031 960.562 1566.656 1650.093 2010.875 
69.750 85.187 855.281 
417.031 
32.625 477.562 567.562 853.875 1324.250 1410.968 2007.093 
231.468 536.906 990.218 1325.468 1328.250 
