-1354.282 -1073.875 -1053.219 -321.782 74.000 159.906 187.656 189.687 311.781 312.906 370.843 699.875 891.406 926.500 949.375 974.250 1138.000 1186.562 1400.593 1722.031 1821.875 1900.875 1940.500 2074.062 2107.718 2156.625 2177.750 2360.593 2640.281 2766.468 3673.875 
-1946.969 -1853.375 -1748.907 -1723.032 -1690.782 -1629.719 -1097.532 -1038.344 -1018.157 -941.938 -272.375 4.218 41.343 487.093 523.562 565.187 586.187 738.218 923.000 974.343 1019.375 1384.968 1408.906 2034.875 2043.812 2064.781 2339.687 3234.437 3295.343 3406.531 3529.093 3975.750 
-1957.563 -1779.563 -1409.188 -1092.188 -1074.907 -1059.282 -993.532 -844.594 -504.063 -409.719 -166.125 58.281 267.781 335.093 368.437 384.437 529.406 558.437 708.375 821.968 907.437 932.250 932.843 965.375 1008.968 1478.718 1490.531 1534.750 1573.375 1652.500 1922.406 1973.781 2051.031 2168.812 2241.937 2955.500 3625.156 3676.968 3738.187 
-1105.750 -1005.938 -915.813 -864.969 -794.407 -793.250 -304.250 -188.125 2.812 43.187 164.125 217.843 281.937 327.781 468.062 828.500 890.687 985.187 1410.281 1468.968 1591.843 1600.562 1651.031 2967.531 3176.093 3757.406 3920.531 
-1809.844 -1591.594 -1485.250 -1250.438 -1160.625 -991.282 -711.969 -514.625 266.562 307.906 327.093 663.125 777.375 1011.906 1046.468 1245.843 1597.531 1615.312 1696.406 1763.156 2062.750 2094.250 2277.281 2993.781 3003.718 3233.625 3426.562 3670.906 3716.968 3765.312 
-1314.875 -972.532 -705.657 -665.907 -588.813 -555.688 -526.157 43.000 63.812 134.468 360.093 596.843 621.812 881.812 1276.500 1413.093 1417.093 1435.812 1473.031 3666.781 3730.343 3847.250 
-1710.188 -1412.500 -1239.469 -938.625 -872.063 -447.375 -379.875 35.406 211.687 584.500 697.906 1012.781 1448.812 1517.406 1729.656 1935.593 2351.437 2367.906 3404.031 3743.656 
-1887.250 -1729.157 -1460.563 600.687 1826.125 2018.250 
-1477.969 -1385.688 -480.469 388.187 561.000 1271.250 1397.906 1457.562 1492.156 1542.156 2075.468 
-1115.125 49.375 138.281 157.156 686.781 792.968 929.250 1144.093 1241.812 1278.406 1309.531 1613.968 1936.250 2095.968 2274.437 2286.937 3103.468 
-1580.750 47.906 69.656 275.406 505.812 799.250 835.843 910.093 927.343 1152.656 1255.656 1399.375 1760.281 2090.593 2095.593 2276.062 3925.843 
-1742.438 134.875 169.750 312.625 911.937 1247.343 1268.406 1370.031 1809.218 2052.718 2253.750 2279.000 
-1874.563 -1187.813 -1115.750 -474.719 293.625 600.593 955.843 1033.968 1071.156 1159.750 1163.875 1506.406 1534.312 1937.562 1979.468 2092.875 2150.968 3061.562 
-1393.219 -501.188 271.968 361.593 525.718 703.000 800.875 1141.718 1400.156 1415.843 1503.968 1620.031 1981.687 2021.250 2064.843 2690.781 3672.312 
