-1454.688 -659.469 72.906 393.218 475.218 749.781 816.406 892.968 1000.031 1486.468 1506.000 1544.875 1569.031 1594.125 2381.375 2793.937 2966.000 3215.562 3785.750 
-1995.000 -1904.719 -1552.625 -1346.438 -465.032 -363.969 -129.282 126.281 139.750 142.250 173.812 214.125 243.843 286.812 406.062 601.562 625.500 793.375 816.781 1015.687 1289.718 1322.125 1477.687 1567.562 1936.187 2842.656 3059.500 3107.156 3130.718 
-1038.907 -753.750 -531.563 54.906 86.531 375.812 389.750 468.000 681.281 703.812 764.562 823.968 986.750 1013.156 1088.843 1295.906 1452.375 1606.468 1630.312 1719.593 1729.531 2097.937 2113.406 2318.031 2927.437 3875.500 
-1507.125 -1504.532 201.062 232.875 500.937 557.187 631.000 642.937 882.906 890.000 899.375 903.125 1022.875 1307.375 1465.250 1631.906 1660.625 1889.625 1920.437 2057.343 2247.593 3024.000 3668.156 
-1671.032 -1502.032 -169.032 109.562 120.125 331.312 359.000 568.375 629.968 637.906 671.750 796.156 882.531 930.062 967.156 1080.000 1183.875 1268.156 1322.343 1474.718 2418.406 2585.906 2883.343 
-1307.344 -1037.719 -1021.907 -947.219 -703.532 121.218 412.531 493.750 622.625 647.625 684.250 1072.406 1319.250 1381.781 1437.531 1454.468 1475.687 1481.218 1510.937 1608.937 1625.625 2853.343 3859.062 
-1674.032 -1373.219 -509.219 402.125 468.000 662.093 702.812 913.625 1071.625 1147.562 1323.500 1600.937 1623.968 1667.750 1734.843 1749.218 2129.906 2296.187 2763.312 3238.218 3317.656 3718.718 
61.250 136.812 294.718 331.875 619.312 694.218 699.343 778.468 988.750 1006.156 1394.000 1413.843 1524.281 1605.906 1640.062 1721.687 2385.750 2414.687 2427.875 3425.656 3774.875 
265.718 283.312 1260.625 1455.656 1509.687 2258.750 
-71.563 110.843 161.781 470.656 922.437 1321.375 
