17.968 21.343 23.437 153.718 186.031 189.781 345.437 438.406 476.906 526.468 544.500 654.000 656.218 677.281 677.593 680.250 682.281 683.937 695.187 695.687 824.562 859.562 866.281 1014.250 1021.500 1053.781 1055.468 1088.406 1188.406 1350.656 1467.937 1510.468 1586.250 1588.218 1801.687 1872.625 1927.062 
10.343 13.437 14.531 16.187 16.687 17.625 18.843 62.625 73.531 93.437 154.625 156.906 184.968 189.562 199.468 222.656 232.312 252.375 264.406 492.625 526.031 586.937 654.093 677.468 822.625 882.250 996.312 1055.187 1080.875 1261.218 1302.750 1615.656 1662.437 1726.468 1872.687 
13.625 16.656 17.281 19.468 26.875 49.406 73.625 74.250 75.937 82.406 90.281 153.968 219.687 227.375 282.437 426.593 437.437 476.281 544.531 651.468 695.625 820.875 879.968 906.125 925.250 938.625 944.625 1159.906 1181.812 1195.718 1273.125 1318.343 1350.218 1351.593 1407.031 1444.718 1446.156 1481.718 1489.718 1491.500 1508.281 1512.625 1587.375 1691.781 1927.500 1934.187 
16.781 19.906 68.968 131.937 153.968 157.562 180.656 189.531 198.218 199.781 222.437 250.093 285.625 285.937 341.781 520.187 544.437 654.750 677.437 679.218 692.312 781.687 795.500 927.937 1085.625 1128.937 1184.718 1187.937 1259.937 1322.281 1395.687 1446.843 1509.875 1527.625 1613.000 1663.468 1791.500 1856.125 1858.593 1872.500 1925.437 1927.875 
12.343 15.437 16.218 17.812 29.031 40.156 61.750 71.968 73.437 75.562 89.062 99.718 100.593 133.750 154.031 154.500 156.718 189.250 192.531 201.906 211.812 234.531 281.812 295.656 297.843 345.468 490.656 546.125 576.125 619.687 631.437 680.218 681.937 694.218 696.593 697.031 962.062 1057.531 1264.375 1467.062 1481.312 1488.250 1512.656 1550.062 1586.062 1590.437 1727.281 1862.812 1872.812 1983.593 
-1836.813 11.312 16.312 27.125 32.218 67.250 69.468 77.218 153.968 200.500 219.093 283.156 285.218 386.312 489.593 490.687 516.156 524.687 545.000 561.781 656.750 694.718 696.156 699.125 700.562 701.468 943.593 1020.406 1053.406 1053.750 1055.375 1080.312 1120.312 1209.156 1318.875 1486.375 1584.750 1586.875 1687.687 1875.062 
13.843 15.875 46.000 126.781 129.843 153.531 157.687 195.562 263.875 328.031 344.062 346.250 392.750 438.250 475.437 516.343 544.343 578.781 589.593 655.250 680.750 693.312 694.687 826.093 862.125 1003.812 1054.281 1055.906 1088.593 1276.375 1482.906 1609.250 1687.312 1690.843 1906.062 
15.093 16.218 17.250 19.000 72.906 75.781 92.593 131.687 157.750 189.531 197.593 204.656 226.625 282.406 284.062 322.750 491.000 493.156 631.406 676.625 680.000 681.718 696.187 717.062 862.218 1083.156 1086.250 1206.468 1207.812 1266.281 1320.906 1483.031 1488.843 1609.437 1855.593 1858.187 1927.531 
16.625 18.187 70.718 75.781 77.500 78.187 88.750 96.250 156.468 191.843 197.218 198.781 199.656 202.375 218.593 296.093 342.968 345.750 427.843 490.500 679.062 681.968 698.000 797.281 861.750 932.156 933.437 943.250 1054.625 1081.906 1082.375 1084.218 1130.093 1160.000 1191.906 1264.687 1320.218 1486.312 1510.312 1512.343 1609.531 1927.437 
24.500 29.625 73.656 90.968 101.468 116.000 132.687 195.343 221.250 348.218 373.875 475.625 490.812 491.281 645.187 682.312 695.218 696.687 789.218 927.750 935.062 942.187 1024.187 1054.218 1080.312 1082.406 1262.343 1301.968 1348.500 1351.437 1507.125 1509.625 1511.625 1728.156 1821.625 1828.343 1925.968 
