19.968 21.000 21.250 24.343 33.468 365.656 422.250 424.968 425.250 648.187 698.968 866.750 867.843 1065.406 1125.781 1183.000 1650.656 
20.625 27.312 267.281 296.375 297.500 422.031 465.718 536.781 623.906 1713.093 1734.468 1809.218 1872.468 1873.500 1874.000 
24.031 52.656 223.406 238.781 981.812 1330.687 1893.937 1983.625 3429.656 3683.625 
56.156 210.437 220.875 570.781 699.437 867.062 1332.593 1426.593 1579.968 1667.343 1983.593 
43.937 537.031 620.343 1143.062 1331.843 
21.562 57.062 91.156 221.406 365.062 538.531 702.093 1669.593 
21.531 29.687 44.343 365.031 701.156 
23.562 38.250 701.218 1008.812 1604.656 
25.343 364.625 540.062 
22.750 45.687 701.968 1602.343 1823.906 
