-1860.657 33.812 102.531 125.281 227.625 229.250 231.312 762.062 946.093 2528.843 2531.281 2550.843 3035.375 3038.875 3912.281 3918.187 3920.906 3944.500 
-1938.782 -168.563 -138.844 -104.157 71.500 88.750 230.531 503.687 933.500 934.281 1065.906 1233.250 1262.281 1279.750 1309.531 1337.625 1555.906 1595.500 3723.625 3870.750 3873.812 
-1819.563 -1808.094 -1768.000 -360.063 -344.750 -19.157 71.093 156.875 396.937 929.250 935.812 959.062 994.093 1320.718 1324.937 2088.312 3039.718 3040.937 3042.093 3044.281 3640.000 
-1997.375 -969.469 -965.750 -964.250 -913.313 -881.438 -872.969 -852.219 92.562 101.812 227.000 392.750 503.125 555.562 781.343 782.562 1049.781 1241.156 1255.125 1342.312 1593.625 2445.500 2489.562 2846.500 2880.937 2894.437 2899.187 3582.843 3587.031 3699.093 3700.218 3903.218 
-1565.969 -1559.157 -1548.094 -1539.125 -1509.032 -1493.844 -1443.719 -307.375 -303.907 -301.219 -223.469 -217.938 33.968 206.187 210.906 212.062 229.250 229.906 459.093 500.218 773.406 787.250 1249.687 1270.500 1312.500 1317.968 1357.562 2780.250 2782.468 2789.375 2794.312 3157.031 3184.312 3185.781 3224.250 3234.906 3702.062 3705.062 
-773.125 -745.969 -738.188 -707.313 -700.250 -694.875 -573.594 -563.813 -546.719 -136.594 -90.844 -62.375 -45.219 69.281 156.187 235.875 514.843 611.218 683.593 1233.718 1239.125 1244.156 1268.062 1512.093 1804.156 1808.500 2844.250 2858.562 2860.406 2872.937 2920.750 2940.843 3244.375 3246.062 3528.187 3538.375 3676.875 3686.625 3848.437 3863.375 3869.875 
-1928.282 -1902.063 -1890.625 -1844.282 -1818.813 -1170.469 -1128.844 -737.750 -636.282 -426.375 -419.875 -197.782 -149.500 -147.125 -146.844 -145.907 89.093 113.593 159.187 166.468 232.031 683.000 1206.718 1330.343 1477.812 1482.250 1493.343 1498.812 1500.312 1515.562 2262.000 2263.468 2359.625 2526.187 2527.125 2950.468 2958.968 2989.406 3252.500 3323.062 
-1618.563 -1614.407 -1347.938 -884.813 -877.063 -866.844 -849.782 -841.844 -325.750 -315.969 -289.750 -217.000 95.062 158.625 658.156 765.562 939.312 992.281 1039.031 1252.937 1283.687 1317.156 1339.250 1498.406 1508.562 1553.843 2778.718 2819.968 2825.812 2845.281 3022.125 3023.500 3572.750 3616.031 3633.093 3644.281 3755.906 3778.937 
-1975.688 -1915.719 -730.157 -727.844 -713.563 -562.469 113.687 152.875 225.500 371.968 460.187 689.937 764.937 1053.125 1250.187 1466.906 1509.375 1541.937 2608.875 2615.125 2642.281 3836.656 3860.281 3888.843 3924.187 
-1677.407 -1632.250 -1625.188 -1596.063 -1594.344 -864.219 -804.125 -728.219 -638.625 34.718 35.093 36.906 93.406 103.000 123.218 130.625 153.000 162.343 229.031 249.812 372.625 658.593 775.750 824.500 1210.218 1242.062 1302.562 1372.875 2386.156 2399.093 2867.281 2895.625 2922.875 3040.250 3769.062 3779.281 3781.968 3837.375 3848.375 3887.875 
