29.156 73.875 268.312 1965.093 
25.937 148.125 154.375 380.375 513.062 783.250 1578.125 1700.812 1706.187 2822.968 3533.468 
-1989.282 -1979.625 -1523.125 -1166.188 -1143.250 -1132.000 -339.719 96.250 1014.750 1196.406 1537.781 1871.531 2040.718 2246.343 2954.281 3341.468 3343.593 
-1935.469 -1832.719 -1514.688 -661.844 -317.407 -175.563 8.312 70.531 135.375 396.125 520.531 731.562 787.812 898.500 945.375 1164.750 1263.968 1269.593 1447.343 1539.781 1559.437 1908.406 2013.125 2853.125 2860.968 2972.312 2974.968 3765.187 
-1876.594 -1639.250 -1400.032 -1104.907 -1047.375 -725.625 -351.907 142.000 160.843 282.000 470.468 488.843 527.281 944.093 1006.843 1175.875 1258.593 1274.781 1354.156 1857.593 1996.937 2046.843 2936.187 3170.437 
-1918.407 -1041.407 -706.500 -75.719 108.031 357.562 401.531 521.968 760.562 796.281 811.437 1079.156 1165.218 1344.375 1544.062 1579.156 1793.843 1994.656 2043.125 2114.156 2585.625 2787.218 2900.750 3410.281 3481.843 3485.718 3703.562 
-1642.532 -1636.938 -555.500 -508.813 18.437 171.281 275.187 531.218 561.906 710.875 1019.562 1118.281 1615.312 2066.375 
-1977.250 -977.188 -935.657 -927.907 133.437 283.250 716.625 780.343 827.031 1188.875 1266.093 1868.531 2039.906 2081.687 2316.781 2830.218 3171.812 3509.937 3670.031 3777.406 
-1852.063 516.093 523.812 535.781 551.437 802.437 945.281 1134.406 1244.187 1539.656 1545.093 1639.406 1856.250 1954.343 3606.187 3833.250 3928.312 
-1993.563 -1764.532 -0.407 274.218 309.156 313.250 529.531 684.718 790.218 891.781 1030.968 1243.718 1277.531 1287.750 1536.156 1903.093 1999.562 2061.500 2073.000 2301.062 2854.593 3199.906 3478.343 3713.500 
