-1599.407 -368.532 495.375 614.843 1262.218 1685.062 1918.906 1935.843 2098.718 2556.218 2612.750 3149.375 
86.625 259.468 392.968 2676.718 2951.281 2958.875 2979.031 3552.375 
-1068.907 68.000 73.718 391.906 548.375 1004.812 1059.593 1683.781 2014.843 2374.531 3049.843 3709.031 
-1783.469 -1366.782 -1327.875 95.093 263.468 393.468 607.687 614.937 990.968 1103.406 1678.375 1774.843 1918.500 2493.218 2727.687 
-1900.032 -1890.250 -1341.594 -269.313 -11.157 55.375 294.562 326.250 392.656 612.906 662.406 897.593 1333.000 1591.281 1926.187 3611.906 
-1639.063 -1419.844 -1180.469 -163.407 125.125 129.156 813.562 909.031 989.656 1149.218 1586.562 1689.843 1914.187 1941.156 2024.625 
-1911.157 -1908.282 -1906.344 -1064.188 76.375 193.718 318.281 997.281 999.468 1039.031 1560.562 1611.343 1646.750 1692.312 2522.218 2547.062 2677.062 2799.468 3216.343 3223.625 
-1626.063 -1610.719 -1603.219 -1599.313 -1572.782 -1347.563 -1148.375 -279.594 19.656 210.250 290.468 542.937 617.562 731.500 1263.062 1458.500 1669.125 1688.968 1776.187 2119.031 2153.531 2616.875 2618.500 3264.218 3684.343 3731.375 
-1974.563 -1292.375 -649.188 -225.063 -79.157 44.468 257.812 289.937 463.218 698.406 932.312 984.500 1264.906 1404.000 1589.625 1630.312 1916.187 2923.312 3219.531 3627.843 
-1234.813 -1080.875 -832.000 -1.532 273.687 565.250 565.968 993.437 1686.437 1694.718 1924.437 1947.093 2116.406 2141.437 2428.187 3290.781 3442.031 3483.843 3521.531 
