15.718 64.968 99.375 127.375 140.000 194.500 201.343 215.750 226.968 244.312 253.937 261.187 268.781 292.781 305.531 317.718 386.437 404.437 415.906 474.000 485.562 505.406 517.718 536.750 559.187 575.093 577.843 591.968 602.218 605.531 616.250 718.312 776.500 800.281 821.156 909.500 928.812 974.531 1010.062 1022.125 1047.343 1068.593 1091.500 1114.843 1136.750 1141.875 1152.625 
15.843 57.687 116.906 136.031 146.281 193.187 200.625 216.875 247.312 278.531 282.125 289.500 296.843 305.968 321.187 367.156 396.156 419.437 486.593 503.000 520.125 570.218 587.125 599.625 603.875 622.437 761.000 786.406 823.812 835.687 885.187 921.000 991.750 1002.906 1019.437 1042.656 1069.562 1087.750 1092.468 1099.875 1113.218 1132.125 1141.375 1146.625 
26.406 68.406 98.843 118.843 138.187 152.437 177.750 200.875 227.250 241.375 260.187 266.281 278.343 299.062 309.906 385.156 404.062 418.687 486.843 501.500 518.781 539.906 575.062 586.843 606.250 629.968 763.750 803.781 821.093 888.062 919.093 992.843 1018.218 1043.281 1069.312 1091.593 1107.906 1124.218 1136.656 
15.531 69.812 98.562 118.250 134.031 141.375 168.062 200.125 205.531 217.250 248.031 252.031 264.312 282.218 289.625 309.937 322.031 388.093 415.218 485.406 505.562 514.187 534.687 555.156 575.468 587.625 600.906 635.843 765.468 789.937 812.812 835.781 916.500 938.281 984.281 1005.187 1030.656 1057.031 1092.593 1110.375 1117.968 1139.750 
16.312 66.187 99.187 126.531 139.781 150.687 171.437 195.968 201.125 210.718 230.125 245.812 259.000 283.000 292.625 306.750 318.468 386.968 409.781 414.875 425.406 458.437 481.656 504.562 518.750 556.500 589.687 607.343 622.687 632.687 764.281 795.156 802.312 821.093 928.937 983.906 1008.781 1043.312 1073.812 1103.625 1110.218 1122.468 1136.156 
15.843 67.093 103.000 135.906 151.281 204.718 224.000 252.281 261.875 280.218 287.000 310.000 324.812 384.156 414.031 429.906 444.843 485.625 502.406 532.250 548.843 571.250 580.531 599.125 628.093 780.625 805.500 884.906 900.125 917.812 1016.500 1046.437 1069.125 1091.968 1107.625 1122.281 1140.187 
15.250 25.625 76.406 95.906 118.343 143.031 159.656 199.781 215.812 244.437 250.281 265.875 279.750 297.687 306.812 310.906 320.781 374.375 388.625 410.906 498.281 518.812 544.968 570.718 587.750 602.562 624.375 636.906 762.750 805.093 819.968 886.000 901.500 927.718 1001.218 1016.437 1046.312 1069.906 1090.875 1107.406 1117.062 1130.312 1147.437 
16.000 68.437 81.906 112.593 129.500 136.531 142.062 191.968 212.593 244.406 255.718 275.031 279.406 288.187 308.625 372.187 398.750 418.718 451.031 477.218 502.843 517.687 557.125 579.812 607.437 624.781 744.718 772.281 800.406 814.156 898.437 911.656 929.187 977.687 1019.718 1072.000 1090.093 1105.125 1117.656 1140.187 1148.187 
16.187 63.375 124.656 137.468 172.437 195.781 205.906 210.875 246.250 261.093 279.125 284.187 293.656 300.406 310.937 377.156 418.843 491.875 517.406 534.718 569.406 583.500 601.468 617.343 763.156 780.843 804.562 897.562 914.625 929.906 935.406 1002.031 1033.968 1050.718 1070.593 1091.718 1114.250 1130.500 
15.093 63.468 98.062 117.843 121.843 132.687 144.437 204.875 230.437 245.656 259.593 277.781 288.625 300.156 309.093 320.468 366.218 384.062 401.125 422.531 501.281 517.218 557.656 573.750 588.468 604.937 615.937 623.968 630.281 771.468 795.062 804.781 821.343 900.062 921.625 1002.375 1034.250 1047.031 1090.125 1104.875 1119.343 1138.875 1146.593 1151.281 
