35.437 63.812 76.312 91.968 99.375 112.406 122.093 137.625 141.781 152.687 182.906 190.875 216.375 234.187 260.812 267.000 285.500 295.312 361.750 418.906 440.562 455.781 473.937 493.343 508.562 536.062 560.437 574.562 585.500 607.312 671.906 709.500 719.343 738.406 745.750 760.906 902.750 953.781 964.312 993.187 1093.843 1113.843 1234.312 1248.718 1260.968 1273.031 1279.187 1282.875 1310.125 1372.437 1411.906 1423.937 1439.000 1450.656 1464.062 1487.062 
26.625 34.093 70.156 91.468 95.593 101.968 105.343 108.968 121.656 133.500 138.781 142.250 155.343 192.687 206.531 224.531 234.625 266.843 292.062 336.843 409.750 423.781 440.843 461.593 489.500 577.937 593.250 611.562 654.406 707.125 720.250 744.593 751.531 769.312 906.187 915.250 953.375 981.625 1109.750 1121.031 1239.062 1275.718 1287.593 1316.093 1375.625 1413.906 1418.687 1442.000 1475.000 2229.937 2287.781 
24.781 36.500 66.031 89.500 92.937 103.062 106.031 108.687 120.968 133.812 140.843 144.843 147.781 194.593 210.687 245.437 256.125 273.468 284.125 339.312 363.062 381.125 407.937 438.375 455.406 464.500 499.468 551.406 570.375 584.937 602.875 661.531 708.843 718.718 752.562 769.062 886.062 896.625 903.625 906.656 954.656 967.781 1110.000 1240.125 1265.437 1293.281 1315.718 1379.375 1410.781 1415.312 1436.343 1460.687 1478.750 
33.500 37.718 61.718 84.375 91.218 95.781 98.750 102.718 105.218 119.031 133.625 136.656 140.531 146.656 151.812 185.500 194.625 225.906 251.187 271.093 289.125 393.250 418.093 440.093 456.468 495.281 543.718 568.375 584.937 589.750 609.750 706.843 721.625 734.406 749.187 899.500 914.625 955.031 1093.500 1123.062 1224.281 1247.187 1269.437 1289.031 1315.750 1372.531 1402.625 1410.187 1416.062 1424.625 1445.375 
33.562 87.468 93.281 101.281 105.250 109.625 128.531 135.562 149.656 166.437 187.312 201.875 232.718 244.343 264.187 276.156 290.500 301.250 380.656 407.375 423.468 445.187 463.125 492.750 532.375 551.125 569.125 587.781 606.218 662.343 706.625 714.218 739.906 761.406 893.062 907.750 951.250 1241.625 1261.968 1278.031 1294.906 1315.031 1388.156 1415.093 1433.906 1452.312 2445.625 
33.343 67.750 90.562 94.125 99.187 107.218 122.625 131.562 142.125 149.625 161.562 193.062 217.812 238.625 252.437 258.937 276.718 299.781 342.062 378.625 412.625 422.593 442.718 462.593 493.812 524.000 560.718 570.406 584.031 615.531 655.031 703.687 710.406 720.031 735.875 746.375 776.187 901.500 908.093 954.468 1090.593 1122.531 1240.812 1258.375 1274.218 1290.187 1306.593 1314.125 1410.125 1413.812 1430.812 1443.031 1479.281 
29.093 34.562 68.656 87.937 92.375 99.156 102.187 116.875 134.156 142.156 149.625 192.906 229.718 250.843 260.656 278.125 295.250 344.031 376.375 388.500 445.875 460.062 491.656 502.406 540.250 561.437 571.593 587.343 608.062 659.718 704.406 742.906 750.656 772.156 893.906 905.343 920.656 957.812 1089.593 1124.437 1239.562 1255.000 1272.062 1290.281 1311.718 1386.656 1409.562 1423.343 1447.187 1461.187 
33.343 87.750 99.375 105.218 109.375 117.937 135.562 138.531 151.125 178.500 190.031 203.687 232.281 255.843 271.937 296.031 372.562 415.468 439.125 447.156 456.812 494.593 510.937 548.937 570.375 586.750 674.281 706.000 709.718 735.093 774.500 895.468 906.250 945.906 950.125 966.812 1238.093 1254.562 1279.156 1288.187 1386.531 1410.500 1414.406 1419.937 1450.937 
33.000 68.000 89.375 96.781 104.500 108.187 118.718 137.562 147.468 178.437 193.906 224.500 247.375 280.000 361.156 381.062 411.656 437.375 461.093 491.718 505.250 564.343 579.750 605.062 696.062 708.500 721.968 743.500 749.375 780.343 898.468 905.093 952.218 1089.187 1120.562 1239.562 1261.281 1291.968 1311.687 1318.625 1374.218 1387.468 1409.218 1418.468 1457.437 1478.125 
33.343 86.500 99.562 107.062 118.343 134.187 142.468 149.500 153.437 168.562 184.437 217.031 231.406 254.031 268.437 293.500 302.937 340.406 410.687 425.781 443.968 459.156 489.906 509.687 556.250 570.812 596.812 654.218 709.937 721.906 738.843 764.000 776.562 891.187 920.375 951.531 1089.687 1120.531 1243.375 1252.343 1290.281 1304.906 1318.781 1374.000 1414.875 1443.687 1475.500 
