14.187 139.125 507.531 698.562 943.937 1044.687 1278.343 1399.406 1464.500 
12.500 16.156 80.875 115.281 124.312 167.093 392.562 417.343 457.406 480.781 638.656 850.187 1042.656 1132.781 
24.437 148.187 161.375 167.062 170.656 172.093 283.906 394.375 947.468 1135.750 
14.812 504.531 567.875 596.875 1353.531 
113.375 127.093 296.218 455.906 848.625 862.187 1238.562 
24.750 301.093 585.718 851.406 
111.250 128.593 406.312 1044.093 1046.281 1163.000 1164.125 
109.218 1403.125 
376.156 702.218 855.750 958.500 
166.843 222.250 302.562 704.593 1043.593 
