15.781 28.968 31.906 130.562 212.343 244.625 356.343 425.812 485.906 533.375 604.843 618.625 713.312 1364.125 
156.406 321.218 438.281 521.343 531.187 553.718 630.343 809.437 986.781 1141.000 1226.000 1393.156 
14.875 30.406 448.500 450.125 700.750 928.000 1224.656 
263.062 626.062 831.875 1223.875 1457.062 
30.968 31.656 154.750 157.500 425.218 450.093 534.687 747.687 1224.656 1277.750 
45.781 452.156 
171.718 450.656 541.531 970.593 1212.593 
32.437 522.750 536.312 740.062 833.437 1060.250 
31.312 545.531 1279.218 1592.625 
32.250 328.656 387.593 545.968 747.968 
