-1345.094 44.781 127.375 197.781 222.031 246.593 288.531 517.906 538.843 563.531 568.312 661.843 696.375 777.093 964.593 989.093 1029.656 1084.000 1111.781 1191.187 1235.031 1331.687 1382.562 1483.281 1605.968 1986.312 
-1582.750 -606.125 -410.313 127.031 132.718 288.968 397.343 448.531 598.687 628.500 699.562 738.281 816.187 911.031 964.250 1007.125 1195.562 1216.468 1374.000 1390.562 1400.531 1899.687 3212.312 
-1901.282 -1448.000 -1089.157 -351.813 39.562 67.218 83.062 195.250 327.312 365.531 518.125 572.687 645.250 652.250 732.281 827.906 839.187 843.656 1000.500 1265.187 1452.406 1744.968 2202.500 2488.156 3341.031 3667.312 
-1892.500 -975.157 129.343 140.875 218.375 221.781 261.562 286.375 443.875 479.937 518.406 582.500 585.281 601.406 604.375 642.062 681.843 726.812 775.906 859.156 860.656 885.468 935.218 976.343 1078.937 1085.062 1215.625 1276.000 1346.750 1354.343 1376.531 1401.843 2652.812 3136.406 
-1829.657 -450.969 -217.500 18.750 123.187 149.343 187.281 206.625 256.000 275.218 306.593 390.062 423.531 516.343 555.875 566.375 640.937 728.781 768.593 774.000 836.000 962.687 1049.343 1169.093 1239.781 1308.437 1383.312 1468.812 2524.593 3312.937 
-1237.000 15.187 44.500 138.500 192.218 201.218 360.906 437.937 599.093 629.218 653.500 655.812 751.375 949.937 1002.468 1086.937 1218.406 1260.906 1375.843 1383.343 1450.687 1468.531 1533.125 2693.000 
-891.250 -390.282 -186.563 44.250 47.343 243.812 249.468 271.125 283.156 365.843 397.750 447.218 568.562 615.093 664.218 727.312 731.375 751.125 847.187 897.750 951.281 1087.375 1134.906 1314.531 1341.593 1398.468 1442.000 1450.906 1475.968 1881.750 2747.156 3081.906 3117.125 3181.531 
-1669.313 -758.782 -525.000 38.812 46.968 125.718 170.187 191.812 208.593 220.312 362.500 426.843 513.687 518.000 552.250 559.000 625.437 663.875 679.687 859.062 913.250 1264.406 1345.812 1479.375 1735.406 2309.906 3018.531 3876.468 
-1556.500 -1073.000 -639.532 -306.282 28.375 44.250 102.906 136.531 186.718 221.343 367.343 444.031 568.031 602.656 625.031 627.625 726.531 760.781 913.468 927.812 938.156 961.156 964.906 997.781 1041.593 1078.687 1089.468 1193.093 1263.687 1271.093 1286.812 1301.656 1332.375 1333.937 1364.250 1443.406 1486.375 2936.687 
-304.469 18.125 135.343 137.156 139.406 158.781 191.781 219.406 247.781 268.281 278.750 284.687 359.093 396.250 444.343 448.593 475.000 502.718 518.000 551.906 568.375 625.312 629.562 630.968 648.437 853.687 858.000 862.468 862.875 1084.500 1088.843 1117.937 1386.312 1502.906 1875.343 2258.718 2305.625 2975.468 3484.843 
-567.032 45.750 129.625 172.250 187.093 217.468 277.218 284.500 289.062 370.656 444.750 451.187 557.906 629.062 631.843 748.156 761.406 824.718 1048.406 1111.812 1270.750 1287.875 1385.031 1727.906 1916.125 2294.656 2332.000 2468.625 3430.531 3494.781 
-971.594 -196.219 16.531 188.656 195.687 272.031 280.312 289.218 291.281 308.656 327.531 390.093 514.250 559.437 568.437 595.687 626.593 644.312 699.500 946.468 964.250 997.718 1002.875 1004.750 1032.812 1077.906 1121.468 1155.906 1234.187 1333.062 1384.531 2082.906 2172.156 2905.281 
-654.219 -207.594 192.000 195.687 286.406 365.437 447.937 632.468 668.093 682.281 749.031 883.031 913.593 950.093 1019.687 1087.250 1090.437 1091.593 1193.375 1200.875 1282.250 1318.031 1332.625 1341.375 1346.687 1443.937 1966.125 2172.812 2723.562 2782.968 3137.125 
-851.219 19.562 31.750 39.562 44.125 44.687 205.875 271.625 276.656 517.750 550.312 598.343 647.718 696.187 854.250 859.093 861.375 1088.875 1094.000 1283.062 1399.906 1556.281 1755.906 2091.593 3422.531 
