61.937 85.718 91.218 104.968 117.875 127.156 140.968 147.906 166.937 176.593 195.812 222.312 356.500 498.187 768.656 778.906 827.562 909.187 940.593 1320.000 1324.937 1336.750 1351.250 1365.062 1374.625 1390.843 1474.875 1552.968 1566.593 1587.687 1596.437 1827.593 1839.250 1878.500 1937.218 1952.437 2738.656 2745.781 2829.812 3064.437 3076.468 3095.593 3112.656 3129.906 3145.312 3152.906 3156.500 3169.218 3445.968 3451.343 3542.468 3568.812 
60.562 118.250 139.656 173.968 352.531 369.031 389.531 406.687 519.812 777.500 816.187 853.593 1010.187 1027.906 1040.093 1054.125 1103.312 1109.750 1289.843 1329.250 1564.937 1599.218 1712.937 1795.906 1978.968 1987.093 2009.531 2042.187 2483.843 2516.406 2940.468 2944.468 2963.093 3716.250 3739.218 3744.875 3748.781 3781.375 3790.281 3800.062 
41.062 174.968 187.406 248.531 257.156 289.187 524.968 556.875 561.531 775.125 986.250 1042.843 1207.843 1219.031 1296.375 1388.093 1493.875 1515.875 1666.781 1672.187 1717.656 1805.062 1809.500 1864.937 1893.343 2361.750 2663.187 2687.656 3073.750 3083.000 3087.281 3091.781 3097.437 3121.531 3130.625 3179.812 3191.093 3194.656 3214.531 3241.250 3666.343 3692.687 3696.906 3852.843 3863.218 3870.875 3880.500 3898.187 3921.250 
25.968 37.031 60.531 116.812 183.937 201.875 208.031 217.968 316.593 497.062 523.531 748.375 910.031 919.843 1164.500 1275.968 1504.062 1566.343 1948.750 1953.062 1962.937 1969.750 2231.031 2248.906 2254.156 2261.500 2379.250 2397.968 2492.468 2530.187 2539.500 3060.937 3103.500 3109.750 3126.312 3139.375 3171.093 3177.562 3201.906 3217.406 3699.093 3723.375 3748.781 3765.218 3962.437 3976.156 3986.718 
24.906 31.062 61.500 84.531 105.875 109.781 161.093 349.281 403.000 436.000 442.250 504.625 539.468 748.750 1053.125 1075.218 1079.125 1112.718 1142.250 1210.937 1225.812 1245.156 1524.062 1560.968 1930.781 1964.281 2121.218 2255.687 2368.750 2372.093 2426.156 2429.593 2437.500 2488.125 2874.812 2879.500 2890.812 2913.125 2917.562 2922.937 2926.875 2932.375 2975.312 3139.750 3798.156 3805.250 3809.406 3848.343 3859.187 3967.375 3983.625 3997.062 
26.843 42.187 62.437 84.250 105.718 117.375 146.531 166.343 171.593 193.093 305.875 499.593 709.406 743.687 931.281 969.781 994.375 1219.812 1251.562 1325.500 1341.593 1359.812 1536.156 1568.062 1577.187 1852.281 1892.843 1910.906 1923.906 1952.187 1960.593 1964.843 1968.750 1985.250 2221.031 2231.562 2250.937 2259.281 2483.062 2518.437 3507.343 3521.406 3538.593 3547.343 3560.500 3566.000 3576.343 3588.937 3595.656 3730.250 3737.812 3831.937 3837.187 3840.312 3872.093 3927.937 
51.062 104.250 108.281 116.656 160.875 165.250 184.000 197.437 209.593 266.375 277.718 292.312 306.843 321.718 654.375 812.375 861.843 1117.656 1129.281 1137.031 1459.500 1488.781 1567.093 1824.093 1840.000 1906.281 1928.500 1939.250 1949.437 2270.343 2284.406 2447.562 2457.312 2467.843 2503.718 2919.093 3235.062 3241.781 3337.062 3868.625 
26.218 41.781 62.312 100.343 103.968 107.218 122.000 172.031 190.812 198.718 379.281 404.468 640.593 662.906 751.937 779.718 804.875 823.500 1229.156 1243.218 1450.437 1488.375 1498.062 1571.250 1593.562 1887.250 1891.562 1910.625 2019.687 2599.000 2624.968 2894.875 2932.343 3045.187 3322.281 3327.156 3422.656 3486.156 3508.718 3522.281 
54.093 59.968 65.750 79.781 95.375 104.531 110.500 128.031 144.968 156.968 173.062 203.218 229.906 270.218 349.937 563.593 583.968 595.125 600.375 606.343 611.312 623.906 632.562 639.687 649.656 675.218 753.218 786.812 794.375 825.343 1105.937 1233.375 1246.968 1310.875 1316.375 1321.031 1337.093 1397.000 1540.406 1589.093 1638.000 1660.968 1826.218 1833.500 1845.562 1886.781 2512.156 2544.437 2549.875 2981.406 2984.468 3003.656 3011.812 3376.343 3530.656 
47.281 52.531 60.093 67.875 78.312 85.437 100.281 106.500 113.093 132.593 144.906 170.906 202.031 206.375 288.531 302.375 312.125 324.031 337.968 344.062 355.156 583.406 596.562 810.875 860.718 948.718 1026.500 1111.375 1463.031 1515.656 1538.750 1555.750 1566.843 1861.093 1984.968 1996.500 2099.625 2595.062 2609.437 2631.593 2672.250 2675.562 3025.656 3030.093 3034.281 3305.125 3314.968 3394.000 3987.906 
