14.031 314.000 387.125 418.218 846.625 1250.281 1348.437 1637.062 1680.656 1766.062 
158.125 373.343 421.281 450.000 494.937 621.875 627.093 632.656 650.312 844.375 851.656 1039.343 1677.781 1770.187 1772.656 1847.250 
72.937 158.187 454.250 542.437 817.781 843.187 899.093 1040.687 1090.187 1534.968 1769.250 
47.812 116.625 852.312 857.781 1115.218 1220.750 1765.593 
83.812 548.000 637.625 1077.437 
15.625 450.281 546.500 753.656 851.406 1636.750 
390.656 623.718 630.093 729.250 822.750 1059.468 1756.656 1765.625 1769.218 
14.531 49.906 626.125 730.781 946.281 1073.125 1572.000 
13.250 26.906 730.062 862.687 1678.312 1847.875 
32.906 1352.875 1765.625 1766.093 
