52.468 92.687 118.031 176.125 181.093 182.500 315.375 461.437 512.562 590.562 665.093 816.906 857.687 1000.656 1069.750 1072.750 1372.687 1391.343 1403.312 1404.250 1490.406 1564.812 1659.218 1664.187 1816.875 
114.812 116.218 473.468 661.343 669.906 1071.781 1298.656 1390.906 1402.281 
116.312 121.156 174.875 245.468 694.562 920.875 1069.781 1075.593 1293.281 1381.562 1389.000 1491.562 1596.812 
147.500 520.906 799.218 1064.218 1070.718 1071.781 1236.031 1453.218 1991.843 
183.125 665.093 920.343 921.187 1110.500 
23.750 51.156 79.468 665.093 1494.468 
23.437 61.562 361.875 372.843 920.468 1062.375 1064.218 1069.750 1258.531 1889.281 
289.000 532.625 1035.406 1070.750 1211.656 1328.781 
117.031 179.843 1069.812 1072.750 1383.875 1704.062 1894.031 1923.187 
26.125 655.093 665.093 817.687 1258.343 
