-1174.813 39.250 121.906 192.125 323.625 449.531 603.281 930.125 1025.812 1062.312 1064.437 1130.406 1325.906 1356.031 1526.312 1581.781 1843.500 1974.843 
35.906 123.812 418.718 424.156 450.218 453.687 700.281 930.937 1618.843 1727.593 2962.250 
-1954.500 -1862.313 -1827.969 -842.125 -830.032 -562.344 -492.407 29.625 86.250 317.375 659.875 794.562 1103.187 1290.531 1355.062 1524.875 1555.468 2612.031 3241.781 
31.593 150.125 451.093 748.437 995.531 1022.000 1128.656 1810.281 2995.718 
184.437 216.000 281.593 416.718 672.500 774.125 968.875 999.312 1216.562 1841.500 1845.718 2991.531 
38.375 326.656 532.187 1065.093 1186.687 1394.781 1641.968 3193.250 
29.750 930.281 1215.843 1554.656 2947.062 
124.718 448.218 499.250 1900.562 3122.781 
27.500 122.406 996.968 1321.718 1354.562 
457.593 987.312 1125.062 1280.812 1523.687 1992.625 
