173.843 836.093 864.000 1390.187 1914.468 1936.718 2110.093 2342.656 
359.312 364.312 539.843 1529.750 1724.218 
495.687 736.437 900.843 1041.437 1388.062 1486.218 2086.062 
-1439.844 -1424.500 161.718 356.000 381.531 538.562 937.125 1000.812 1767.093 1869.937 
-435.313 39.125 349.687 374.468 560.031 560.437 904.687 1495.656 1739.906 1945.875 
36.781 37.656 360.406 495.718 904.593 1227.312 2000.031 2072.281 2143.843 
324.250 346.125 546.968 761.625 909.750 937.312 1030.187 1078.031 1275.156 1302.750 1323.093 2001.250 
170.593 352.593 490.468 542.968 574.312 659.812 1479.468 1485.125 1529.625 2034.281 2112.343 
162.343 174.562 283.250 534.437 546.125 651.437 744.937 908.062 1048.531 1280.593 
202.281 746.125 907.750 931.312 1359.937 1475.968 1630.343 1832.843 2082.562 
