188.812 281.843 462.468 510.312 881.343 1008.968 1377.593 1561.406 1578.875 
235.125 736.968 1015.906 1554.468 
489.875 502.781 1031.031 1495.625 1552.968 1582.062 1606.843 
127.468 191.875 351.750 353.843 479.468 490.593 515.250 828.000 1016.187 
191.312 284.093 291.312 353.281 510.343 646.187 1050.531 1187.406 1450.000 1466.625 1561.593 
120.156 234.500 494.500 529.062 636.406 903.406 955.031 1437.500 
358.281 462.437 495.812 741.656 1038.687 1370.812 1599.531 
115.500 242.031 291.437 481.343 824.531 1002.531 1058.781 1277.437 1553.468 
208.687 345.812 489.781 642.531 1282.875 1553.250 
350.593 738.375 744.625 902.625 1010.968 1190.156 1385.656 
