187.281 459.875 687.343 834.875 911.843 1131.406 1578.375 1631.906 1783.125 1783.437 1784.500 1801.875 
111.968 336.125 1562.656 1632.218 1782.562 1784.156 1784.500 
67.968 69.250 461.625 687.343 1782.500 1783.437 1783.812 1784.468 1784.812 
112.406 243.531 460.500 1578.406 1782.843 1784.468 1784.812 
66.437 88.218 459.625 1196.375 1783.500 1788.437 
64.875 192.718 460.031 465.625 1251.781 1327.312 1681.187 1782.218 1923.781 1965.375 
68.218 111.531 183.906 262.968 685.250 699.718 1784.531 1785.156 1905.156 
461.750 685.250 1199.437 1326.093 1782.500 1784.500 
64.562 66.156 88.437 111.625 462.187 1782.500 1782.843 1783.156 1784.468 1785.156 
836.812 909.718 1782.500 1784.468 1820.031 1904.093 
