276.531 384.312 685.062 687.750 691.843 695.500 697.343 1214.562 1224.250 1602.218 1616.468 1791.468 1824.968 3175.125 
137.375 369.437 382.531 390.562 474.718 686.593 688.250 697.000 731.937 845.625 848.125 960.406 1210.625 1213.000 1218.968 1227.812 1338.375 1603.906 1609.031 1939.718 1942.656 2380.781 
127.875 134.343 169.187 399.562 488.500 685.687 688.812 697.468 704.625 708.406 849.593 1211.187 1214.156 1336.937 1594.500 1596.593 1606.718 1679.187 1794.468 1802.281 1833.468 1845.187 2643.406 2667.281 

698.031 702.000 725.093 1220.093 1230.187 1602.187 1946.687 
129.437 135.781 145.375 172.375 693.531 697.000 698.312 1231.906 1607.312 1797.687 1944.500 
66.593 695.375 697.312 699.406 1946.531 
137.718 146.375 387.062 688.125 696.343 1604.437 1613.656 
698.718 1932.656 1935.718 
133.968 141.343 396.281 857.312 1230.062 1800.500 1810.875 3486.281 
