79.125 93.500 218.250 413.843 1457.687 1672.343 1701.250 1709.468 3843.625 3866.000 
3.500 11.593 18.281 20.000 23.000 238.500 325.906 628.250 1148.406 1484.031 1514.531 2382.156 2399.468 2414.968 2799.875 3919.687 3933.781 3941.187 
34.000 100.875 218.625 253.750 301.343 407.093 538.875 543.812 786.031 2655.250 2672.343 2707.343 2998.281 3283.750 3319.562 3874.812 3915.750 
78.312 97.437 108.312 227.968 243.531 428.312 469.750 607.000 629.968 907.218 1636.781 2320.750 2354.000 2718.906 2740.593 3120.031 3133.406 3583.656 3598.562 3624.625 3635.531 3825.812 3834.125 3835.062 3866.125 
101.906 225.250 577.500 615.812 617.093 1977.937 2485.343 2489.562 2519.125 2862.375 3211.125 3226.625 3263.875 3699.375 
87.593 115.781 156.218 251.531 603.406 604.468 631.187 1081.812 1460.937 1821.218 1839.406 1842.625 1844.281 2489.375 
83.250 453.687 502.093 549.875 909.531 1809.093 1820.343 1822.125 1832.250 1834.062 1843.750 2613.031 2615.875 2633.468 2638.781 3120.406 3519.343 3528.000 3529.218 3581.750 3585.000 
969.437 1036.625 1476.000 1525.250 1551.906 2081.062 2388.093 2397.531 2398.125 2981.687 3411.718 3447.812 
64.156 233.250 551.093 569.125 610.250 1466.968 1786.437 2313.750 2317.000 2370.531 2374.125 
89.968 291.843 493.812 498.312 543.406 591.906 2770.062 
