13.968 15.281 18.031 22.156 23.156 27.593 29.187 96.375 129.125 152.000 155.718 260.562 328.406 520.343 522.125 605.812 737.937 751.906 831.406 1223.093 1278.406 1358.562 1502.781 
14.156 18.218 20.500 29.593 30.500 31.562 70.281 88.500 126.468 155.343 327.687 329.937 447.968 519.843 544.843 623.593 829.468 832.562 927.687 1197.250 1201.281 1224.750 1358.781 1360.531 1458.312 1725.250 1727.625 
17.000 18.687 19.906 22.781 28.500 29.531 35.250 98.312 100.312 131.000 151.687 155.750 519.562 701.656 829.531 1201.500 1204.875 1225.031 1358.937 1588.906 1712.906 
19.281 21.625 27.031 29.906 31.156 35.281 147.562 156.156 261.781 278.187 327.437 519.593 701.968 737.281 829.406 927.093 1054.031 1202.812 1223.687 1280.250 1360.125 1502.437 1590.125 1714.281 
13.500 16.250 17.906 29.343 30.687 97.562 125.375 128.062 149.500 155.625 156.968 432.375 449.218 519.125 545.343 700.406 751.843 829.625 832.500 1059.093 1093.437 1096.593 1200.031 1204.781 1279.343 1358.875 1503.406 1590.343 
13.593 19.593 21.531 29.812 35.250 79.750 98.812 135.031 152.375 155.687 262.593 284.468 328.781 448.093 520.187 617.125 750.093 830.093 1202.781 1360.968 
13.656 17.500 18.343 20.250 30.062 32.250 130.125 136.781 155.187 281.062 327.687 751.250 830.812 1092.843 1194.000 1358.875 1457.187 1589.062 1725.593 
16.687 19.156 19.968 29.500 35.406 97.562 124.687 155.937 261.312 318.062 429.343 449.687 543.093 699.750 703.406 734.906 829.093 927.656 1191.218 1199.750 1358.906 1502.687 1590.750 1726.875 
14.906 20.000 20.812 23.906 30.062 97.687 126.718 155.937 327.781 448.375 525.156 701.531 735.531 830.406 928.281 1214.687 1358.937 1457.312 1712.750 
17.406 19.218 20.187 30.187 136.062 150.125 152.968 156.093 519.968 701.593 751.687 830.093 926.500 1060.125 1092.781 1195.906 1198.593 1280.406 1729.593 
