31.000 33.343 68.375 186.718 427.375 534.000 793.531 930.562 1366.062 1584.343 1638.093 1640.218 
84.375 430.562 537.062 802.781 
34.937 236.125 517.687 606.968 1281.468 1365.656 
79.750 187.093 507.718 1892.937 3275.281 
187.375 397.562 508.937 538.562 1040.312 
85.187 1040.781 1113.218 1366.156 
31.125 33.562 54.625 75.500 129.656 203.281 228.562 242.406 242.906 370.968 480.593 773.312 1041.625 1359.437 3697.718 
32.218 369.156 544.531 1367.531 2509.000 
42.906 188.468 264.531 428.593 454.656 741.093 879.875 
30.593 188.593 
