29.406 36.843 46.562 53.781 76.468 171.843 185.812 190.906 223.968 237.968 313.031 599.875 607.250 640.906 683.531 708.843 852.156 963.968 1008.218 1016.375 1042.375 1075.000 1091.375 1353.906 1423.593 1452.875 1655.312 1666.375 1755.062 1774.000 1809.875 1856.968 1858.343 1860.625 1879.468 
-1038.282 38.812 39.781 62.406 66.843 78.187 180.562 482.968 559.812 618.937 648.656 651.781 657.156 673.000 823.375 865.562 930.437 993.281 1034.656 1050.906 1088.031 1090.593 1202.031 1225.000 1250.562 1471.468 1597.125 1615.625 1771.250 1775.250 1803.625 1874.218 1881.125 1881.562 
28.687 35.937 36.218 44.812 69.437 185.718 198.031 329.468 356.500 575.218 589.437 591.468 594.031 597.562 609.562 691.000 872.906 958.000 965.937 982.718 985.250 986.562 996.625 1068.218 1086.343 1322.562 1402.843 1407.968 1445.718 1464.781 1474.812 1595.812 1755.093 1759.062 1763.562 
24.375 35.968 45.343 47.843 58.343 59.812 228.000 311.593 318.593 321.437 586.468 589.531 592.062 609.093 621.187 638.718 666.437 668.468 676.687 679.093 800.406 822.750 915.812 960.906 972.906 986.468 1008.218 1024.187 1032.437 1264.937 1322.937 1373.093 1373.687 1390.937 1462.625 1465.281 1499.593 1594.468 1603.156 1603.531 1727.937 1755.968 1787.375 1798.000 1816.781 1818.968 
-1463.719 33.812 35.187 197.093 386.750 480.218 618.093 700.187 713.843 799.656 810.187 852.531 875.343 930.968 976.406 1005.906 1056.968 1085.937 1089.250 1322.906 1355.625 1376.718 1461.437 1470.750 1603.000 1605.937 1613.812 1620.343 1621.562 1661.312 1665.250 1773.687 1775.718 1822.656 1838.062 1854.687 
199.281 209.687 280.562 316.593 319.218 334.125 367.656 558.312 580.281 582.750 597.312 607.968 620.468 640.125 671.187 674.218 685.375 689.343 823.406 833.156 872.875 898.531 956.281 956.875 981.468 1051.656 1066.281 1090.250 1227.593 1245.281 1264.781 1366.343 1378.812 1385.375 1395.718 1432.843 1448.750 1457.500 1462.656 1470.593 1768.187 1775.593 1837.718 1881.687 
34.781 279.593 592.468 597.875 604.781 631.187 696.531 800.343 993.375 1029.343 1060.156 1203.687 1236.531 1263.312 1291.625 1295.312 1309.687 1322.375 1323.843 1355.656 1383.625 1412.343 1472.781 1481.187 1596.875 1756.406 1768.656 1775.750 1798.250 
171.531 199.406 388.437 402.000 606.406 617.781 632.031 649.531 674.843 682.218 695.156 702.625 803.000 821.468 874.250 896.687 916.093 961.687 963.781 1045.843 1209.093 1225.281 1355.875 1358.156 1360.343 1367.562 1372.375 1472.218 1483.718 1609.906 1616.906 1755.875 1771.125 1833.218 1859.781 1873.437 1895.937 2975.843 3704.187 
46.093 47.125 53.343 108.187 280.187 334.843 367.531 557.875 575.843 592.937 598.062 609.656 620.343 620.906 643.593 666.750 830.125 873.843 958.656 994.562 996.937 1004.125 1054.531 1324.812 1361.375 1372.718 1447.406 1467.562 1728.968 1754.312 1773.843 1811.750 1862.906 
57.156 60.031 277.468 302.656 316.625 339.625 567.218 680.343 687.843 804.218 959.031 962.062 1014.250 1038.406 1197.593 1223.906 1246.500 1247.750 1307.375 1383.500 1499.843 1665.406 1841.125 1881.656 
