30.812 191.750 229.781 251.187 291.031 350.968 375.875 378.062 380.531 474.968 512.343 687.000 898.031 916.187 1064.000 1103.156 1515.625 1617.062 1684.406 1686.812 1709.281 1732.687 1749.781 1791.093 1799.500 1887.062 1889.343 1893.562 1919.625 2018.968 2020.500 
31.781 281.125 377.031 412.250 472.812 512.375 530.375 900.187 911.156 1000.906 1006.187 1087.656 1255.812 1282.750 1292.718 1295.406 1453.250 1459.437 1684.156 1839.062 3089.875 
31.593 132.312 186.312 190.656 281.593 283.625 339.406 362.187 376.843 474.531 478.312 481.093 512.187 515.250 686.250 981.656 987.781 1078.968 1291.750 1307.843 1318.562 1362.656 1453.593 1595.375 1612.031 1684.062 1732.593 1790.312 1791.875 1885.000 1923.156 1981.875 1983.343 1988.312 1995.406 2032.718 
46.593 249.843 280.906 283.937 323.968 330.468 359.125 407.468 513.500 527.406 686.000 973.093 1159.968 1266.031 1273.875 1451.656 1529.500 1743.687 1789.468 1885.437 2018.687 2048.625 2615.843 
-1889.500 -1670.157 30.843 46.093 140.375 208.750 242.093 471.250 471.781 473.000 478.281 514.343 992.500 1071.593 1108.750 1159.312 1292.875 1526.968 1591.593 1593.218 1686.000 1887.312 2020.218 2058.093 
-1003.157 30.343 47.312 111.562 293.656 474.906 479.968 538.281 820.437 968.531 1062.812 1106.562 1160.468 1272.562 1317.218 1452.500 1456.875 1785.093 1990.343 1997.750 2071.093 
-202.969 30.312 206.968 283.812 289.250 336.218 428.625 430.593 475.531 486.062 688.562 906.031 914.625 916.312 1252.843 1274.468 1325.875 1343.406 1601.937 1791.968 1802.968 1842.250 1888.750 1943.156 2005.437 2018.843 
11.625 28.968 190.781 193.000 195.375 281.218 432.500 476.906 512.625 916.093 919.750 970.718 1031.656 1112.187 1156.000 1191.250 1193.312 1292.031 1294.656 1454.281 1456.843 1593.468 1685.062 1687.000 1794.593 1976.531 1983.468 
31.250 112.375 239.625 304.187 407.625 474.156 512.406 684.468 968.281 1063.000 1064.218 1108.312 1196.593 1291.500 1450.562 1451.625 1529.687 1695.500 1798.093 1889.687 1894.750 1943.312 1971.343 2021.875 
62.750 250.343 337.187 376.718 421.125 538.000 987.125 1115.937 1159.437 1460.656 1591.968 1888.531 1932.125 1977.125 2021.812 
