156.062 201.062 279.531 409.687 504.812 589.468 641.218 645.625 670.406 704.687 1198.093 1216.687 1319.843 1330.500 1367.718 1377.812 1379.468 1936.531 1986.843 2412.500 
44.875 45.375 57.187 70.625 156.406 176.625 179.906 185.375 187.750 194.500 279.093 340.437 381.500 429.343 430.625 509.187 515.562 535.625 579.781 593.562 596.343 638.125 707.781 819.312 1188.281 1203.187 1215.937 1240.812 1254.375 1328.250 1330.031 1625.406 1626.531 1756.593 1904.000 1930.843 1990.500 2002.593 2632.937 
56.031 178.531 311.406 334.031 411.875 506.687 510.718 516.125 520.812 640.375 672.437 681.937 869.781 1330.437 1369.343 1382.750 1819.937 1941.218 1997.750 2002.937 2057.468 2101.968 
59.906 285.750 381.968 495.093 507.843 518.531 637.312 652.875 667.625 682.250 686.875 693.406 694.968 982.750 1222.812 1227.406 1269.593 1289.031 1290.687 1339.468 1784.218 1938.281 2044.093 2059.281 2071.031 
33.031 59.187 307.406 406.718 419.062 495.218 536.437 585.875 596.156 603.375 638.093 681.687 701.375 1003.125 1092.500 1106.812 1198.718 1220.437 1228.250 1234.781 1309.000 1366.937 1387.375 1759.062 1819.250 1838.281 1876.062 1888.375 2112.593 
56.718 73.906 170.062 421.031 496.343 515.625 602.000 603.750 627.156 637.468 683.968 701.218 818.718 950.187 1012.062 1199.281 1239.093 1328.562 1329.937 1365.500 1379.875 1385.500 1755.093 1913.718 
68.750 86.531 411.937 510.500 521.531 533.093 635.750 650.968 691.375 820.062 1092.875 1110.718 1197.656 1203.093 1208.156 1222.093 1237.906 1350.031 1352.750 1366.781 1807.187 1935.156 2043.375 2125.750 3660.531 
38.375 156.843 157.781 299.218 328.031 421.156 434.906 511.312 547.937 583.875 637.937 687.937 1124.781 1200.062 1212.125 1299.687 1803.750 2078.312 2113.500 2151.375 2161.031 
299.312 506.750 508.125 617.875 639.031 639.375 662.312 665.031 1083.343 1103.406 1187.406 1199.000 1203.093 1233.375 1330.500 1330.843 1360.093 1394.781 1827.937 1867.312 2621.125 
38.000 168.406 522.906 533.187 579.312 637.500 639.312 688.593 707.250 854.687 970.750 989.281 1023.093 1130.718 1330.218 1353.000 1362.125 1827.062 1866.625 1887.468 1944.781 2003.750 2037.000 
