14.968 20.125 26.593 45.156 53.843 84.312 97.437 130.250 163.187 194.062 208.781 238.125 351.062 388.156 418.406 461.937 554.656 630.718 718.125 765.812 794.437 862.781 888.156 957.406 1018.906 1092.781 1123.187 1167.562 1200.093 1228.343 1259.125 1304.187 1379.718 1461.812 1502.093 1609.093 1659.031 1717.031 1741.343 1805.156 1873.875 1960.343 3348.718 
16.000 20.343 27.718 44.406 64.875 94.843 117.906 137.343 190.687 207.781 238.500 256.875 294.281 335.500 392.062 402.531 432.343 468.312 498.812 555.781 574.375 634.437 670.031 690.406 739.468 790.343 814.343 856.062 881.843 915.843 961.875 974.968 1023.312 1088.718 1137.750 1180.656 1221.656 1259.906 1303.218 1350.875 1420.312 1501.156 1543.281 1585.343 1640.375 1668.218 1695.437 1743.062 1794.875 1871.875 1957.062 
14.625 22.625 29.781 45.187 53.468 66.781 167.343 183.000 197.312 219.843 238.375 266.718 296.437 390.093 440.250 553.000 677.093 754.468 787.125 881.843 945.875 980.031 1012.531 1089.000 1117.750 1173.375 1229.468 1347.625 1409.937 1535.812 1595.687 1653.562 1695.250 1746.875 1809.500 1933.781 1965.656 2799.875 3388.843 3495.625 3587.125 3684.656 3821.406 3918.750 
14.312 23.187 28.593 52.312 60.625 84.937 109.093 165.718 192.687 237.531 268.406 294.093 335.718 387.218 405.656 450.000 478.687 502.312 548.875 572.031 638.843 682.812 731.437 851.968 881.906 960.593 1006.125 1055.593 1118.343 1170.562 1202.812 1242.718 1306.375 1384.062 1433.406 1499.562 1539.656 1616.437 1667.093 1730.625 1804.250 1980.968 
14.375 23.281 29.093 44.718 67.406 99.125 132.625 292.062 336.125 367.218 555.500 629.187 724.875 789.687 859.000 904.031 962.468 1007.468 1084.656 1122.468 1173.406 1219.656 1284.468 1368.781 1432.843 1500.875 1587.500 1660.968 1738.343 1808.718 1881.156 1958.531 
18.500 32.312 44.875 58.406 68.875 90.000 157.812 193.593 217.937 239.718 441.281 503.875 557.312 559.843 615.437 671.562 706.281 755.500 789.500 880.968 943.062 1016.000 1119.187 1217.343 1267.687 1303.875 1353.718 1502.531 1614.500 1643.531 1697.125 1865.250 1923.062 
14.843 21.968 27.687 43.687 50.812 78.125 97.375 135.750 192.093 234.531 244.812 292.562 326.812 372.468 429.750 474.593 501.312 525.656 555.437 576.312 624.187 732.968 741.250 782.593 863.000 952.187 985.156 1069.343 1120.156 1195.218 1225.593 1254.031 1307.875 1362.781 1514.187 1586.187 1645.562 1743.468 1803.687 1869.937 1942.093 
13.843 19.781 27.843 48.656 54.906 86.531 121.250 142.125 175.937 244.000 284.500 329.312 365.906 399.656 424.093 438.812 473.500 554.187 577.093 626.187 666.000 728.687 767.562 796.843 855.687 951.625 978.812 1014.031 1091.718 1118.437 1221.343 1257.750 1301.281 1369.718 1418.437 1502.625 1544.218 1595.250 1660.750 1718.843 1799.843 1876.750 1953.937 3562.593 
12.937 17.562 45.406 67.968 130.625 218.218 305.062 340.187 389.468 474.750 488.812 504.125 561.031 607.468 633.031 673.781 812.687 855.906 883.125 934.000 964.000 1017.750 1096.750 1139.312 1197.093 1236.000 1294.281 1386.312 1439.125 1502.250 1533.968 1612.406 1661.906 1713.500 1805.750 1871.812 1939.000 1992.000 
14.593 23.312 28.781 44.937 56.312 65.687 85.687 94.656 174.875 194.281 289.937 335.906 369.656 402.781 430.781 470.218 527.312 565.781 579.656 682.687 777.968 858.406 958.906 1019.468 1076.625 1116.250 1165.312 1229.812 1299.437 1395.875 1492.875 1554.593 1659.906 1695.750 1740.593 1807.531 1860.562 1943.000 3411.718 3547.312 3644.281 
