-1568.375 -1558.969 -1557.250 -1553.250 -1522.532 -1514.657 -1484.563 -1431.625 -1430.657 -1219.157 -1182.250 -880.219 34.218 35.062 35.937 42.468 61.593 62.468 111.343 113.562 128.125 133.937 152.718 159.406 163.468 204.812 240.968 241.937 296.906 385.875 527.968 538.187 600.062 620.812 722.187 783.656 826.500 832.968 919.062 920.187 968.218 1092.875 1194.562 1195.281 1200.593 1296.187 1302.375 1317.718 1362.718 1369.281 1476.093 1507.562 1534.687 1766.312 1829.375 1831.406 1869.781 1897.406 1980.468 1992.375 2017.562 2226.812 2237.343 2271.718 2342.218 2756.156 3050.593 3504.937 3517.875 3525.375 
-1331.844 -1265.813 -1143.907 -709.344 -697.688 -689.282 -458.250 -456.375 -393.969 -67.375 -61.719 31.250 36.343 38.312 38.562 57.562 58.250 59.093 62.968 63.562 68.531 75.625 80.218 82.750 149.812 150.625 239.468 257.406 303.281 367.812 457.531 542.781 583.875 590.250 627.187 668.375 794.625 809.656 941.312 947.625 972.812 981.875 1005.187 1076.062 1193.812 1221.156 1251.843 1282.281 1389.718 1466.937 1522.718 1556.062 1587.968 1638.687 1902.218 1936.781 1941.937 1946.937 1954.000 1961.750 1965.625 1973.156 1984.250 2044.656 2052.156 2529.218 2545.312 2616.781 3133.968 3760.562 3792.593 3890.125 3909.750 
-1731.469 -1671.750 -1546.219 -1336.125 -1310.094 -705.844 -527.375 -526.844 18.843 24.687 33.750 38.937 41.625 61.156 68.843 84.500 104.125 106.718 140.656 158.906 162.250 227.500 245.281 286.375 289.593 298.218 308.718 366.500 431.500 440.687 473.781 497.562 544.750 550.062 551.031 554.625 566.625 567.375 666.750 744.875 745.500 747.375 784.593 803.500 823.750 1092.437 1231.625 1269.281 1349.781 1418.031 1433.531 1436.562 1437.531 1444.718 1448.500 1456.187 1590.062 1598.343 1643.156 1658.312 1674.156 1853.875 1870.406 1873.062 1916.812 1954.812 2456.656 2470.875 2563.937 2567.656 2632.718 2717.968 3190.062 3195.218 3212.218 3613.718 
-1830.000 -1720.063 -1688.375 -1684.094 -1626.000 -1622.688 -1097.500 -1084.719 -1055.344 -866.938 -783.313 -485.407 -471.000 -446.594 23.593 44.187 76.250 87.156 101.062 152.218 222.875 227.093 265.875 270.562 296.750 370.625 375.937 426.000 427.125 445.468 460.812 541.562 567.000 567.968 601.875 643.500 661.687 786.500 839.000 914.843 943.812 1001.687 1022.593 1059.687 1224.843 1227.531 1267.937 1295.343 1301.250 1305.843 1444.187 1447.687 1451.187 1454.625 1501.437 1509.156 1527.812 1531.031 1532.593 1548.375 1761.718 1890.062 1904.156 1913.406 1914.218 2877.062 2917.562 3402.062 
-1979.813 -1759.157 -1728.875 -1668.907 -1559.438 -944.594 -905.469 -586.532 -571.157 -506.657 -503.000 -344.750 33.750 36.937 56.375 60.812 68.312 83.875 87.062 92.156 102.968 110.781 188.187 249.000 286.750 366.625 372.531 383.406 403.218 532.125 564.375 567.625 625.750 626.718 631.531 663.937 724.781 746.187 767.812 788.562 797.468 798.968 818.218 916.968 937.968 939.468 940.562 951.843 1146.500 1263.312 1348.312 1456.437 1461.531 1501.156 1522.343 1578.437 1635.937 1882.812 1885.500 1966.406 2660.500 2849.875 3077.125 3160.218 3966.781 3972.625 
-1944.563 -1942.125 -1839.157 -1815.282 -1422.563 -1369.375 -1327.094 -1316.844 -1287.969 -1279.438 -1141.813 -1131.250 -1123.938 -1117.969 -922.438 -825.594 -824.063 -816.094 -272.250 -236.625 -234.563 -196.750 -176.032 -160.250 -147.032 31.093 39.625 43.312 58.562 62.343 125.906 151.031 236.250 249.968 375.062 387.843 500.593 530.062 554.812 669.750 682.687 712.468 743.468 779.781 796.281 816.906 819.718 825.343 830.625 941.906 956.812 999.062 1017.187 1029.062 1030.187 1102.156 1118.937 1193.687 1194.468 1297.000 1447.843 1459.312 1507.593 1588.406 1597.343 1638.718 1671.625 1690.031 1763.906 1890.000 1897.687 2244.062 2763.062 2772.562 2861.531 2864.812 3093.250 3095.437 3104.875 3208.531 3329.125 3813.500 3821.281 3848.687 3875.062 
-1852.625 -1833.969 -1789.938 -1501.844 -1492.032 -1185.375 -1170.094 -1165.032 -1158.532 -1085.219 -942.094 -929.375 -902.188 -896.250 -887.000 -662.657 -659.532 -36.313 -31.032 39.500 60.875 69.000 78.375 82.156 85.500 90.375 105.281 152.437 243.156 249.062 285.500 293.187 297.218 298.781 308.000 462.531 539.250 567.593 568.656 600.406 660.375 662.593 784.343 792.156 798.375 886.500 891.062 920.593 1034.562 1074.187 1087.718 1103.281 1191.656 1249.750 1320.843 1436.562 1870.250 1912.125 2125.656 2202.781 3193.437 3197.500 3301.750 3480.375 3511.062 3551.843 3552.593 3597.531 3989.750 
-1654.125 -1539.188 -1525.282 -1306.563 -647.094 16.968 35.000 38.937 99.718 146.875 153.062 287.625 297.687 498.437 566.718 567.375 569.968 596.281 749.187 784.500 801.968 891.750 1028.312 1042.750 1075.281 1076.593 1091.218 1094.000 1127.437 1127.906 1207.125 1221.906 1273.343 1298.375 1460.750 1504.156 1596.937 1881.968 1898.312 1905.093 1910.406 2229.906 2253.468 2420.687 2428.593 2430.656 2439.843 2693.906 3227.375 3242.968 3247.968 3271.531 3375.500 3560.968 3721.937 3755.968 3760.656 3763.218 3768.500 3977.468 
-1252.625 -1226.594 -1182.063 -1128.157 -1101.094 -1039.563 -1027.157 -674.875 -80.844 -11.782 -0.969 30.968 39.531 60.312 75.531 128.750 141.125 153.468 166.281 238.125 239.625 240.468 261.125 289.187 317.562 399.281 427.875 536.468 672.593 683.187 819.250 975.906 1196.843 1296.437 1302.281 1339.125 1451.562 1531.531 1623.156 1626.156 1711.250 1713.687 1903.968 1910.812 1946.281 2226.593 2540.312 2626.562 3657.156 3681.250 3816.968 3946.281 3957.718 
-1978.657 -1972.563 -1746.813 -1219.063 -1188.188 -1152.500 -1143.407 -1122.344 -1080.063 -674.688 -665.907 -642.969 -159.344 25.531 31.062 33.437 57.781 64.031 90.750 96.656 211.312 263.968 368.812 428.687 501.250 554.531 572.500 820.125 917.968 940.968 944.031 971.718 978.468 1255.093 1268.437 1341.250 1359.031 1505.218 1522.343 1886.562 1893.406 1971.468 2062.218 2063.000 2218.875 2221.031 3100.187 3565.156 3574.312 3965.062 3980.500 3981.093 3983.062 3991.000 
