-1963.532 -1250.188 -959.688 -856.969 -132.532 -12.907 44.218 167.031 283.406 485.250 510.687 535.687 564.968 1073.062 1196.531 1248.906 2641.843 2705.406 3209.656 3245.656 3408.000 3488.062 
-633.625 -254.219 40.062 41.906 87.656 170.687 226.968 232.781 1201.343 1521.375 1522.593 1566.312 1608.531 1614.781 1690.687 1730.750 1859.031 2026.343 2130.281 2556.718 3705.562 
-1970.157 -1922.532 -1903.469 -1540.032 -1459.375 -101.000 -73.000 -57.969 29.562 42.687 323.812 460.968 526.562 653.250 713.250 894.437 965.687 1198.375 1247.656 1763.218 1764.625 1772.468 2620.906 3522.031 3657.531 3706.062 
-307.219 -104.375 651.750 846.531 1055.843 1066.218 1099.375 2014.750 2597.656 2676.218 2676.718 2718.656 2850.093 2893.687 3012.937 3200.750 3264.375 3381.750 3422.062 3423.062 3427.656 3568.593 3575.093 3940.000 3947.343 
-1838.563 -975.969 -933.032 -788.563 -573.750 -49.063 34.750 163.843 170.125 175.718 285.531 1081.343 1195.375 1469.281 1625.375 1691.687 1730.218 1899.562 1901.562 1904.187 2040.968 2250.062 2288.750 2511.375 2517.031 2804.406 2848.468 3053.156 3313.843 
-1885.375 -1840.282 -1153.688 -1030.563 -557.282 178.468 439.968 502.812 509.656 1664.343 2357.187 2691.406 3285.281 3286.437 3453.375 3574.312 3614.625 3665.781 3716.656 3718.625 3822.062 
-1987.375 -787.875 -737.563 -617.219 -342.000 -294.188 235.812 286.156 290.125 334.562 474.781 650.500 827.812 947.125 1021.093 1079.125 1083.593 1084.218 1197.812 1201.812 1266.843 1355.375 1553.125 1565.687 1626.843 2262.937 2950.062 3508.250 3738.687 
-1657.344 -1215.719 -540.282 -521.625 -520.657 -515.969 -504.969 -405.000 26.562 41.687 160.531 167.093 178.375 348.062 652.031 662.843 1617.718 1898.187 2185.625 2249.250 2307.812 3245.187 3809.062 
-1453.563 -1372.719 -809.563 -163.344 -130.875 47.000 108.625 173.093 177.312 505.562 1084.250 1191.062 1504.218 1764.218 3657.468 3908.468 
-1982.500 -1198.625 -1171.750 -1170.688 -1121.907 -958.250 -946.719 -936.157 -805.688 111.937 165.281 168.062 294.687 296.031 654.750 825.437 1078.062 1198.468 1203.468 1344.812 1765.250 2415.843 2809.312 2976.562 3202.906 3870.375 3883.687 3913.750 
