-1877.907 -1810.375 -1422.907 -723.688 -610.469 -526.375 -383.157 -362.344 19.343 21.937 53.718 471.593 927.187 1218.500 1399.500 1403.093 1676.375 1975.281 2264.187 2641.250 2722.875 2891.343 3019.062 3158.250 3164.156 3707.781 3779.687 
-1404.969 -1313.844 -1199.157 -770.157 -365.344 20.156 20.843 159.093 459.781 752.750 1211.093 1232.187 1237.375 1406.625 1837.625 1930.687 1990.500 2021.843 2098.250 2128.531 2671.375 2916.718 
-1962.907 -2.844 135.406 161.718 169.968 210.406 267.187 284.218 404.062 405.218 498.718 536.906 590.312 749.468 752.375 753.593 811.156 855.156 928.656 1226.187 1396.156 1405.687 1482.093 1738.843 2017.062 2210.062 3793.593 
-1993.125 -1753.969 -1574.375 -1373.532 -666.719 -523.782 22.937 142.125 189.000 239.906 251.937 407.093 496.781 502.062 757.375 760.437 1088.531 1405.000 1486.500 1486.843 1636.875 1706.625 2013.343 2209.843 2935.031 
-1961.032 -565.282 -276.750 -253.844 -172.657 24.562 167.843 168.343 282.468 294.968 407.687 892.656 928.906 1017.968 1573.375 3123.031 
-1674.125 -1647.625 -1434.438 -762.375 -475.844 -317.344 -161.032 18.750 23.468 23.843 84.500 162.656 496.187 497.250 499.968 580.187 733.687 753.437 756.750 830.125 875.593 989.375 1038.875 1127.343 1226.468 1485.437 1489.000 1718.468 1724.375 1725.375 1986.656 2011.156 2146.468 2195.750 2205.531 3818.500 
19.062 27.593 93.500 159.468 273.093 283.187 293.031 497.000 753.093 900.250 1079.250 1343.593 1486.281 1488.187 1490.875 2388.156 2536.593 2576.468 2614.937 2652.062 2689.375 2787.750 2977.093 3069.437 3092.875 3208.031 3704.812 3717.593 3843.187 
-1867.719 -1824.813 -1631.813 -394.532 21.281 88.500 286.812 556.375 750.531 899.562 1492.812 1827.843 1833.968 2011.718 2093.750 3131.406 
-912.125 24.718 409.625 928.656 1221.406 1825.656 1843.812 2011.625 3175.937 3559.625 3677.375 3895.906 
-1946.813 -1104.594 -943.469 -584.438 -569.625 21.750 137.625 162.031 406.250 494.750 928.343 1219.843 1351.625 1483.968 1889.625 2353.375 2599.625 2605.250 2778.125 2790.937 3375.093 
