-1208.063 -1058.469 -717.750 44.562 112.968 548.500 910.750 1001.187 1031.125 1155.218 1166.781 1196.312 1374.656 1620.562 1625.531 2045.187 2573.656 3098.906 3176.156 3191.437 3342.562 3352.031 3546.250 
-1971.813 -1740.469 -1467.563 -246.500 193.000 405.500 552.468 552.937 1194.312 1363.687 1392.156 1740.312 2059.062 2847.343 2910.250 3423.437 3668.187 3719.687 3790.781 3961.125 
-1747.782 -1702.750 -1414.688 -1407.250 -1256.375 -1229.125 -1134.188 -1084.157 -1038.813 -953.938 -718.875 -657.750 -403.407 -387.063 -360.782 -322.063 -203.719 -161.344 43.437 180.750 304.593 306.843 414.750 635.750 683.187 709.406 771.687 772.093 976.625 1015.375 1203.000 1236.000 1638.406 1642.937 1818.093 3006.156 3060.375 3688.468 
-1934.657 -1634.750 -1240.594 -708.032 -383.938 410.000 771.718 1386.250 1652.718 1717.468 2007.312 2163.062 3452.375 
-1845.782 -1641.375 -1047.625 -54.563 36.187 161.218 185.062 187.375 415.093 614.156 678.437 690.781 775.000 776.281 852.062 1918.812 2196.218 2312.125 2378.031 2420.375 2623.437 2669.906 2816.468 2956.593 3058.843 3104.875 3194.062 3251.406 3333.625 3494.031 3617.031 3780.593 3806.500 3877.406 
-1963.719 -1743.938 -857.625 679.906 726.343 776.000 1060.625 1120.250 1200.968 1298.343 1585.531 1662.437 1675.625 1720.343 1789.562 2221.375 2666.437 2693.406 2780.718 3033.875 3045.187 3234.218 3255.843 3304.125 3356.531 3400.406 3401.781 
-1273.844 -1161.782 -857.438 -784.532 -11.532 309.718 611.687 684.125 1161.468 1198.812 1579.500 1815.031 2058.875 3026.156 
-1877.219 -1378.907 -1222.032 -385.063 185.406 188.000 406.343 407.031 550.375 1106.093 1201.625 1588.156 1635.187 1639.125 1640.750 2265.875 2352.843 2584.125 2975.750 3148.031 
-1643.657 -1598.157 -1453.344 -998.313 -829.750 409.468 470.093 495.968 610.906 955.843 1006.687 1065.781 1200.562 1419.000 1502.281 1545.562 1596.500 1907.250 2038.875 2066.000 3096.750 3259.343 3964.093 
-1812.750 -1736.875 822.281 912.531 1060.468 1949.687 2438.875 3436.531 
