47.625 165.500 217.468 410.250 472.687 502.156 674.125 724.187 785.781 812.437 917.593 966.875 1223.406 1285.843 1619.406 1787.312 1793.968 
184.093 291.281 380.875 447.375 470.750 587.593 612.593 845.906 1018.000 1329.218 1617.343 1918.187 
51.687 60.875 111.531 115.375 165.750 180.718 273.656 699.812 742.281 902.125 1468.437 1511.062 1841.656 
32.343 57.718 63.187 213.125 248.281 357.156 434.718 471.375 472.593 474.093 511.125 647.156 677.187 849.000 1078.656 1787.000 1788.750 1953.312 1956.687 
105.187 111.781 158.062 187.843 218.312 221.093 234.406 322.500 358.343 447.218 472.656 588.906 675.468 846.593 848.093 1148.187 1200.906 1435.875 1453.531 1796.437 1898.156 1920.187 1979.437 
22.937 53.218 137.375 157.375 230.406 321.250 583.906 784.437 886.968 1111.593 1189.468 1238.812 1684.125 1827.781 1853.156 1925.312 
20.218 67.625 96.812 163.968 184.437 205.406 212.250 230.968 331.875 567.718 683.843 828.187 988.281 1145.468 1159.125 1219.562 1361.781 1467.843 1547.718 1633.406 1731.406 1829.500 
20.781 188.156 271.843 289.750 541.812 679.531 784.937 895.281 1111.406 1143.281 1288.562 1328.906 1631.812 1719.437 1796.687 1828.437 
13.000 14.218 23.000 181.250 211.437 255.156 273.125 298.937 309.250 320.593 321.093 358.218 436.062 846.843 918.000 1324.437 1329.093 1360.437 1469.687 
22.312 67.750 314.406 357.843 425.812 493.031 649.375 793.093 830.593 896.937 1126.000 1254.312 1787.875 1789.312 
