14.718 19.593 29.875 34.437 45.843 51.062 88.406 144.437 166.312 289.031 306.406 320.468 333.250 473.156 506.562 548.062 555.093 650.750 752.250 867.781 1115.531 1118.250 1212.000 1371.812 1383.093 1388.375 1420.125 1576.843 1657.437 1675.937 1691.781 1915.406 
15.500 34.718 72.781 116.531 139.875 474.812 490.312 528.437 664.750 693.562 741.000 783.062 787.593 825.343 980.875 1124.718 1180.375 1195.875 1267.718 1390.281 1635.968 1937.031 
111.968 138.343 151.343 204.750 332.968 362.281 412.125 553.187 659.187 827.250 843.062 928.093 1096.593 1120.937 1152.562 1181.625 1401.812 1547.500 1578.250 1700.593 1751.843 1754.375 
14.468 16.156 45.937 157.781 354.062 416.000 444.656 473.156 492.937 560.156 979.687 1010.656 1119.156 1266.437 1614.968 1718.812 1869.218 1919.000 1954.562 
-792.063 35.968 89.218 100.218 112.343 157.437 204.156 282.656 319.500 367.218 441.375 506.156 610.156 662.781 783.156 915.031 982.875 1180.312 1246.000 1268.875 1350.250 1512.781 1515.718 1643.031 1671.500 1753.843 1837.687 1919.031 1984.218 
18.875 22.093 52.343 87.718 99.843 103.687 118.687 134.562 140.562 274.312 321.125 334.625 611.531 643.750 694.875 754.250 789.281 1223.687 1389.187 1545.593 1652.437 1665.468 1672.187 1839.781 1872.906 
28.406 29.906 37.093 83.687 87.437 149.531 177.562 185.031 197.156 330.625 401.468 509.062 562.437 666.468 693.031 732.593 751.093 868.312 1094.593 1119.875 1372.750 1425.906 1437.375 1482.031 1608.875 1838.062 1953.718 
16.093 80.687 138.968 141.031 276.656 319.625 447.750 491.843 607.625 643.656 651.500 661.687 819.718 917.718 1122.125 1266.843 1425.031 1763.687 1809.656 1837.343 1915.562 
16.687 20.000 22.437 417.468 472.687 552.281 662.218 867.156 890.156 963.125 981.375 1155.500 1421.062 1575.750 1671.156 1792.562 1918.406 
14.593 50.406 81.156 87.625 99.343 160.125 187.906 212.656 413.531 607.656 661.312 692.968 1481.312 1571.062 1637.656 1639.500 1838.656 1967.187 
