110.937 652.062 1367.593 
-503.500 22.281 34.531 101.437 293.000 561.531 606.718 683.031 768.093 896.187 1009.281 1042.593 1187.031 1378.812 
30.718 115.562 257.812 446.468 912.312 1005.687 3953.406 
24.093 94.500 109.687 280.343 882.687 883.656 938.250 988.406 1037.906 1292.531 1323.656 1382.125 1388.531 1453.656 1555.375 
21.781 85.062 107.812 486.156 487.906 572.750 770.531 1434.812 
113.687 759.656 829.500 907.281 1050.375 1433.156 1519.437 1559.750 
23.062 344.937 359.468 646.656 652.093 980.562 1036.062 1039.562 1067.187 1555.031 
344.906 411.656 427.375 443.031 639.593 648.406 727.093 745.875 759.406 969.937 985.593 1536.937 
61.500 210.218 266.000 535.531 829.593 
24.093 257.625 650.562 761.656 883.468 1301.156 1349.843 
