-1915.813 28.281 39.500 53.625 240.812 687.843 1047.343 1094.375 1173.843 1188.656 1262.093 1535.687 1936.437 2059.093 
32.968 142.937 302.781 419.375 983.500 1730.281 1939.718 1946.843 2186.125 
-1186.500 25.812 28.312 58.781 143.000 199.125 260.906 390.531 831.062 836.031 979.500 1039.375 1176.531 1212.656 1255.218 
195.875 218.843 720.656 1246.031 1463.750 
-1955.938 32.625 55.531 57.125 398.031 653.031 656.218 719.062 753.281 784.031 869.093 
-537.063 -328.500 36.343 69.687 236.062 357.687 383.312 430.593 493.156 563.437 657.562 826.468 866.343 1042.437 1181.656 1232.843 1299.156 1434.437 2058.906 
34.593 180.375 561.593 1036.281 1165.156 1173.843 1262.656 1299.343 1467.437 1661.000 
36.312 196.625 398.968 406.500 719.250 839.312 999.562 1043.218 1162.406 1207.812 1467.343 1628.625 1724.531 
46.156 140.750 174.343 853.625 858.031 
357.156 941.937 1169.937 1179.187 2838.875 3330.906 
