38.000 54.031 332.468 418.000 736.625 791.187 927.781 1061.875 1195.687 1354.250 1788.656 1865.687 1960.218 2005.468 2037.968 3673.406 
156.562 217.250 330.343 630.312 741.187 813.687 1019.281 1356.656 1404.781 1700.500 1832.625 2002.312 2007.937 
95.593 335.593 338.500 425.218 627.968 791.875 1200.812 1298.812 1441.218 1654.812 1792.281 1831.093 1961.968 2163.437 2777.500 3319.593 
17.562 112.562 212.968 217.687 246.343 282.156 424.250 793.750 813.562 1057.781 1151.812 1400.812 1656.312 1830.218 1873.312 2015.250 2998.812 3006.312 
156.156 214.125 687.968 811.812 927.218 1056.031 1194.250 1622.000 1830.968 1871.593 2002.656 2519.156 2605.343 3354.593 3358.718 3481.437 3482.187 
157.343 245.062 424.843 628.625 792.281 923.656 1155.093 1240.250 1356.843 1511.687 2002.375 2416.812 3532.812 
217.031 337.593 429.125 624.656 793.468 809.843 1193.687 1311.000 1618.218 1787.781 1865.281 1921.156 1922.156 1922.812 2002.281 2011.406 2987.593 3014.406 
283.000 663.562 810.000 1172.968 1194.312 1196.937 1650.718 3899.156 
19.031 41.656 94.375 107.312 808.718 1617.343 1620.468 1651.062 1830.375 2173.437 
108.875 159.312 534.343 690.906 794.468 1059.156 1401.312 1620.781 1653.906 1830.250 1960.156 1961.375 
