774.312 775.031 775.875 926.875 1342.906 
80.062 94.062 201.906 498.718 500.968 526.156 844.281 877.125 896.406 1361.281 1521.187 1579.875 1599.593 1604.000 
15.343 32.093 100.000 103.218 121.187 464.031 537.781 538.875 551.625 553.656 638.593 833.750 835.906 886.000 1267.281 1359.375 1440.187 1539.000 1551.500 1576.125 1594.437 1597.031 
15.687 17.468 43.531 93.843 504.656 536.031 596.656 631.093 764.812 844.718 855.812 1171.375 1255.375 1270.406 1561.812 1577.437 
14.812 37.937 113.312 499.000 505.312 526.281 630.531 835.937 844.062 903.781 939.437 1182.500 1216.125 1243.843 1283.062 1322.593 1487.468 1537.750 1560.687 1572.875 1574.625 1614.031 
40.218 74.000 102.468 125.593 236.875 497.218 543.343 554.218 554.781 842.687 844.156 855.750 874.531 901.375 908.406 909.375 918.906 925.031 927.437 1224.750 1574.343 1601.625 1632.781 
15.718 40.312 43.125 59.968 74.250 101.343 121.687 503.187 519.593 544.187 556.500 628.281 736.093 773.000 857.343 875.687 877.156 1218.343 1262.125 1268.812 1319.468 1357.531 1453.500 1569.593 1633.437 
15.625 17.468 20.843 23.906 63.187 120.312 395.625 502.406 538.625 597.406 855.656 858.375 885.937 920.750 920.968 1079.250 1319.000 1487.187 1487.906 1522.562 1532.875 1556.281 1595.031 
15.937 16.937 28.750 39.062 42.312 74.906 94.062 101.343 115.500 390.218 563.500 628.437 843.687 845.187 857.000 941.156 1179.593 1495.718 1531.593 1564.125 1609.156 1610.843 
14.218 39.593 61.468 84.593 94.000 104.406 501.968 556.156 697.031 707.625 714.625 772.093 798.625 833.031 844.593 855.312 898.625 1246.281 1270.375 1320.531 1349.562 1491.937 1561.812 1573.156 1641.406 
