70.062 198.437 597.500 1177.156 1193.218 1547.656 1620.781 1753.906 1836.281 
40.500 51.968 69.625 86.812 95.437 240.031 393.718 556.125 566.843 579.875 766.906 778.781 811.000 824.562 867.718 873.843 1184.687 1190.718 1475.343 1525.343 1530.218 1670.000 1686.343 1695.906 1752.968 1762.281 1811.656 1836.468 1856.781 
49.468 64.937 70.000 76.375 77.843 85.187 94.906 424.750 425.531 583.875 673.375 717.281 766.718 867.406 883.187 1193.500 1483.531 1489.031 1510.187 1599.375 1752.656 1796.250 
35.281 46.375 70.125 79.031 87.125 93.781 228.406 239.250 403.531 551.468 774.718 813.687 847.250 882.750 1489.000 1497.656 1528.093 1528.500 1552.281 1644.250 1715.843 1756.531 1768.562 1825.812 
30.656 46.312 65.437 70.187 95.156 408.812 530.062 585.500 710.031 814.062 882.218 890.968 1179.218 1192.937 1355.156 1622.500 1762.218 1772.187 1797.406 
35.218 37.062 66.500 69.062 70.156 70.812 85.687 95.187 596.500 769.125 776.375 891.687 1165.218 1476.281 1489.406 1514.718 1618.406 1685.437 1721.531 1754.093 1770.187 1773.156 
47.125 63.312 69.281 78.406 197.468 222.187 227.531 588.156 722.906 775.875 784.593 811.187 812.281 826.750 844.500 1546.687 1676.156 1725.937 1792.125 1810.531 
17.093 36.718 65.062 415.062 416.875 740.218 777.218 794.312 826.875 845.968 867.906 892.906 1365.875 1524.468 1623.750 1684.125 1722.062 1769.500 1856.625 1858.687 
37.937 52.406 67.781 69.625 75.468 240.125 241.250 416.781 546.656 601.093 765.750 767.906 769.437 813.500 826.375 829.125 836.343 893.218 1475.968 1529.906 1685.062 1728.843 1812.187 
38.187 52.281 66.812 69.000 84.875 94.843 200.000 385.156 416.687 615.750 785.812 879.593 906.531 912.218 1192.000 1530.000 1628.906 1683.968 1697.468 1755.000 1761.781 1769.968 1777.437 1859.593 
