69.593 93.312 152.218 164.687 172.156 173.937 186.031 234.656 304.281 400.843 424.468 431.093 446.875 486.781 677.625 798.687 820.187 833.000 897.812 1017.531 1078.656 1082.468 1158.625 1173.843 1283.625 1305.843 1367.406 1460.875 1703.500 1751.312 1793.000 1883.781 1957.375 1992.968 
94.937 177.593 235.562 242.125 303.593 325.593 333.843 374.937 399.156 425.125 428.500 533.125 627.406 636.812 676.875 818.656 948.531 956.468 1079.781 1202.437 1282.812 1325.656 1421.781 1498.218 1525.875 1559.781 1699.625 1754.812 1808.906 1912.375 
33.406 128.718 149.250 157.093 235.593 280.000 348.156 370.875 431.000 533.843 552.562 579.375 693.187 833.343 839.062 857.937 886.156 948.593 1046.156 1050.625 1056.625 1081.187 1100.312 1174.343 1206.875 1231.187 1236.656 1282.843 1305.875 1419.500 1476.593 1523.625 1609.968 1611.375 1621.968 1662.437 1837.562 
31.531 65.843 96.437 152.437 167.500 191.531 241.781 261.562 289.281 300.406 322.218 367.687 375.750 384.500 395.312 400.625 446.093 486.250 552.843 668.718 669.468 800.218 818.562 897.843 982.937 1053.062 1058.468 1077.500 1093.812 1100.468 1177.093 1181.250 1325.625 1462.437 1526.125 1609.562 1610.718 1653.562 1699.906 1779.500 1908.250 1955.156 
66.937 81.156 155.218 167.937 235.000 295.781 302.625 436.312 489.906 518.687 549.968 638.500 676.250 691.343 697.875 798.406 850.906 884.906 949.125 982.781 1011.281 1077.750 1085.187 1106.875 1162.093 1186.125 1206.406 1241.343 1380.687 1463.750 1591.656 1622.312 1654.531 1664.437 1751.750 1808.625 1873.843 1948.281 1967.906 
19.218 36.718 64.468 84.437 99.218 137.343 168.000 236.750 261.562 383.531 393.687 428.093 502.937 552.968 592.750 677.281 677.906 751.718 797.812 863.562 949.437 958.687 982.593 987.000 1051.281 1054.718 1078.156 1083.187 1096.843 1175.843 1180.593 1209.281 1377.750 1421.218 1558.937 1587.812 1596.781 1618.375 1621.656 1751.750 1853.875 1874.312 1877.343 1904.000 1947.562 
58.000 68.625 175.812 187.875 245.093 261.562 320.312 328.625 348.250 370.281 381.312 437.500 449.437 514.062 531.312 627.343 797.750 898.031 949.062 970.093 983.593 1013.562 1127.968 1141.406 1324.812 1498.062 1526.468 1586.656 1597.656 1621.500 1623.187 1656.875 1703.875 1759.875 1808.062 1874.375 1877.562 1904.875 1911.750 1965.531 
50.093 70.125 82.343 108.343 129.281 131.875 161.531 166.750 193.500 259.750 345.625 368.187 403.218 554.250 628.000 669.593 832.718 897.343 901.062 958.906 983.187 1011.437 1051.250 1131.906 1157.531 1282.500 1329.500 1418.062 1461.500 1525.625 1543.750 1604.218 1751.687 1792.375 1808.406 2937.562 
-588.375 -76.844 92.875 128.968 134.312 155.000 191.593 295.468 344.718 367.750 405.156 531.500 618.250 629.937 636.718 677.656 797.281 818.187 833.968 842.281 898.531 919.281 1011.656 1069.781 1132.031 1268.156 1283.031 1312.750 1378.875 1418.031 1428.531 1444.437 1544.468 1596.781 1622.593 1751.531 1801.343 1807.906 1815.593 1863.718 1888.593 1912.437 1992.593 3406.625 
-717.219 98.562 127.250 139.343 261.906 298.218 426.781 433.500 493.343 531.500 615.562 625.812 686.156 691.437 704.000 797.156 818.031 833.343 856.312 949.343 982.781 1010.750 1052.187 1061.906 1085.156 1158.437 1180.093 1326.437 1399.187 1477.093 1544.187 1559.625 1622.906 1649.937 1657.062 1691.687 1704.343 1800.093 1825.687 1874.218 1948.968 
