-1352.719 25.531 29.781 45.437 51.781 92.156 100.562 103.468 147.031 179.875 192.937 196.812 219.437 237.250 247.093 325.312 375.625 392.093 398.187 462.937 478.437 485.875 491.562 500.437 548.375 556.687 560.218 581.875 585.031 600.031 675.531 687.968 691.500 716.718 718.968 733.218 736.593 738.375 783.281 815.125 835.562 856.625 881.281 900.875 909.000 1135.875 1150.062 1175.406 1178.937 1181.000 1189.750 1192.281 1242.781 1288.375 1299.968 1317.781 1326.625 1429.656 1485.875 1490.218 1500.750 1645.656 1673.312 1680.406 1698.687 1758.375 1801.062 1817.937 1852.125 1880.281 2776.000 3016.187 3183.000 3452.187 3712.906 
-1674.375 36.093 73.062 78.625 83.781 99.593 182.000 184.125 244.625 324.937 367.625 382.312 408.406 487.156 500.531 544.187 545.812 558.312 559.218 565.968 570.781 582.031 595.718 603.687 701.281 705.812 795.062 817.437 850.281 860.843 863.156 901.937 905.375 910.937 1188.343 1195.406 1326.000 1340.375 1357.812 1427.000 1445.000 1490.875 1501.250 1515.437 1530.718 1561.593 1603.781 1608.875 1632.531 1676.562 1772.687 1790.968 1818.156 1841.375 2873.687 2883.156 3522.687 3577.750 
-1544.344 -1085.344 8.906 34.843 180.343 195.062 197.843 353.593 384.406 414.343 549.812 584.562 613.875 660.468 686.343 687.750 712.750 763.875 803.656 859.750 889.281 900.843 1020.562 1135.593 1262.375 1342.468 1366.218 1450.343 1477.000 1532.062 1546.250 1559.500 1592.687 1605.187 1655.281 1669.906 1670.875 1675.625 1692.968 1735.000 1768.375 1792.187 1809.156 1821.000 3097.000 3449.687 3778.125 
-1976.719 -1889.500 -1766.000 18.312 21.687 52.531 57.687 74.156 79.000 181.343 186.406 218.250 220.968 227.468 233.062 244.093 340.187 353.812 375.812 415.468 472.000 534.593 545.250 572.750 593.281 600.000 617.250 661.468 684.812 710.468 723.687 827.156 849.875 857.343 872.500 887.156 1133.718 1199.937 1367.375 1410.906 1444.937 1490.750 1638.062 1644.250 1650.031 1696.000 1726.031 1728.531 1765.812 1801.625 1819.375 1826.343 1881.093 2344.687 3107.906 3254.218 3455.093 
-866.625 35.562 98.031 168.718 194.250 205.218 215.062 216.375 232.000 382.312 384.156 544.156 546.031 555.218 561.031 595.093 731.125 736.968 770.250 778.562 806.250 838.656 850.718 888.312 895.531 897.406 904.000 928.031 1133.843 1136.218 1170.812 1179.562 1284.281 1364.593 1414.906 1505.593 1506.812 1520.062 1528.656 1638.218 1660.875 1661.500 1691.437 1715.031 1738.593 1769.968 1837.593 1857.281 1861.875 2597.781 2788.750 3271.312 3402.750 3670.281 
-1988.625 -666.813 -439.032 -71.313 42.406 54.718 55.312 76.968 166.187 171.281 187.718 204.218 221.750 307.093 336.062 397.843 422.375 498.656 499.625 543.187 550.281 566.687 598.531 610.906 697.000 700.375 701.906 716.500 720.312 822.656 827.593 828.250 835.687 847.906 860.218 1189.468 1270.312 1318.000 1332.812 1361.343 1426.843 1477.093 1499.343 1531.500 1604.781 1661.375 1733.093 1768.375 1784.250 1810.531 1820.406 1844.218 1865.187 2468.000 
-157.563 22.468 34.875 63.250 71.937 86.125 194.437 204.000 214.437 224.375 239.031 309.781 330.312 393.437 402.687 533.468 603.062 653.375 703.093 706.968 718.062 721.593 777.562 786.687 816.812 827.625 838.656 850.500 897.906 901.250 1134.718 1141.343 1274.406 1287.937 1307.781 1343.812 1345.218 1354.875 1530.750 1548.625 1549.156 1558.375 1603.750 1637.562 1719.000 1723.718 1755.062 1802.156 1821.031 3879.093 3940.437 
-1836.782 17.656 21.468 34.968 71.250 96.750 197.906 420.781 489.187 547.750 587.875 597.781 615.406 662.812 687.468 692.062 701.687 733.531 741.468 746.906 774.968 783.781 860.312 896.312 921.406 1124.875 1185.000 1249.843 1330.437 1341.906 1445.937 1480.593 1539.812 1603.843 1642.343 1717.906 1818.750 1854.500 1857.531 1880.500 2192.312 3406.625 3531.656 
-1769.750 -1369.844 -1269.813 -967.407 17.031 36.031 53.250 57.093 304.031 306.343 325.343 338.906 375.687 570.187 593.468 608.312 656.781 661.062 716.875 725.656 727.031 751.468 791.937 809.031 818.156 867.062 877.875 887.281 1142.718 1171.093 1251.562 1330.937 1336.406 1438.093 1493.187 1505.093 1548.531 1603.500 1608.062 1635.406 1653.000 1716.062 1732.968 1792.937 1853.062 2309.593 2362.781 2553.343 3803.750 
-1610.157 -1605.063 -1054.688 -512.907 -359.407 19.625 46.312 56.375 147.781 214.250 246.843 491.062 532.062 536.781 556.718 562.000 586.750 593.687 599.312 658.687 680.750 707.843 721.031 773.656 822.937 850.093 904.750 1134.062 1298.187 1418.218 1500.500 1604.343 1630.406 1691.718 1715.312 1762.125 1774.718 1804.343 1805.937 1856.531 2960.437 3137.218 3348.125 3424.843 
17.125 47.250 99.781 217.468 331.718 352.812 383.437 384.531 553.843 563.312 590.906 609.218 712.781 795.375 849.968 871.625 908.406 1134.781 1186.718 1317.656 1327.937 1361.406 1418.218 1490.406 1491.531 1508.125 1509.906 1560.500 1645.062 1658.062 1692.000 1791.718 1871.593 2839.437 3614.312 
-1573.969 -319.157 21.312 54.656 56.625 78.562 99.500 329.375 350.625 382.531 386.093 388.531 486.937 532.250 550.906 593.937 599.218 703.437 726.187 774.781 789.687 865.437 891.031 896.375 1152.656 1187.343 1246.000 1315.312 1435.906 1443.906 1490.531 1496.531 1508.062 1612.250 1636.875 1646.187 1665.531 1674.406 1695.312 1698.343 1791.687 1827.250 1853.968 2465.875 
-1396.407 -1147.688 19.812 20.843 33.468 53.281 55.343 69.312 97.843 397.687 419.531 487.062 559.750 582.062 586.406 593.656 595.000 663.375 665.843 701.187 726.500 784.781 1180.687 1245.500 1285.812 1300.343 1358.687 1369.562 1370.406 1427.031 1436.062 1477.000 1510.875 1519.312 1530.812 1553.968 1604.468 1609.125 1625.468 1658.468 1713.750 1765.281 1789.406 1801.875 1810.281 1812.593 1814.343 1871.062 2611.812 
-754.125 55.625 75.937 78.781 102.406 181.750 298.531 369.281 376.093 412.437 471.031 535.625 562.718 583.062 593.812 700.468 712.187 773.531 804.656 895.968 909.031 921.125 1163.750 1171.468 1177.968 1356.656 1420.343 1481.187 1511.562 1537.687 1593.062 1652.750 1708.593 1712.218 1718.562 1726.562 1758.375 1816.750 3177.500 
