276.156 342.593 401.187 435.343 452.781 459.906 542.687 605.812 885.156 976.218 993.843 996.375 1198.750 1318.781 1609.531 1632.625 1668.343 1675.718 1685.281 1909.687 1918.500 2243.562 2252.718 3029.625 3059.250 
88.687 204.250 247.437 280.906 405.093 756.125 789.343 947.218 1371.812 1631.250 1639.500 1908.687 1914.312 1925.625 2876.218 3697.750 
15.187 92.468 502.218 585.500 764.875 990.500 1207.531 1657.093 2052.406 2057.156 3414.718 
169.031 195.250 311.812 352.437 544.750 756.375 1619.218 1635.093 2561.750 
81.125 121.125 198.875 280.468 347.375 458.781 992.531 1022.437 1288.093 1330.375 1371.500 1621.937 1675.812 1797.156 1863.875 
196.687 208.906 234.906 312.906 317.937 451.187 526.062 792.187 942.500 951.625 1352.125 1718.281 1726.281 1768.281 2934.781 3042.718 
501.156 585.375 942.250 946.218 975.593 1096.437 1508.906 1634.500 1667.843 3118.687 
40.625 314.968 352.812 357.968 457.375 497.906 607.031 660.937 798.875 1090.968 1631.656 1914.593 
91.781 311.468 463.218 706.875 1090.312 1174.593 1340.875 1345.406 1875.031 3774.500 
49.312 93.406 200.625 256.937 315.812 823.562 982.750 1332.406 1633.218 1682.718 1823.593 2006.875 3365.437 
