76.875 119.687 194.437 211.500 387.093 436.375 487.031 529.843 554.093 794.625 799.593 920.156 961.468 986.875 1161.281 1170.312 1370.343 1569.843 1620.125 1911.437 3228.062 3370.437 3986.968 
114.500 366.156 405.500 460.937 553.843 611.250 637.625 810.750 831.125 942.593 970.156 1353.093 1619.875 1694.187 1877.968 1936.687 2519.843 2715.156 2811.093 3836.062 3986.125 
110.312 209.593 215.000 260.281 269.531 786.343 793.937 1015.343 1052.812 1186.218 1193.500 1559.625 1694.187 1748.062 1819.500 1977.593 1986.156 
434.343 467.937 525.031 583.750 825.312 957.531 1058.000 1141.312 1224.906 1575.562 1742.562 1917.687 2291.875 
125.906 366.375 1433.781 1437.906 1492.468 1575.531 1616.906 1625.562 
94.406 385.000 406.218 527.906 928.031 1012.250 1569.093 1818.312 1935.531 1968.593 1977.656 2285.843 2451.531 3361.156 
155.375 277.687 310.468 468.875 611.062 718.000 802.375 901.312 1021.468 1142.625 1193.718 1616.781 1885.062 3143.375 3160.531 3460.750 
533.875 551.031 659.906 959.781 1192.750 1542.656 1925.750 1999.875 2066.843 
196.968 210.312 306.406 346.500 551.468 730.187 831.593 846.375 988.812 1222.781 1272.468 1455.687 1563.343 1568.343 1927.031 1972.500 3628.875 
526.750 613.343 862.593 925.062 930.562 1196.531 1353.968 1362.625 1696.406 1812.781 
