14.750 73.250 81.562 91.156 95.906 112.468 139.406 169.593 217.343 233.718 418.218 431.781 482.968 508.562 626.437 641.187 691.593 727.968 827.625 1073.062 1098.281 1125.906 1236.093 1240.718 1316.562 1407.718 1445.000 1502.500 1511.875 1549.468 1703.656 1774.750 1873.625 1964.843 2616.031 2623.187 2963.656 3253.937 3313.656 3426.500 
16.406 23.843 50.687 80.156 101.812 209.812 234.500 341.250 354.406 398.156 435.781 452.125 483.218 626.281 687.125 691.625 721.593 831.093 994.218 1509.343 1546.906 1598.500 1638.906 1699.906 1794.062 1809.281 1854.000 1912.968 1959.468 1979.093 2307.781 2658.781 2671.625 2725.906 2752.312 3329.000 3439.562 3455.937 3583.343 
14.468 20.468 42.375 60.781 94.187 94.937 105.437 111.156 113.968 128.906 134.750 171.812 174.125 233.343 257.500 288.687 321.625 383.375 484.875 493.000 493.937 502.468 622.781 648.187 702.437 870.500 881.343 930.468 1233.968 1275.406 1385.687 1550.593 1599.187 2034.656 2484.593 2491.187 2564.406 2698.343 2862.625 2983.093 3015.750 3196.093 3893.593 
13.187 60.187 75.937 92.843 95.843 112.156 112.906 129.156 157.437 210.343 297.343 298.500 340.843 352.812 397.781 451.156 476.000 620.750 690.093 732.687 753.281 887.875 921.000 964.687 1138.593 1139.656 1231.437 1234.437 1235.593 1241.312 1440.500 1494.781 1509.187 1583.812 1589.687 1590.750 1609.812 1742.218 1849.375 1981.000 2764.812 2807.375 2907.937 3132.750 3163.000 3271.687 3284.093 3371.937 3441.718 3561.781 
14.937 97.000 133.156 156.437 172.718 301.281 336.656 394.656 453.750 482.781 492.781 493.375 581.281 583.906 590.750 619.468 634.125 635.656 690.437 693.750 723.593 822.718 888.281 888.968 981.718 1018.125 1041.750 1044.343 1229.531 1294.500 1379.625 1385.375 1403.437 1437.156 1543.937 1638.093 1690.750 1745.250 1854.531 1879.968 1904.312 1924.187 1981.062 2926.312 3279.093 3291.937 3294.937 3306.500 3796.468 3895.062 
13.218 14.281 21.593 39.687 56.000 93.531 95.625 114.062 140.437 209.593 236.781 299.187 303.875 344.281 489.000 492.593 635.781 643.218 693.437 720.750 724.031 837.468 904.906 1021.343 1070.750 1138.687 1439.968 1703.500 1810.906 1914.156 1947.156 1988.093 2308.687 2761.625 2837.125 2931.375 3096.718 
12.593 14.062 69.406 80.968 111.093 133.312 142.093 257.937 298.062 300.187 345.593 356.906 360.093 419.000 419.843 437.468 451.437 482.562 487.218 503.718 518.312 689.812 690.250 697.843 720.500 747.375 756.218 822.187 838.625 882.125 930.406 1017.156 1040.968 1055.250 1134.156 1229.125 1385.187 1441.468 1462.093 1511.750 1544.312 1552.468 1582.968 1628.718 1635.687 1691.000 1698.093 1731.125 1880.718 1959.531 3008.375 3298.218 3578.375 3923.906 
93.531 111.375 112.906 130.718 148.562 156.968 173.750 305.750 343.812 427.218 449.718 487.812 503.187 621.218 722.125 723.593 762.000 901.468 986.625 1040.500 1041.375 1155.031 1233.812 1238.156 1316.593 1442.812 1503.218 1509.875 1599.468 1692.625 1700.843 1745.500 1756.468 1914.593 1963.812 2257.031 2511.593 2630.875 2847.031 2924.000 3062.406 3088.906 3157.343 3487.718 3752.656 
14.031 14.875 65.531 94.937 111.562 113.093 141.468 157.343 183.281 212.406 259.062 300.000 339.656 435.687 456.343 481.312 502.781 590.281 618.875 665.375 695.687 720.343 768.656 998.125 1018.875 1071.562 1107.968 1142.687 1189.937 1216.250 1382.562 1385.593 1404.843 1473.531 1474.625 1505.625 1546.968 1692.750 1702.656 1708.000 1744.718 1948.125 2477.687 2723.937 2894.968 3146.156 3332.281 3382.312 3555.218 
12.531 13.500 15.218 74.250 113.125 129.843 133.500 138.656 173.062 208.968 234.531 338.906 380.125 393.156 397.062 407.875 436.281 448.593 531.968 622.968 627.906 691.718 754.843 949.875 963.843 1073.812 1135.531 1178.187 1404.687 1501.500 1583.968 1591.968 1633.625 1683.312 2298.031 2678.250 2808.875 2989.343 3350.375 3383.375 3448.718 3478.843 3725.968 3968.218 
