61.906 93.218 127.062 190.593 196.218 204.281 217.781 292.656 306.812 381.500 446.875 485.281 521.218 539.406 634.812 644.875 660.156 671.656 904.562 944.125 948.781 965.250 980.062 1042.687 1137.625 1146.437 1200.781 1208.093 1218.718 1236.187 1262.687 1320.718 1338.218 1479.062 1484.312 1567.156 1617.156 1642.406 1655.625 1660.656 1721.718 1852.843 1893.687 1955.406 1973.843 2215.187 
118.937 127.218 185.500 197.906 203.562 216.843 292.687 372.468 377.968 386.375 456.906 506.468 539.187 643.125 657.531 673.906 715.062 908.812 950.250 961.843 968.062 975.312 1014.375 1139.500 1192.968 1204.187 1212.718 1216.531 1234.625 1241.937 1320.281 1479.250 1486.468 1493.375 1568.062 1638.406 1652.625 1656.562 1661.312 1726.375 1752.500 1801.343 1840.531 1849.031 1885.156 1957.718 
90.312 185.500 195.250 201.125 224.281 296.343 374.031 383.875 388.218 487.218 542.937 634.031 656.843 706.687 895.937 945.312 961.062 975.250 1002.875 1014.125 1032.875 1134.062 1202.968 1219.125 1243.250 1332.750 1479.468 1502.375 1620.718 1644.593 1655.781 1666.750 1715.500 1720.843 1741.500 1804.468 1846.156 1875.531 
40.281 75.437 135.531 192.781 197.031 202.718 214.718 223.187 295.875 306.531 387.656 417.281 484.437 505.000 544.500 637.875 653.656 673.843 947.312 960.875 971.750 977.968 984.031 998.968 1024.875 1031.625 1134.343 1145.843 1203.093 1212.593 1231.593 1238.906 1266.218 1439.500 1475.312 1485.593 1497.968 1614.937 1621.156 1641.125 1660.000 1722.468 1840.281 1877.375 2245.781 
84.812 139.093 192.093 197.218 201.250 297.000 371.968 387.281 414.406 485.656 518.156 543.718 638.187 660.687 695.562 952.125 961.656 969.281 975.468 979.843 1000.468 1012.718 1026.875 1044.781 1136.906 1201.843 1207.656 1218.718 1231.343 1262.000 1333.031 1479.156 1620.093 1639.218 1657.625 1664.000 1718.875 1723.468 1771.093 1843.187 1851.781 1960.718 
41.437 63.468 125.656 188.531 219.718 293.843 303.000 373.937 388.656 453.312 483.625 520.531 541.906 637.312 661.562 696.968 906.093 940.093 946.312 961.687 965.656 978.593 994.031 1015.750 1134.750 1144.750 1198.062 1203.468 1214.406 1233.062 1259.281 1321.750 1475.093 1487.031 1619.687 1638.218 1660.500 1721.093 1856.593 1884.593 1962.031 
66.093 127.281 188.312 197.093 219.687 225.437 294.343 303.812 387.406 410.093 487.312 538.375 543.562 639.500 658.812 705.250 945.000 963.125 972.531 985.718 1000.750 1031.875 1143.781 1202.406 1207.468 1211.531 1216.656 1230.593 1322.156 1482.281 1492.062 1642.062 1654.312 1724.812 1838.343 1855.281 1886.531 1963.437 
94.718 131.937 190.125 197.062 295.062 374.187 461.750 508.343 541.125 547.687 639.750 655.406 661.031 707.906 912.531 940.093 947.843 960.875 967.562 978.656 992.968 1137.562 1194.687 1217.031 1231.156 1238.562 1245.125 1319.468 1339.906 1442.625 1481.437 1490.875 1617.906 1652.093 1656.812 1722.062 1865.343 1878.531 1982.375 
77.468 190.562 195.750 203.437 221.500 295.312 385.687 484.937 541.531 640.812 658.343 697.031 909.468 949.625 960.625 969.968 994.875 1140.562 1201.187 1206.406 1210.875 1242.218 1327.875 1479.750 1490.031 1502.125 1622.750 1654.937 1720.250 1793.718 1841.312 1846.937 1964.375 
61.968 123.093 188.343 203.750 218.437 294.718 387.406 495.718 541.531 641.625 660.062 672.531 940.593 960.656 965.968 972.781 985.343 1013.031 1032.343 1140.375 1197.187 1203.156 1209.750 1218.812 1236.031 1242.156 1260.750 1326.156 1340.218 1477.750 1483.562 1487.656 1639.687 1657.562 1714.031 1722.875 1844.250 1964.750 2284.125 
