20.531 20.812 22.687 23.062 23.937 37.656 47.750 48.687 66.437 66.656 75.156 99.968 101.500 102.875 103.468 165.062 199.218 253.875 270.031 342.375 380.812 477.781 480.562 511.406 595.375 606.656 675.062 717.906 750.875 776.187 776.437 786.187 787.281 855.281 856.437 861.750 912.875 960.125 982.375 990.625 996.625 1004.281 1094.750 1195.031 1223.031 1239.750 1277.625 1334.156 1349.343 1374.937 1452.437 1453.687 1457.656 1481.062 1485.968 1517.125 1621.812 1676.406 1778.718 1782.937 1827.875 1864.125 1909.500 1992.156 2000.093 2033.281 2158.500 2186.593 2188.500 2201.593 2205.281 2207.062 2592.312 2595.156 2596.906 2792.343 2797.531 2799.812 2808.625 3036.500 3037.187 3073.875 3291.687 3470.093 3536.000 3873.281 
66.968 96.968 97.843 105.062 125.187 218.406 231.312 276.656 341.093 349.843 402.812 477.250 481.843 572.875 673.687 676.968 679.531 723.343 730.312 775.500 775.937 831.843 862.062 917.187 920.312 923.968 930.156 964.562 1125.468 1285.125 1322.968 1323.500 1407.875 1420.375 1457.593 1464.187 1478.531 1565.468 1587.125 1619.343 1622.687 1652.406 1783.468 1785.156 1826.500 1828.406 1852.781 1895.218 1908.187 1979.218 1988.500 2147.968 2728.062 2799.500 2801.625 3123.406 3395.593 3693.062 
25.312 46.093 81.000 105.156 141.062 160.812 218.687 476.687 486.781 540.531 563.375 594.906 677.812 800.875 833.562 861.656 918.593 922.281 959.968 982.687 982.906 984.156 986.812 1000.031 1011.156 1073.937 1096.531 1212.968 1285.187 1301.406 1317.656 1452.531 1460.500 1461.750 1521.718 1534.187 1550.312 1621.437 1785.187 1908.937 1983.812 1992.093 2001.437 3442.937 
20.500 20.750 21.281 21.625 23.468 46.656 47.531 68.625 72.812 104.187 194.968 215.156 231.000 256.375 293.343 476.843 477.250 543.843 589.812 600.843 663.406 680.343 800.750 832.500 861.437 861.781 918.812 923.125 961.843 1281.562 1283.937 1334.093 1399.750 1444.781 1457.375 1485.375 1567.187 1567.812 1570.562 1575.625 1737.750 1775.718 1781.843 1816.843 1827.625 1991.218 2745.750 2752.187 2755.125 2996.968 3008.781 3356.531 3673.500 
22.968 23.375 44.937 73.437 87.000 102.718 154.375 158.000 164.843 213.781 255.093 260.500 337.562 398.687 421.812 449.781 480.781 537.500 540.843 541.718 680.406 720.718 833.750 856.781 862.562 961.031 980.906 1095.031 1189.187 1279.718 1336.937 1450.218 1477.843 1483.500 1572.906 1624.093 1739.031 1786.562 1816.937 1827.343 1918.312 1979.968 1992.687 2039.468 2554.875 2956.156 2991.500 3044.750 3389.500 3392.125 3392.500 3399.687 3402.031 3403.250 3416.343 3831.437 
20.875 24.843 29.593 46.593 67.437 79.437 83.156 101.187 102.406 102.718 196.531 212.156 263.718 417.593 419.125 439.875 510.468 730.000 776.218 833.875 863.375 914.156 921.937 988.687 1095.062 1122.906 1138.656 1189.250 1225.125 1278.843 1453.093 1458.437 1464.093 1468.937 1477.750 1553.843 1567.500 1573.000 1736.062 1783.875 1829.250 1908.406 1910.500 2001.000 2799.593 2801.750 2803.750 2809.375 3379.562 3381.218 3606.562 3635.031 
21.250 24.500 48.312 87.000 98.343 98.812 100.812 141.281 161.812 196.468 215.625 316.687 342.906 399.656 595.750 628.906 988.281 1068.125 1087.375 1091.937 1175.125 1188.843 1278.906 1462.468 1480.718 1494.750 1528.468 1625.250 1718.843 1783.468 1982.562 1984.687 1985.781 2021.375 2028.656 2469.468 3014.125 3017.718 3105.593 3342.093 3574.343 3733.906 3734.906 3738.375 3744.500 
20.062 20.500 23.281 23.906 48.531 80.093 197.781 210.062 217.750 294.031 307.093 339.187 401.093 475.406 725.687 783.812 856.031 919.093 1175.625 1189.875 1223.062 1458.656 1460.531 1461.687 1485.718 1783.312 1844.875 2018.406 2179.531 2812.562 3115.937 3443.000 3443.750 3444.375 3666.875 3948.406 
68.625 125.625 156.093 252.562 278.156 327.562 339.218 371.937 394.031 428.781 453.031 474.281 474.562 509.718 541.375 573.125 610.375 679.812 723.781 786.875 917.031 966.875 987.593 1068.937 1190.187 1276.562 1284.250 1373.406 1421.468 1444.156 1449.781 1451.593 1456.718 1484.125 1574.312 1624.500 1722.937 1739.437 1745.500 1829.875 1931.781 2024.031 2045.031 2811.250 2813.375 3073.437 3788.375 3797.406 3821.406 
19.562 23.093 23.562 43.718 82.281 103.187 103.750 155.593 209.125 227.437 249.500 276.968 338.093 344.562 351.093 422.062 510.187 542.406 587.437 589.218 597.281 782.781 786.343 789.875 834.656 918.781 989.625 1087.125 1109.343 1189.718 1221.375 1280.812 1284.781 1383.156 1412.968 1419.812 1433.562 1482.500 1517.281 1579.593 1670.531 1692.062 1803.937 1805.156 1815.656 1931.281 2040.750 2045.437 2381.031 2584.375 2585.000 2951.593 2954.500 2957.000 3251.218 3495.937 3681.031 3696.093 
