205.843 337.750 353.000 595.437 854.218 960.343 978.750 1040.218 1144.218 1449.593 1516.562 1543.562 1555.437 1722.218 2281.312 
42.531 538.406 772.375 956.281 972.437 1089.812 1093.968 1144.656 1302.718 1500.468 1516.187 1555.656 1646.531 2083.281 2099.250 2258.281 2275.906 2285.968 2303.031 2826.062 3956.156 
42.125 232.968 594.218 610.062 805.250 1019.781 1351.156 1463.687 1579.218 1715.500 1737.687 1889.656 2113.468 2181.625 2206.968 2247.312 2269.531 2281.937 2496.375 3281.656 3429.812 3478.437 
52.687 213.812 322.812 334.937 356.875 449.375 575.312 1090.031 1134.687 1135.312 1198.937 1242.718 1447.593 1656.343 1714.625 1942.687 2113.656 2284.781 2417.531 2428.500 2459.031 3105.625 3809.812 
53.875 330.406 976.468 1051.906 1135.250 1144.562 1242.625 1492.375 1612.250 1721.843 1810.093 1922.281 2151.093 2178.093 
53.156 320.843 446.093 956.250 1254.562 1369.531 1482.562 1555.562 2003.500 2083.281 2113.437 2215.125 2258.781 2409.312 2459.031 
539.500 567.562 595.562 1045.406 1204.312 1236.125 1241.343 1274.656 1648.000 1764.093 1806.156 2083.468 2095.250 2102.062 2189.656 2244.937 
704.843 863.468 940.968 949.656 956.062 987.250 1019.031 1094.000 1228.187 1251.125 1302.156 1447.500 1489.375 1803.906 2151.156 2406.687 2447.593 3741.187 
232.968 345.781 775.375 1116.937 1253.750 1258.531 1488.156 1806.093 1897.750 2207.156 2232.625 2405.625 2428.625 2476.906 3349.843 
137.187 197.781 428.875 765.375 976.343 1164.343 1343.468 1488.625 1531.656 1741.781 1908.750 2083.375 2215.656 2284.875 2467.281 2893.062 3197.843 
