32.093 47.781 49.718 51.500 53.750 148.781 153.718 156.468 159.937 314.125 317.000 319.656 324.250 327.375 333.281 338.250 341.906 349.125 425.531 444.906 536.500 539.125 552.031 591.562 611.000 621.562 632.125 1010.562 1013.593 1016.781 1023.875 1124.343 1230.031 1232.781 1237.968 1240.781 1348.468 1447.312 1501.937 1517.906 1522.281 1523.531 1588.312 1590.812 1601.437 1638.625 
31.875 38.875 40.625 42.937 45.937 147.250 148.218 151.343 163.406 164.812 316.531 334.500 339.250 424.218 427.906 434.937 549.500 622.531 628.625 1007.250 1029.281 1030.656 1122.781 1130.562 1229.718 1237.781 1324.218 1489.968 1490.687 1493.062 1507.093 1604.500 
30.750 31.343 35.250 44.187 152.093 153.968 156.343 163.625 164.906 319.281 334.187 422.468 427.531 429.031 454.562 553.125 630.218 1013.093 1017.125 1024.875 1029.468 1116.093 1126.750 1230.375 1276.625 1320.687 1489.062 1494.093 1590.250 
37.718 49.093 151.812 152.250 156.281 157.156 164.750 315.343 317.656 329.312 339.937 412.625 431.750 432.531 455.968 536.625 538.093 583.281 622.875 626.031 1017.437 1019.687 1023.468 1117.468 1120.281 1125.375 1135.500 1231.593 1233.687 1235.906 1326.906 1358.906 1369.031 1413.312 1489.593 1490.281 1490.937 1502.500 1557.937 1567.468 
27.500 29.093 30.781 31.937 40.375 53.656 54.468 57.656 314.343 318.843 324.406 338.125 341.343 430.093 434.531 622.750 628.375 648.625 703.500 1007.312 1007.843 1032.687 1230.500 1283.500 1322.468 1401.218 1422.875 1507.687 1519.625 1524.250 1526.625 1560.437 1566.906 1574.125 1593.375 
30.031 43.156 57.875 151.937 159.906 319.718 323.406 334.781 338.687 417.968 438.906 439.500 535.218 548.812 620.875 627.406 628.906 695.906 701.437 1023.468 1024.062 1119.062 1126.968 1128.093 1131.093 1146.687 1151.218 1234.062 1318.031 1399.218 1420.093 1425.906 1489.156 1489.906 1493.250 1501.406 1502.500 
27.406 28.937 29.187 145.781 149.687 150.031 154.843 156.562 162.000 316.625 317.500 318.000 328.906 429.562 535.437 548.687 625.000 628.062 695.906 1016.750 1021.531 1025.218 1151.250 1152.375 1246.906 1259.843 1275.000 1308.312 1310.156 1319.281 1330.687 1489.437 1491.656 1493.250 
27.468 33.218 34.781 35.468 37.843 149.718 150.406 152.343 158.812 160.156 164.937 325.968 329.500 427.625 432.812 455.468 537.000 545.875 605.406 628.187 630.125 636.312 673.656 1006.812 1007.187 1011.968 1030.625 1132.343 1155.343 1230.656 1231.156 1237.906 1280.968 1306.906 1327.718 1426.406 1441.156 1492.937 1508.343 1509.562 1527.843 1529.000 1610.562 
28.906 31.562 55.281 149.218 151.500 156.531 163.406 313.750 314.500 317.656 324.031 325.187 336.468 430.093 430.562 432.187 436.875 617.750 624.937 1125.593 1127.000 1128.312 1149.250 1229.468 1230.625 1312.406 1323.375 1399.468 1489.906 1514.437 1532.093 
30.468 31.875 40.500 149.218 164.125 165.031 316.843 318.250 318.968 331.906 429.125 535.218 537.875 612.593 695.343 704.343 1006.593 1011.531 1012.906 1013.500 1025.437 1127.312 1129.281 1241.531 1304.218 1490.375 1491.125 1508.312 1573.625 1606.343 
