27.406 30.718 32.812 33.593 40.281 41.625 51.750 59.218 60.625 62.062 69.937 78.593 86.781 142.250 142.687 148.062 202.562 242.875 356.656 359.812 663.687 668.656 708.468 763.531 832.968 849.312 863.281 946.250 1161.437 1239.218 1373.468 1374.125 1388.000 1465.781 1467.562 1532.500 1565.031 1630.312 1854.687 1861.875 1862.812 1864.125 1917.000 2063.281 2064.812 2156.312 2156.656 2160.906 2241.187 
32.687 38.562 40.218 49.625 51.375 57.625 63.718 72.625 141.906 142.593 143.375 144.750 147.500 179.468 356.906 359.312 389.375 564.156 566.875 658.187 660.281 827.375 835.218 944.281 947.656 948.968 1042.218 1043.031 1161.843 1162.843 1163.375 1184.718 1238.812 1255.750 1369.875 1371.406 1373.187 1373.875 1466.000 1467.500 1630.500 1633.156 1729.312 1852.468 1917.687 1939.406 1980.750 2156.750 
27.312 28.343 29.687 30.937 31.906 33.812 36.968 43.687 60.531 79.531 140.812 144.000 354.937 359.125 381.562 564.406 565.468 570.593 659.437 824.843 827.937 835.093 936.156 937.718 990.468 1033.781 1046.906 1166.906 1205.062 1240.125 1241.375 1369.625 1370.687 1388.718 1473.312 1550.093 1630.062 1631.406 1667.593 1689.125 1728.406 1942.281 1973.843 2021.656 2024.500 2059.062 2062.156 2062.750 2107.437 2250.843 2262.343 
26.375 28.343 28.562 28.812 32.750 33.718 35.062 37.031 48.156 53.875 56.156 95.437 142.437 359.343 363.187 367.437 397.000 564.968 567.218 663.625 827.906 828.375 828.843 831.750 852.718 1162.718 1163.406 1175.031 1371.812 1375.687 1388.000 1471.156 1484.812 1629.500 1631.125 1863.593 1970.312 2157.562 
27.156 35.781 36.625 38.750 41.687 45.093 47.250 51.218 70.000 140.312 142.875 144.906 145.437 194.562 217.218 236.656 359.531 361.125 379.562 430.156 564.312 565.500 568.812 576.468 658.718 659.593 660.687 828.250 835.218 841.843 859.437 944.312 1004.500 1174.593 1464.906 1476.343 1630.843 1631.968 1633.093 1666.500 1687.875 1852.343 1871.781 1951.781 2061.250 
27.281 28.437 31.968 35.468 43.375 48.031 81.125 141.562 142.843 161.125 356.031 363.437 564.468 564.875 565.531 575.687 660.437 669.656 671.156 673.406 826.531 827.968 833.062 847.687 942.968 945.250 946.000 1165.250 1174.875 1237.218 1237.906 1374.906 1467.781 1470.968 1483.375 1633.875 1640.406 1729.531 1850.156 1873.218 1942.406 2156.250 
27.281 29.593 29.968 34.093 142.343 142.812 144.593 150.406 241.625 356.562 569.781 572.062 658.625 660.093 662.218 686.062 732.906 823.906 943.187 983.968 1163.187 1182.437 1246.812 1463.625 1523.437 1629.875 1631.031 1670.687 1723.843 1862.625 2061.250 2247.437 
30.250 35.406 40.343 44.093 79.531 142.812 200.656 218.437 357.093 362.031 373.031 422.906 451.000 569.343 658.843 662.906 839.968 871.187 943.375 946.187 1373.562 1630.531 1631.312 1727.312 1849.125 1862.656 1867.593 2059.781 2164.093 
27.187 32.531 37.000 38.375 63.906 142.343 352.968 363.593 367.312 399.718 670.312 834.531 945.375 1163.281 1179.468 1369.750 1372.750 1377.312 1378.343 1466.218 1467.437 1534.062 1628.125 2153.906 2167.937 2220.875 
26.281 27.906 32.437 33.593 35.343 35.750 41.843 43.375 44.875 49.781 51.406 56.593 68.156 143.750 145.718 154.625 165.218 245.062 356.906 359.625 373.656 501.750 832.125 846.937 1161.843 1243.093 1373.000 1376.687 1390.093 1466.437 1629.812 1630.718 1723.812 1863.593 2060.218 
