20.093 40.906 44.656 46.250 47.875 192.031 195.250 198.312 211.750 338.968 438.937 470.656 484.375 550.593 593.125 595.375 597.000 613.625 708.375 711.062 717.656 738.062 894.843 993.093 994.968 1000.281 1124.656 1140.343 1436.062 1443.343 1448.375 1454.281 1463.656 1535.656 1630.156 
46.218 52.125 53.625 55.062 58.656 95.375 185.281 187.406 196.593 199.968 201.250 209.093 227.312 235.312 238.531 356.843 360.250 448.187 449.406 470.281 482.937 514.781 561.093 616.000 639.468 653.937 708.781 710.343 711.000 711.968 718.500 727.187 736.437 749.937 759.312 1011.718 1032.281 1101.375 1103.500 1135.937 1206.562 1277.656 1280.156 1304.500 1344.062 1356.000 1435.093 1436.343 1437.937 1438.281 1464.343 1469.843 1532.406 1534.750 1558.406 1678.656 1679.468 1679.812 1783.250 
19.562 39.687 47.218 51.593 57.906 77.875 110.093 110.656 160.312 187.250 205.656 220.656 222.343 321.906 334.593 358.468 363.093 424.906 437.000 503.500 651.062 708.531 710.187 917.500 990.281 1011.625 1027.406 1101.125 1177.843 1221.125 1297.687 1320.625 1445.937 1471.437 1572.000 1629.875 1631.093 1632.281 1638.125 
42.562 57.218 64.031 71.937 108.625 198.906 210.031 226.562 319.250 337.125 339.406 359.218 361.187 428.718 431.625 435.500 509.281 520.437 600.406 636.406 708.656 710.562 961.156 994.156 1000.937 1018.437 1037.468 1098.843 1179.968 1189.125 1281.843 1304.562 1329.343 1333.812 1343.968 1436.187 1438.312 1460.250 1461.687 1468.375 1472.812 1520.031 1524.531 1632.593 
62.125 98.062 99.656 187.562 225.031 235.125 321.718 359.875 366.218 382.218 432.687 458.406 605.656 617.406 634.750 710.156 712.125 712.312 718.593 750.312 760.968 915.718 997.593 1002.281 1003.593 1027.375 1033.687 1099.781 1109.906 1111.625 1140.437 1150.500 1198.000 1200.375 1206.562 1226.843 1294.187 1325.750 1331.343 1344.218 1366.093 1436.187 1437.406 1628.593 1693.750 1783.968 
38.593 83.062 91.187 185.500 193.437 196.437 203.375 211.250 362.281 435.437 632.125 645.187 708.187 708.937 709.656 710.343 761.093 777.812 889.468 903.781 963.750 994.812 995.781 1003.593 1037.593 1046.312 1056.593 1123.218 1230.250 1282.062 1294.812 1322.625 1434.593 1435.343 1439.187 1641.406 1679.812 1783.812 
49.875 55.250 72.062 82.562 104.718 185.406 188.187 190.968 222.625 326.812 344.937 346.218 360.437 382.781 384.125 384.531 427.718 460.031 477.406 497.562 501.312 598.593 605.375 606.125 708.187 709.406 711.156 714.343 739.218 745.812 939.656 995.000 1016.468 1101.000 1206.593 1208.937 1226.343 1229.593 1342.906 1631.218 1642.625 1679.562 1682.187 1783.281 1784.625 
42.250 45.812 59.875 64.250 71.718 160.343 193.812 320.312 333.156 346.656 348.812 382.156 448.937 453.750 599.406 641.187 654.031 708.250 709.156 709.562 742.593 931.000 1002.375 1010.406 1036.312 1124.437 1198.062 1348.062 1365.625 1449.406 1474.375 1525.093 1528.406 1681.375 1783.187 
40.625 41.125 51.656 52.031 57.343 68.843 92.500 104.187 109.281 187.250 191.062 194.312 321.093 325.312 338.656 352.906 353.687 362.968 440.468 499.718 500.250 539.218 604.093 706.906 747.500 754.875 773.843 1002.375 1026.562 1038.343 1124.593 1137.343 1178.093 1183.593 1199.812 1280.281 1295.187 1317.656 1318.250 1322.343 1325.343 1356.562 1433.718 1438.000 1439.812 1455.718 1524.343 1577.375 1631.218 1680.812 
80.593 82.687 160.812 200.656 206.687 228.812 328.500 351.468 363.000 365.250 435.437 486.218 486.781 502.750 612.562 713.218 723.875 752.187 853.781 995.937 1016.625 1096.718 1100.531 1101.531 1111.093 1279.687 1288.562 1339.843 1343.875 1434.500 1435.281 1439.531 1465.812 1535.625 1633.375 1783.843 
