-1885.032 -551.532 53.750 63.437 69.718 136.281 180.187 190.843 285.281 291.906 386.843 417.312 429.343 458.093 464.937 511.156 527.406 533.562 552.875 556.843 600.062 607.343 679.750 695.687 725.812 743.656 1122.562 1149.812 1212.875 1223.812 1236.625 1245.625 1256.375 1265.906 1312.343 1429.750 2295.250 2337.687 
-572.500 -540.750 -532.188 65.718 81.968 183.875 193.218 207.375 248.437 289.718 320.031 404.218 433.687 510.437 521.562 532.937 543.781 554.750 667.906 678.968 708.437 737.656 990.093 1000.625 1208.500 1219.343 1240.187 1245.125 1294.250 1309.718 1375.406 1392.843 1449.125 1476.375 2419.531 2434.781 2455.250 3266.125 
-1963.375 -1661.563 -1654.688 -173.500 -120.282 65.156 172.718 200.125 246.218 282.093 301.437 405.031 418.281 429.625 437.312 455.875 521.437 532.500 543.250 558.031 642.125 720.875 776.875 958.187 966.156 987.000 1136.218 1214.906 1226.031 1257.000 1274.281 1402.250 1431.406 1441.968 1465.343 1471.593 1479.781 1481.187 2057.656 3880.781 3989.906 
-1971.375 -1429.594 -585.532 -483.844 19.187 35.562 38.250 55.406 74.156 145.500 180.625 195.062 211.281 225.531 270.875 286.437 317.093 385.718 450.500 481.593 535.875 543.687 553.031 558.625 632.906 661.625 674.343 686.218 696.625 994.125 1121.406 1132.156 1209.750 1248.000 1286.375 1415.312 1456.718 1481.812 1798.437 3091.468 3423.875 3428.937 3433.593 3475.406 3983.750 
-1328.938 -106.282 50.500 178.968 188.468 191.875 405.062 459.937 484.593 521.718 542.406 568.375 599.625 622.437 646.593 679.312 709.968 729.375 733.875 750.343 781.937 992.843 1145.000 1228.812 1235.468 1273.250 1315.843 1333.593 1380.468 1416.187 1438.281 1446.812 1479.156 1498.000 2857.906 3735.031 3746.281 3807.593 
-1592.875 -1374.657 -1346.157 -712.125 -683.500 78.250 176.500 188.093 204.937 288.406 297.750 421.343 483.343 492.468 512.750 531.875 543.875 547.000 576.062 586.843 589.500 606.156 683.156 701.312 729.468 748.750 989.625 1123.468 1211.281 1219.500 1236.531 1250.968 1283.062 1326.750 1428.156 1441.281 1463.406 1465.500 1475.812 1492.281 2281.718 2949.031 
-1581.938 -385.563 -362.875 -265.125 20.562 63.437 78.906 178.031 188.593 193.312 206.218 264.625 294.468 311.218 405.875 411.593 420.843 427.437 474.031 510.812 520.437 532.093 536.906 540.437 544.875 628.000 679.125 775.906 781.625 990.343 1002.625 1128.843 1227.718 1246.312 1288.187 1303.031 1312.093 1422.156 1435.343 1442.281 1443.343 1452.187 1475.593 1479.843 2425.375 3511.187 
-1525.625 -771.813 60.718 121.562 182.875 219.843 262.500 277.468 291.750 296.531 418.281 508.406 513.500 529.968 534.187 543.937 586.593 629.156 669.812 676.593 707.406 711.656 724.000 745.406 765.375 986.781 998.531 1021.000 1239.593 1257.343 1312.531 1390.718 1444.375 1495.156 1952.312 1972.812 2544.250 
-1455.313 -1281.375 -1247.188 -902.375 -609.969 -491.625 -38.625 52.437 67.125 296.687 311.687 455.375 462.875 501.437 522.468 554.625 572.406 657.500 696.218 709.937 738.531 746.437 773.500 990.812 1011.000 1127.625 1213.781 1226.625 1248.750 1306.250 1375.718 1387.906 1408.468 1435.718 1447.750 1488.531 2210.687 2849.187 2901.343 
-1596.469 -1552.313 -1541.594 -1183.563 -319.563 54.218 174.437 198.156 208.250 291.656 316.437 405.843 422.437 509.093 529.812 547.906 556.781 629.093 674.281 688.062 724.093 725.687 731.156 737.750 1008.968 1125.156 1216.062 1221.656 1240.343 1303.687 1309.187 1337.156 1374.375 1433.250 1446.437 2136.593 2147.593 2407.281 3049.250 3979.156 
-1959.782 -1794.125 -1010.407 -712.000 -329.625 180.812 186.687 193.250 304.656 420.343 507.593 513.625 534.781 558.687 602.781 608.312 667.968 697.062 741.156 771.156 1260.375 1373.562 1381.281 1398.500 1439.218 1469.875 1470.937 1863.375 3673.781 
-1539.969 -1219.907 -592.032 -176.032 173.906 191.156 313.531 409.250 426.343 460.250 508.906 514.343 540.843 564.187 603.312 679.468 730.562 762.750 1213.312 1231.812 1302.656 1307.593 1330.906 1377.343 1382.156 1432.343 1439.812 1496.000 1874.031 
-1875.938 -1869.782 -1833.250 -1826.407 -1227.282 -429.844 -387.407 -77.313 69.687 77.656 190.656 195.656 463.031 471.968 519.218 525.781 563.062 570.593 598.812 685.750 697.062 708.687 731.750 736.562 990.937 1126.468 1216.843 1233.031 1270.625 1293.500 1437.781 1451.000 1466.218 2584.343 3300.343 
-1838.469 -116.938 -10.000 23.093 176.437 191.875 302.968 422.031 456.968 464.906 479.343 523.156 527.750 533.968 600.250 698.156 733.906 769.406 779.843 839.125 1215.656 1231.375 1267.000 1309.906 1443.437 1472.656 2510.250 2628.625 2756.468 2961.812 3618.968 3835.343 
