18.406 39.375 40.812 41.218 43.093 44.718 116.031 150.187 152.281 374.687 468.968 625.875 701.875 753.125 837.812 1009.375 1011.500 1019.625 1115.968 1287.375 1331.281 1371.250 1373.625 1392.937 1405.468 1473.812 1494.281 1607.218 1631.125 1633.031 1685.375 1688.312 1694.500 1792.375 1863.375 1929.312 1967.843 1969.468 
15.375 17.093 21.187 39.500 40.687 42.062 69.625 93.843 112.687 132.656 133.875 150.468 152.406 183.437 236.062 238.125 279.500 287.000 321.156 395.406 396.593 414.812 425.562 467.468 479.593 504.406 524.843 535.937 546.500 546.906 548.906 550.843 569.125 572.187 622.750 623.656 624.343 651.781 666.531 700.125 751.562 753.843 838.187 839.343 870.218 877.500 964.218 968.343 1015.562 1083.468 1146.062 1166.156 1167.906 1248.031 1249.750 1267.687 1270.687 1278.718 1285.250 1286.562 1287.812 1371.281 1373.687 1390.437 1392.468 1405.593 1449.437 1451.875 1455.718 1494.718 1495.343 1504.468 1567.218 1577.687 1629.093 1632.843 1649.687 1651.000 1695.125 1707.750 1725.562 1771.593 1775.187 1788.875 1823.468 1862.375 1864.000 1926.750 1928.187 1940.875 3066.031 
15.625 17.343 23.218 25.468 41.875 42.468 48.843 113.156 114.500 152.468 180.500 183.843 220.781 235.718 237.781 249.468 299.375 303.406 320.562 321.156 330.218 380.062 398.218 427.125 429.562 434.906 470.375 474.031 475.906 495.437 498.781 500.343 536.218 545.718 547.625 554.062 569.875 571.781 574.718 622.562 624.156 624.625 626.687 666.937 669.625 700.000 730.343 749.593 764.625 767.812 810.031 837.468 839.406 870.625 871.000 874.562 930.375 939.250 942.375 962.125 964.781 969.687 971.187 1008.906 1010.718 1079.093 1113.437 1117.968 1146.218 1153.593 1167.875 1213.750 1325.968 1369.843 1370.500 1371.156 1374.156 1391.343 1392.937 1405.031 1451.156 1453.968 1473.500 1492.781 1494.625 1501.218 1547.968 1551.343 1554.375 1566.250 1629.437 1649.968 1689.218 1693.562 1725.406 1771.000 1772.281 1777.062 1789.656 1863.406 1967.968 1975.625 2777.843 2982.375 2983.562 
17.343 21.968 40.937 119.187 153.250 186.843 221.281 235.968 247.500 250.750 320.875 323.625 379.593 381.343 424.187 426.781 467.656 470.000 537.468 545.312 623.781 624.343 627.031 669.250 703.656 767.875 811.312 835.656 837.468 838.250 839.406 929.406 934.687 965.375 969.218 983.656 1010.000 1011.281 1111.656 1125.781 1145.468 1147.687 1165.625 1245.562 1266.437 1327.812 1368.406 1390.718 1393.281 1425.656 1454.562 1474.562 1493.468 1500.812 1551.031 1553.906 1576.531 1633.343 1687.656 1771.593 1773.062 1861.281 1863.843 1866.000 1929.843 1968.156 1970.250 3102.843 
15.968 21.125 45.812 49.437 85.812 112.656 151.718 153.781 182.093 223.062 235.218 237.750 311.218 383.218 400.906 424.625 427.031 469.375 473.906 500.343 535.750 545.968 547.781 570.500 573.156 603.937 624.562 627.531 701.250 706.593 835.656 929.343 941.593 962.218 963.687 1010.781 1012.156 1014.906 1022.750 1080.187 1083.750 1119.062 1125.843 1144.312 1146.781 1168.062 1178.531 1186.156 1269.000 1293.656 1368.500 1390.843 1393.093 1405.312 1472.937 1493.031 1549.968 1554.875 1590.937 1593.843 1633.000 1694.875 1697.875 1739.656 1741.906 1771.062 1789.843 1864.156 1927.125 1950.375 1968.937 2514.625 2521.062 
15.156 16.593 21.250 23.781 38.468 40.531 41.843 47.625 69.031 86.312 104.687 151.062 152.375 223.656 235.625 277.218 322.000 336.812 380.437 423.500 424.937 466.500 468.375 473.562 478.031 524.250 546.812 549.875 565.125 567.750 571.500 606.750 622.781 666.937 670.593 701.843 810.718 835.625 852.593 869.281 930.125 963.187 966.875 1008.843 1011.937 1083.125 1129.906 1147.000 1165.875 1167.312 1247.218 1267.156 1270.906 1285.437 1295.968 1326.031 1391.656 1404.781 1448.968 1451.343 1453.187 1554.718 1633.156 1652.250 1691.562 1705.062 1793.187 1863.312 1927.156 1967.875 1974.312 2186.781 3294.031 3566.406 
23.500 25.500 26.937 39.468 41.968 54.218 86.468 113.718 124.250 151.968 180.718 186.343 219.562 236.125 238.406 251.406 288.406 301.343 384.312 469.968 480.593 521.750 545.125 549.250 566.375 625.687 627.812 655.781 673.156 701.312 749.500 752.218 766.781 782.437 840.062 852.468 869.812 962.250 963.750 966.937 970.968 1104.812 1126.125 1147.000 1246.656 1266.843 1392.062 1452.375 1492.062 1494.093 1556.156 1692.875 1726.125 1864.375 1968.218 
16.812 18.406 23.500 42.187 42.625 111.562 113.656 130.875 185.781 188.031 212.500 225.531 379.062 397.000 474.593 524.312 546.406 625.343 810.750 827.312 868.343 869.781 1012.406 1070.093 1128.562 1146.718 1150.906 1166.187 1266.593 1372.437 1494.968 1555.968 1629.843 1651.281 1738.750 1772.812 1862.093 1867.593 1970.656 2552.843 
16.781 25.968 39.312 41.156 46.062 67.062 221.468 321.062 324.593 475.812 502.625 526.062 549.343 604.468 606.968 700.406 749.718 752.562 795.093 838.843 942.093 1012.968 1081.593 1148.531 1213.718 1392.187 1394.125 1629.125 1685.625 1693.750 1774.812 
17.406 22.250 24.312 39.562 41.531 41.875 50.562 427.250 431.437 476.437 493.937 545.687 552.281 698.593 838.906 930.312 963.093 966.718 1011.187 1150.218 1265.500 1650.875 1817.343 2581.875 3415.906 
