26.937 74.656 95.531 178.406 214.375 220.062 232.187 321.843 351.343 354.843 377.187 488.187 492.281 848.156 857.625 864.906 1139.593 1225.812 1402.906 1503.343 1855.906 1935.718 
51.281 54.468 59.375 87.406 158.593 205.468 211.125 218.593 321.812 338.843 629.062 700.593 779.875 788.843 1001.281 1008.156 1053.625 1099.062 1157.718 1276.781 1319.937 1325.812 1372.031 1374.218 1377.093 1447.968 1465.937 1491.875 1493.750 1508.343 1520.875 1523.125 1526.468 1706.218 1753.937 1770.156 1834.781 1910.468 1933.625 1937.531 2000.875 2133.187 2206.156 2237.375 2250.250 2359.937 2363.906 2409.218 2426.625 2431.343 
-509.657 17.625 58.718 93.531 198.468 205.375 214.718 217.843 234.156 286.312 333.593 351.750 502.468 628.375 742.406 749.562 881.031 906.500 927.625 930.875 934.375 1101.812 1123.437 1125.343 1151.000 1165.218 1199.968 1215.000 1220.531 1282.562 1400.718 1678.281 1739.406 1859.156 1920.437 1994.062 2013.968 2224.218 2230.218 2286.687 2306.000 2389.125 2402.437 2407.000 2917.625 
60.281 71.312 77.000 77.406 82.468 85.093 86.125 91.906 223.656 333.781 478.937 482.375 490.000 500.250 501.250 507.375 600.718 609.312 628.687 733.187 756.531 759.875 778.687 866.218 877.625 886.343 899.093 936.281 1028.093 1076.937 1093.187 1110.468 1166.187 1167.000 1207.250 1281.093 1282.250 1384.187 1397.093 1469.406 1480.781 1519.343 1653.593 1694.437 1825.312 1856.281 1903.625 1911.031 2342.031 2368.375 2427.156 3582.031 
-1102.625 -198.000 -52.532 -44.313 71.937 80.437 104.812 180.031 204.718 230.375 330.000 338.781 350.281 354.718 363.843 437.781 510.031 606.531 613.625 651.250 760.375 780.250 913.937 931.531 1049.468 1054.250 1079.687 1088.312 1162.906 1230.875 1287.968 1289.187 1291.343 1326.687 1374.875 1395.937 1406.531 1409.562 1413.125 1498.000 1518.156 1521.250 1663.312 1679.750 1682.343 1751.218 1758.125 1760.500 1770.625 1773.343 1778.500 1830.156 1831.250 1857.531 1920.062 1923.000 1940.281 1981.375 2000.531 2013.093 2053.656 2074.937 2099.250 2190.625 2213.906 2290.312 2318.312 2377.187 2427.468 
59.843 61.187 70.750 89.750 101.250 164.437 181.281 200.187 202.937 208.000 214.531 224.218 231.343 324.500 350.812 446.000 491.718 622.218 623.343 630.593 691.468 764.500 837.250 843.937 864.062 922.843 927.437 1003.468 1085.781 1146.093 1228.687 1288.156 1374.062 1394.031 1398.781 1459.156 1480.281 1674.843 1771.625 1779.406 1836.343 1840.437 2031.031 2034.125 2071.625 2089.531 2195.062 2213.125 2223.312 2299.875 2314.437 2316.375 2363.062 2370.000 2380.687 2386.843 2429.125 
-893.375 -584.875 19.593 72.968 92.906 98.718 186.968 208.750 231.562 338.718 340.125 342.656 361.531 372.156 438.750 443.937 498.250 632.593 649.562 654.750 662.375 701.312 731.093 763.968 876.812 951.187 1005.125 1076.031 1088.093 1197.031 1199.531 1237.718 1287.968 1304.218 1322.781 1380.781 1405.531 1518.218 1738.250 1760.812 1791.875 1835.812 1843.468 1921.593 1925.000 1935.343 1958.781 1997.781 2058.187 2189.593 2234.781 2237.718 2296.531 2310.375 2315.187 2360.968 2365.375 2390.093 2401.250 2413.531 
17.968 87.843 89.000 90.375 94.625 185.937 205.593 207.875 223.406 225.781 233.031 234.281 332.406 349.218 365.343 365.906 447.843 477.000 487.968 492.562 623.687 639.406 768.218 855.656 859.437 869.062 874.906 912.687 924.375 942.406 948.000 988.968 1009.375 1012.281 1022.218 1131.781 1133.906 1169.406 1264.843 1281.656 1286.187 1310.750 1316.375 1380.687 1385.312 1408.437 1448.000 1452.875 1460.718 1519.281 1655.156 1678.562 1685.062 1770.937 1847.781 1905.656 1986.437 2020.750 2031.437 2101.187 2138.250 2210.312 2279.281 2281.375 2314.906 2334.843 2362.156 2370.156 2389.218 2398.218 2409.093 2428.718 
22.843 61.750 74.343 78.875 87.343 95.062 103.500 194.437 200.000 204.593 226.750 348.750 361.875 362.625 450.281 469.468 492.562 503.625 625.250 760.500 781.843 843.906 848.375 871.000 923.687 1109.875 1136.218 1149.031 1395.375 1397.593 1408.437 1449.031 1477.718 1498.250 1663.343 1705.187 1753.218 1766.156 2004.125 2074.406 2103.406 2195.875 2210.937 2213.000 2224.718 2353.718 2373.406 
-1962.157 -821.969 -570.719 22.031 24.250 74.625 83.750 84.906 202.250 230.875 321.906 328.468 351.968 357.968 362.843 480.312 493.687 655.062 661.968 684.656 753.000 767.187 839.125 865.187 867.375 871.875 878.593 884.125 911.500 938.312 1007.062 1011.781 1013.531 1015.468 1104.562 1112.687 1138.312 1191.156 1224.875 1241.312 1274.562 1286.031 1381.187 1394.875 1414.156 1458.437 1494.406 1655.843 1671.437 1691.781 1706.531 1821.625 1845.531 1921.812 1941.437 1980.593 1994.000 2002.156 2102.343 2193.781 2228.718 2280.125 2287.562 2297.500 2385.687 
-235.813 74.000 86.437 93.468 202.687 206.375 209.781 210.843 211.062 224.531 365.125 367.062 471.156 482.625 495.843 655.625 757.031 761.843 764.312 780.656 895.781 924.312 926.906 936.625 960.062 1028.906 1046.468 1062.656 1126.562 1167.562 1194.000 1219.062 1309.125 1311.625 1313.437 1369.281 1448.843 1653.000 1705.375 1904.593 1921.812 1992.875 1998.125 2005.687 2072.625 2084.656 2113.906 2134.437 2135.875 2195.906 2315.500 2333.656 2352.468 
34.125 39.812 56.343 95.281 167.531 184.156 220.468 343.218 762.187 765.468 776.625 785.937 831.406 942.687 1014.906 1032.156 1044.500 1059.468 1109.906 1115.031 1163.656 1278.093 1281.750 1287.375 1372.156 1376.718 1415.437 1442.937 1455.406 1489.000 1654.843 1662.750 1670.687 1759.656 1806.250 1831.937 1903.031 2000.343 2005.750 2035.531 2047.750 2133.718 2185.656 2198.187 2205.718 2277.250 2282.187 2301.312 2306.437 2364.718 2380.718 
56.093 175.875 206.968 216.375 255.031 339.937 344.406 345.937 353.718 361.656 364.093 369.250 449.750 468.593 471.406 614.781 629.281 652.593 766.375 775.906 832.718 870.812 872.468 877.375 952.125 1011.437 1144.750 1195.968 1230.687 1283.750 1291.375 1382.906 1388.656 1396.375 1421.250 1461.281 1466.812 1481.656 1636.906 1652.750 1703.718 1747.500 1754.187 1757.656 1781.656 1833.406 1837.656 1927.406 2003.937 2010.687 2097.562 2111.156 2124.625 2191.875 2195.062 2203.656 2282.125 2334.375 2344.906 2351.156 2405.500 2430.875 
37.093 95.812 232.062 243.187 331.093 335.250 336.812 364.562 444.656 501.468 602.531 614.312 621.781 627.406 629.812 642.750 769.093 777.781 779.281 841.937 855.750 934.718 950.500 954.968 1029.125 1060.687 1080.156 1101.750 1117.531 1128.531 1201.031 1226.093 1275.468 1276.812 1282.593 1386.343 1395.437 1455.218 1527.250 1699.437 1700.562 1760.218 1933.843 1938.343 1950.343 2000.906 2017.656 2034.093 2084.625 2122.375 2139.500 2184.406 2297.656 2300.625 2374.843 2393.562 2415.437 
