-559.000 16.937 256.468 321.500 737.718 739.687 948.875 1021.062 1264.250 1368.781 1370.468 1466.937 1476.781 1533.343 1667.875 1723.625 1830.281 1852.375 1894.718 1952.218 2068.906 2137.656 2171.281 2253.250 2292.062 3827.000 
-1878.282 19.062 69.656 311.968 315.343 373.406 444.343 515.156 550.718 751.812 767.250 771.843 840.562 868.562 996.437 1027.406 1076.781 1086.093 1127.187 1128.843 1131.000 1160.843 1161.468 1186.093 1372.812 1456.843 1491.343 1518.468 1634.656 1649.375 1656.218 1756.250 1764.406 1806.750 1989.875 2153.937 2182.531 2183.593 2251.968 2257.343 2267.781 2461.812 
-1735.000 134.968 303.687 310.187 383.687 543.125 550.218 558.156 660.937 746.000 783.593 913.937 959.250 995.062 1090.906 1121.500 1126.875 1139.562 1144.812 1194.750 1367.968 1375.593 1457.812 1508.625 1509.562 1520.437 1521.468 1643.656 1652.875 1716.312 1838.156 1999.156 2029.562 2092.437 2113.156 2118.812 2368.187 2453.750 2842.750 3382.625 
-489.875 -480.844 64.968 82.843 93.125 125.375 299.750 308.937 347.062 409.906 463.843 522.312 656.593 664.187 667.875 670.000 671.593 679.000 749.375 769.093 833.687 835.156 933.875 1005.500 1068.218 1121.718 1297.375 1313.250 1362.031 1398.187 1467.062 1513.531 1520.843 1531.843 1654.000 1724.343 1808.281 1813.218 1830.937 1840.250 1850.468 1932.343 1980.156 1982.343 1996.593 2103.531 2106.375 2120.562 2195.500 2251.125 2446.343 2508.937 
-1044.032 18.968 40.281 85.906 126.125 137.593 199.250 213.437 255.937 307.906 335.718 370.937 444.718 522.031 669.906 746.812 776.312 835.218 836.593 853.437 1029.281 1041.406 1092.843 1130.625 1135.062 1192.750 1256.781 1311.718 1362.531 1377.312 1379.156 1380.875 1399.125 1407.531 1445.312 1446.125 1455.781 1506.062 1652.531 1654.750 1716.843 1722.093 1725.375 1749.531 1763.375 1803.500 1839.218 1942.000 1975.656 1978.937 1981.687 1989.218 2058.281 2104.875 2108.031 2175.531 2246.031 2273.531 2383.718 2409.250 2424.937 2438.562 2517.093 
65.156 194.187 318.156 319.718 322.218 342.531 445.093 481.593 539.000 632.218 655.375 660.625 674.156 681.500 758.218 835.062 835.875 849.468 931.531 935.031 964.593 1015.125 1057.437 1076.718 1092.093 1126.406 1143.312 1145.156 1181.468 1258.312 1260.875 1363.031 1370.218 1377.281 1459.406 1464.562 1527.500 1658.968 1715.250 1721.062 1815.312 1835.625 1840.968 1931.437 1949.437 1982.062 2000.906 2024.062 2109.406 2147.656 2158.093 2253.843 2385.843 2397.968 2431.062 2502.343 
86.500 87.156 197.250 205.062 303.875 378.718 438.093 438.750 444.593 451.593 666.750 670.343 681.125 730.937 744.406 764.843 820.125 826.187 850.875 871.500 1002.406 1011.281 1018.656 1020.062 1112.156 1120.625 1131.843 1141.812 1147.406 1257.375 1286.906 1293.750 1365.125 1367.500 1369.375 1401.312 1437.656 1623.656 1646.062 1653.625 1820.843 1993.406 2000.437 2026.437 2061.375 2103.218 2120.687 2137.000 2160.875 2186.718 2255.281 2398.687 2407.250 2443.375 2510.812 
-463.125 16.218 137.781 178.593 182.375 215.750 272.312 311.437 318.375 431.312 439.062 448.406 520.843 546.937 548.125 567.437 658.531 670.062 687.000 739.000 748.625 826.593 861.812 933.031 954.625 957.656 986.468 1004.750 1016.125 1087.375 1099.468 1179.406 1191.500 1261.218 1331.312 1362.093 1405.250 1444.312 1458.156 1521.906 1720.843 1726.125 1738.250 1945.000 2003.562 2020.718 2038.250 2123.687 2131.531 2170.437 2270.406 2364.437 2386.437 2408.343 2420.843 2515.312 2527.562 
71.812 179.531 255.625 317.781 331.250 428.781 438.625 440.531 547.218 624.218 657.468 676.625 678.250 779.718 835.218 842.593 854.250 938.531 994.593 1012.125 1024.281 1043.000 1070.906 1094.625 1130.250 1147.781 1151.156 1167.125 1171.562 1185.718 1323.812 1359.843 1366.000 1407.531 1411.718 1428.093 1450.000 1512.125 1517.687 1653.437 1721.718 1753.031 1834.718 1914.687 1932.625 1992.531 2001.468 2023.468 2094.687 2102.656 2161.968 2177.656 2182.781 2249.718 2283.531 2362.093 2394.218 2423.250 2503.875 2513.843 
16.031 31.968 61.156 79.093 121.562 145.437 314.906 437.093 470.937 544.843 548.625 728.125 736.781 745.375 748.718 815.093 828.500 915.875 932.875 1087.343 1091.312 1172.062 1187.968 1194.718 1298.406 1377.437 1381.750 1398.312 1456.937 1506.031 1509.906 1648.625 1670.437 1735.812 1823.218 1999.281 2105.781 2114.218 2174.125 2187.312 2297.437 2373.312 2386.468 2394.031 2410.250 2420.000 2434.343 
71.000 72.843 74.093 83.000 183.406 187.937 305.875 379.031 430.406 438.875 453.625 558.875 579.250 582.468 662.250 663.687 679.187 728.781 749.937 779.000 793.750 826.156 878.562 949.500 1025.125 1039.687 1073.250 1077.906 1086.593 1119.593 1145.125 1311.531 1362.875 1400.250 1536.000 1639.937 1715.906 1747.406 1806.281 2128.968 2274.406 2284.968 2368.531 2401.937 2423.406 2432.562 2544.187 
30.437 64.156 91.343 329.781 338.750 376.593 439.156 655.781 668.937 747.000 822.937 850.187 855.750 880.687 922.843 1072.187 1078.437 1121.562 1164.937 1262.531 1266.906 1271.062 1305.968 1362.468 1380.781 1393.937 1412.875 1510.187 1521.625 1533.406 1655.468 1706.343 1733.593 1756.468 1798.156 1863.750 1898.781 2006.843 2094.343 2095.937 2108.500 2176.875 2396.187 2517.281 2521.750 
154.437 309.937 335.312 431.875 571.187 574.531 575.718 661.906 668.812 688.000 740.156 742.875 782.718 858.937 947.000 1004.781 1010.718 1013.187 1080.343 1093.281 1124.031 1132.656 1189.250 1257.593 1267.125 1269.343 1374.687 1378.187 1400.312 1406.437 1453.093 1456.906 1459.000 1517.875 1524.687 1629.687 1634.843 1639.250 1655.937 1663.843 1713.750 1806.156 1807.031 1853.281 1854.375 1947.500 1979.000 2030.750 2058.375 2104.062 2108.531 2113.125 2132.187 2254.406 2281.375 2362.781 2370.468 2385.750 2390.906 2419.156 2530.625 
16.531 19.250 28.625 57.375 139.343 190.218 195.625 202.750 212.406 319.343 335.875 371.812 376.281 439.906 505.250 560.343 573.812 746.062 760.406 772.125 823.843 860.812 1041.781 1069.218 1269.406 1296.187 1298.812 1310.218 1343.625 1376.593 1381.750 1401.875 1404.750 1408.093 1461.125 1506.093 1634.656 1743.531 2031.156 2043.218 2134.843 2171.937 2181.531 2359.531 2362.437 2514.906 
