99.593 224.687 482.281 555.562 562.531 766.687 784.375 917.718 1210.656 1631.500 1853.000 2238.937 
75.843 337.312 487.437 510.906 569.250 587.718 676.125 756.906 899.312 920.125 1336.687 1430.812 1515.875 1575.593 1597.343 1632.156 1804.812 1854.406 1973.843 1997.000 2168.906 2187.218 
74.375 367.093 471.062 508.218 530.000 567.500 586.187 713.218 759.500 867.843 873.687 894.375 918.000 1067.000 1576.250 1609.812 1843.781 1849.625 1855.156 1880.031 
75.000 95.000 100.281 202.093 244.250 430.468 474.843 502.718 514.625 519.656 527.843 540.531 558.843 714.781 751.437 865.750 884.781 891.843 897.500 1070.312 1420.812 1548.656 1569.750 1618.593 1660.812 1836.875 1848.093 1957.562 1986.562 1994.218 2166.000 2489.281 
74.625 77.281 200.125 222.843 319.000 351.812 472.437 488.062 528.718 556.750 591.093 676.812 684.562 717.656 751.937 774.250 872.625 894.187 908.218 1346.250 1432.593 1559.343 1571.968 1574.937 1606.343 1658.531 1849.593 1868.781 1964.906 1991.156 1991.468 1998.593 2022.875 2162.156 2189.468 
74.281 100.218 110.437 111.750 126.312 194.781 243.656 340.906 469.875 481.593 488.531 512.812 556.031 576.031 587.500 685.312 734.218 767.281 787.562 866.750 889.750 933.968 1516.593 1564.406 1595.187 1602.343 1627.250 1811.937 1842.937 1851.875 1956.500 1992.437 2002.562 2021.187 2169.375 2478.750 
54.312 76.625 89.312 90.500 223.250 233.187 412.156 472.062 486.718 511.406 522.406 561.687 676.750 676.968 717.718 736.656 751.906 776.406 862.906 881.687 890.093 910.062 918.687 925.281 935.781 1083.406 1344.343 1347.812 1548.312 1573.125 1592.843 1606.625 1661.625 1661.843 1845.187 1852.312 1857.781 1879.656 1959.687 1992.687 1998.125 2010.937 2062.031 2062.812 2172.250 
74.500 215.562 330.625 413.093 477.468 491.406 512.000 560.125 588.781 687.875 765.812 892.500 980.812 1078.406 1078.593 1344.406 1431.000 1514.593 1543.687 1567.812 1581.156 1595.531 1602.781 1612.968 1835.875 1849.437 1859.968 1886.781 1957.406 2029.156 2161.781 2477.562 
74.125 91.187 352.468 506.906 507.093 537.375 543.468 556.125 746.437 754.000 762.312 784.625 886.593 896.500 917.250 920.281 1065.968 1217.375 1339.187 1432.031 1437.718 1577.562 1592.437 1605.593 1634.062 1655.000 1835.468 1847.843 1855.625 1863.531 1961.062 1975.687 2002.593 2017.250 2027.718 2164.187 2475.781 
66.187 102.406 111.625 191.937 219.687 244.718 315.218 467.531 480.843 489.062 715.562 749.656 758.218 764.187 890.437 902.031 963.875 982.500 1083.437 1187.218 1347.375 1429.593 1547.875 1608.625 1632.187 1654.812 1660.156 1695.812 1838.593 1844.625 1850.562 1866.843 1954.812 1957.593 1960.687 1992.812 1998.437 2004.718 2025.031 2079.406 
