10.156 49.187 72.218 72.625 77.062 92.437 110.593 118.031 152.531 307.437 392.312 465.312 553.468 678.218 987.781 1335.093 1419.531 1735.187 1829.156 1900.406 1969.000 
10.187 11.062 15.687 68.906 74.468 75.093 77.468 92.406 328.937 454.437 482.156 553.843 1016.593 1169.750 1529.875 1658.437 1828.843 1898.187 1986.531 
10.031 73.031 111.531 189.781 217.062 242.687 307.875 379.531 658.625 1237.437 1335.093 1366.500 1441.250 1829.656 1953.406 1968.437 2603.406 2769.437 
10.375 73.437 73.843 74.281 77.875 106.625 328.468 794.593 1122.968 1153.687 1169.875 1463.093 1696.250 1829.343 1872.812 2340.125 
15.000 36.906 72.843 73.250 73.656 74.031 108.156 216.750 234.406 348.187 430.750 451.031 465.562 481.687 514.906 569.375 668.062 1056.781 1153.218 1216.968 1281.437 1362.031 1619.250 1651.281 1753.531 1870.906 1885.531 
10.406 17.687 52.500 72.843 73.468 74.656 106.906 119.593 162.875 292.656 331.500 438.750 454.718 482.218 553.875 637.781 811.218 958.187 1017.093 1151.812 1195.125 1363.968 1463.406 1618.906 1650.531 1657.781 1827.937 1898.656 1916.718 1968.031 3214.656 3379.500 
10.437 36.062 72.656 74.250 177.781 290.812 308.343 349.437 383.312 452.093 464.187 480.343 553.718 638.718 959.656 1017.031 1058.718 1152.718 1171.250 1217.437 1440.687 1650.406 1870.343 1968.093 2483.156 
50.843 68.187 72.031 73.250 74.281 74.468 106.937 116.000 128.093 289.781 310.406 378.406 379.468 394.343 454.343 482.437 514.375 554.156 571.625 902.968 961.312 1017.468 1153.562 1218.281 1237.406 1307.531 1335.843 1530.781 1651.406 1828.500 1869.437 2938.718 
10.656 73.250 79.031 106.281 114.156 126.625 166.562 243.531 294.031 330.406 349.906 466.468 570.156 789.312 922.687 1016.718 1152.625 1463.281 1530.000 1649.156 
10.406 12.250 49.343 73.875 78.218 106.187 107.062 162.281 176.500 291.968 308.625 330.437 378.500 465.718 513.281 643.968 677.062 810.000 958.875 1024.687 1154.031 1319.156 1335.875 1651.093 1900.031 2933.500 3462.875 
