121.781 277.437 335.281 401.218 411.906 484.125 595.406 757.906 778.250 867.343 976.531 998.406 1077.750 1103.312 1113.312 1121.718 1401.562 1404.406 1452.156 1584.593 1710.593 1913.875 1938.281 2035.437 2233.781 2594.156 
24.562 134.187 226.593 284.343 377.312 663.468 683.062 695.062 749.718 790.593 846.531 877.031 893.937 938.718 975.687 1251.375 1403.437 1594.562 1615.531 1816.593 1899.687 1904.531 1922.687 2001.281 2017.281 2111.500 2237.781 2242.218 2679.906 3793.125 
141.406 210.218 269.625 453.125 454.906 473.750 478.593 577.125 778.968 1085.437 1104.656 1105.375 1130.781 1148.500 1362.843 1364.062 1405.281 1574.218 1585.125 1910.906 1941.750 2028.843 2121.781 2255.031 2265.375 
53.687 143.875 213.093 286.625 297.875 376.906 454.031 480.500 492.031 576.093 658.437 768.812 769.343 781.687 892.500 935.687 1135.875 1238.687 1245.000 1369.000 1599.031 1709.531 1810.375 2017.343 2257.218 2285.656 2589.750 
27.937 70.375 224.593 585.906 594.656 663.843 668.093 761.093 793.531 862.843 893.187 914.468 936.531 964.281 983.062 991.062 1268.843 1341.562 1403.437 1457.906 1464.656 1573.593 1587.781 1717.281 1796.500 1799.125 1898.812 1908.875 2010.156 2023.625 2085.468 2107.968 2119.437 2252.468 2265.000 2594.562 
66.312 220.281 755.218 796.906 975.812 996.875 1368.000 1417.312 1807.593 1899.250 2017.593 2063.187 2255.593 2271.125 
49.531 232.843 335.218 382.281 478.843 688.468 890.125 937.750 997.968 1114.687 1121.656 1123.187 1366.562 1821.343 1914.250 2017.218 2035.656 2076.750 2244.343 2486.625 2751.406 
50.968 136.937 138.406 150.562 154.656 221.375 497.218 605.281 671.937 785.031 882.187 990.625 1243.625 1269.406 1281.000 1440.718 1586.750 1733.968 2000.218 2015.093 2021.312 2083.000 2118.875 2256.437 
436.312 491.281 575.718 664.750 676.968 693.312 781.625 804.125 878.468 939.156 1109.062 1584.468 1649.218 1789.750 1899.468 1922.062 1935.093 2013.312 2022.593 2034.343 2110.281 2283.406 2882.406 
57.156 212.343 372.687 456.968 591.750 666.812 678.562 680.437 764.281 776.125 878.062 1096.656 1364.343 1384.125 1404.343 1707.468 1799.968 1914.843 1919.906 2050.281 2270.406 3547.156 3547.468 3821.250 
