35.687 148.500 360.531 367.843 370.218 377.281 469.156 507.406 508.750 563.500 596.625 607.468 633.531 661.031 666.750 677.187 816.093 1092.000 1194.500 1218.750 1270.093 1305.125 1369.781 3149.156 
22.250 189.062 294.656 294.875 350.812 458.656 550.781 862.500 998.812 1011.531 1022.562 1090.906 1156.750 1269.656 1285.125 1320.593 1483.187 
80.031 143.281 280.531 316.031 446.406 462.562 473.562 507.125 592.250 632.343 644.281 1089.500 1221.531 1278.187 1316.968 1362.937 1381.593 1386.437 
45.531 332.687 384.031 465.343 584.875 606.218 657.093 671.093 800.781 936.250 1009.750 1093.000 1099.031 1251.250 1301.125 1324.437 1343.687 2945.062 3446.843 
22.625 92.437 93.750 185.187 294.343 307.718 309.781 375.406 476.562 509.312 566.625 614.375 671.125 992.343 1010.093 1104.031 1166.125 1205.531 1272.125 1339.250 1389.750 1433.843 2910.218 3826.750 
23.625 49.000 80.718 109.750 148.093 199.156 276.750 286.875 453.531 500.406 642.218 661.968 693.468 815.406 861.812 1100.937 1333.593 1368.531 1390.531 2334.406 
21.812 24.531 185.093 294.531 367.125 462.812 470.375 565.593 605.781 664.937 1025.062 1106.531 1269.875 1311.625 1332.375 1393.781 1455.250 
85.000 112.843 497.156 522.750 596.031 639.062 643.031 659.000 1093.875 1141.125 1228.156 1314.406 2653.687 
146.406 254.125 287.531 385.562 529.281 627.812 866.437 1214.781 1248.750 1307.656 1311.437 1316.500 1320.343 
48.937 302.125 307.843 317.531 384.437 552.937 624.156 640.125 1013.468 1088.875 1183.656 1191.031 1205.156 1212.906 1286.031 1309.156 1320.781 1334.937 1388.375 3996.718 
