16.093 56.937 148.187 159.031 164.781 174.343 226.656 237.875 274.812 293.125 305.593 307.656 375.843 381.687 389.593 392.937 399.437 400.937 666.375 726.187 746.718 802.562 812.468 965.031 1102.125 1103.156 1106.875 1107.906 1114.156 1115.312 1119.562 1121.656 1123.781 1125.875 1232.343 1243.843 1464.656 1553.187 1555.062 1556.156 1559.406 1563.500 1564.687 1565.375 1570.281 1580.593 1653.093 1657.531 1660.875 1668.031 1668.968 1670.000 1672.156 1676.593 1735.250 1839.093 1911.875 1918.031 1920.125 1920.875 1923.312 1930.937 2906.531 3934.593 
215.187 225.250 229.812 318.062 379.593 381.437 381.812 671.500 728.937 731.437 1103.625 1117.531 1121.500 1125.718 1130.218 1278.468 1387.593 1424.218 1538.437 1554.031 1555.750 1581.937 1660.468 1662.375 1663.281 1667.718 1668.562 1679.125 1882.156 1908.250 1911.125 1915.437 1915.781 1916.187 1922.031 1922.718 1923.937 1928.156 1940.093 2534.843 2795.000 3761.281 
137.000 169.468 171.562 218.906 219.343 236.937 305.406 381.250 388.875 667.968 727.406 728.718 804.125 963.093 963.781 966.031 971.406 1108.218 1112.500 1113.187 1123.468 1226.406 1279.375 1405.625 1423.937 1426.562 1555.281 1556.343 1565.000 1573.218 1573.687 1658.437 1660.625 1668.031 1671.500 1674.500 1676.343 1676.875 1678.250 1685.000 1909.593 1911.937 1913.375 1920.937 1921.343 1921.843 1930.187 1931.812 1934.906 2620.937 2833.000 3103.562 
8.343 59.031 67.531 72.093 151.437 162.031 217.937 258.375 299.312 307.875 377.812 405.968 469.687 586.531 668.062 715.906 727.187 728.687 827.812 829.406 961.531 964.875 966.343 1015.312 1100.218 1102.187 1104.437 1105.093 1108.093 1109.781 1113.968 1114.625 1120.343 1129.406 1131.906 1149.218 1424.843 1425.843 1657.437 1660.687 1664.531 1667.968 1668.312 1669.562 1670.937 1681.781 1903.687 1907.875 1910.937 1911.968 1913.625 1915.812 1916.343 1920.750 1925.625 1930.250 1931.625 2387.468 
180.906 181.843 198.218 217.156 374.718 381.656 383.687 391.343 803.968 963.250 1042.187 1103.343 1114.062 1114.812 1121.968 1566.562 1568.937 1570.125 1660.968 1662.656 1674.531 1902.968 1921.718 1928.656 1931.500 2045.156 
65.843 150.437 180.281 210.562 218.000 218.687 219.812 271.062 278.843 375.968 379.250 383.656 401.562 604.968 659.500 723.093 724.531 727.500 811.093 822.125 966.406 1027.468 1104.906 1105.968 1126.218 1128.906 1129.437 1297.000 1405.437 1417.125 1424.718 1425.812 1559.218 1569.125 1571.312 1573.093 1646.875 1662.875 1663.187 1664.218 1668.937 1669.968 1671.937 1822.218 1874.906 1901.218 1911.281 1913.718 1917.531 1927.937 1931.156 1931.687 2601.031 2975.437 
57.468 69.718 173.281 181.750 199.343 219.718 250.031 270.406 308.343 381.781 390.000 719.187 720.062 721.812 816.281 968.718 1004.156 1102.875 1114.062 1117.843 1119.875 1122.031 1124.375 1376.031 1400.000 1400.750 1403.312 1423.375 1425.843 1441.875 1554.312 1568.531 1668.031 1668.531 1669.500 1669.906 1676.125 1677.250 1771.687 1912.500 1921.125 1929.812 2402.437 2584.718 3554.375 3678.375 
153.531 166.500 179.125 214.468 261.125 324.000 381.437 401.468 403.187 805.812 817.187 968.906 971.187 1087.687 1095.062 1104.562 1105.656 1107.781 1112.187 1114.343 1124.062 1125.937 1418.906 1557.125 1566.062 1567.031 1569.250 1646.875 1660.093 1661.000 1662.531 1667.750 1669.156 1669.656 1674.500 1677.093 1687.531 1912.156 1921.968 1927.500 1999.468 3154.125 3211.468 3804.531 
58.875 67.468 166.937 168.468 197.031 226.625 229.687 316.843 317.812 375.187 384.031 388.750 479.750 581.406 653.562 738.781 807.406 812.625 821.937 963.687 998.562 1103.593 1114.343 1121.250 1145.750 1249.093 1381.531 1403.062 1403.562 1553.656 1570.625 1575.312 1652.375 1655.000 1662.781 1663.718 1669.875 1918.281 1921.406 1921.875 1925.343 1927.937 1931.093 1933.437 2123.312 2171.781 2322.500 2326.437 3328.375 3889.812 3984.687 
49.218 103.781 135.343 146.375 150.343 179.125 218.125 220.062 225.343 229.093 261.031 376.687 814.375 817.718 820.500 938.781 965.031 966.781 972.062 1014.093 1104.687 1111.281 1124.281 1126.000 1129.406 1406.312 1418.593 1424.187 1545.218 1556.843 1558.781 1567.218 1568.562 1572.000 1655.375 1655.937 1665.187 1667.593 1668.343 1679.187 1682.937 1910.843 1912.218 1913.500 1916.093 1917.625 1921.093 1922.125 1922.625 1931.781 2885.375 2895.312 3263.812 3588.875 
