86.218 102.031 119.125 161.031 191.312 206.500 285.718 348.750 384.312 385.187 387.937 391.250 405.343 409.906 433.812 458.687 459.906 468.156 479.031 479.468 480.937 654.187 674.687 715.031 718.750 722.968 725.593 731.187 780.843 790.906 823.187 829.093 832.750 849.937 930.468 940.812 1129.375 1146.937 1172.625 1212.750 1216.031 1218.906 1221.718 1228.000 1239.312 1242.875 1246.968 1256.062 1279.468 1443.031 1593.031 1638.750 1678.593 1683.812 1785.156 1792.468 1913.968 1922.593 1936.906 2240.500 2798.718 3320.406 3509.937 
69.031 87.906 99.093 105.375 125.937 137.125 206.125 206.531 287.125 292.531 311.656 312.781 389.812 405.781 407.812 430.812 431.156 434.812 446.031 475.218 547.906 674.656 705.687 725.750 824.531 833.062 839.812 1074.156 1142.593 1144.062 1164.500 1172.843 1211.031 1222.031 1230.718 1240.062 1255.906 1442.062 1445.000 1566.906 1567.875 1620.156 1935.968 3267.093 3935.562 
60.875 99.781 161.093 199.218 208.031 282.937 285.968 299.625 389.781 405.750 430.718 432.187 433.875 461.625 479.593 510.968 674.125 674.843 701.375 706.125 726.281 727.937 837.125 843.156 844.593 947.375 953.281 1146.656 1148.531 1169.500 1222.843 1229.718 1230.531 1239.875 1242.843 1254.593 1446.843 1448.593 1449.843 1453.531 1783.031 1911.468 1936.562 
100.343 105.250 134.031 160.093 166.531 199.593 206.500 208.406 277.250 285.187 290.500 383.593 403.406 430.531 461.812 467.437 472.312 477.218 478.843 479.562 705.437 707.343 745.312 849.625 941.062 944.125 948.000 1050.406 1143.531 1145.218 1146.937 1147.750 1151.906 1205.812 1211.812 1217.218 1221.000 1229.593 1230.968 1233.875 1254.062 1443.281 1555.812 1565.781 1661.562 1786.250 1909.218 1930.250 1936.562 2569.000 2617.437 3107.031 3515.625 
85.343 104.250 108.375 165.875 207.625 208.656 282.531 285.343 305.125 382.062 401.843 403.093 403.781 406.125 429.250 431.062 435.812 459.812 726.031 735.468 746.812 948.125 1140.093 1144.968 1147.718 1162.156 1174.000 1214.375 1214.875 1216.843 1222.218 1234.218 1239.406 1243.218 1251.875 1442.468 1442.937 1443.562 1444.593 1445.343 1447.531 1448.875 1476.093 1556.750 1566.937 1785.750 1954.156 2961.625 3595.500 
84.718 85.937 97.437 104.062 206.500 207.343 208.718 287.000 292.687 389.062 405.250 428.468 460.312 461.625 465.093 478.562 479.906 550.718 660.281 674.593 675.906 676.625 702.250 718.906 727.875 737.593 826.687 834.093 1064.437 1123.593 1128.187 1140.062 1142.687 1146.531 1167.562 1175.687 1214.062 1215.906 1217.312 1219.062 1220.687 1230.562 1231.437 1258.812 1424.875 1441.843 1443.593 1444.875 1447.031 1448.968 1559.843 1565.312 1635.343 1636.250 1640.656 1683.906 1783.281 1783.750 1923.062 1930.312 1936.156 2635.156 2962.343 3168.843 3679.125 
81.593 86.937 97.218 108.343 205.718 207.062 209.531 288.156 296.593 388.062 405.250 407.437 431.093 433.875 461.843 463.468 466.312 479.875 481.187 712.562 723.437 725.593 726.875 729.156 819.125 826.250 833.468 837.468 845.437 945.156 948.750 1122.625 1144.312 1172.531 1173.437 1175.031 1213.750 1217.250 1221.218 1224.531 1230.281 1230.968 1235.750 1241.312 1245.531 1304.625 1433.218 1443.312 1449.750 1639.312 1926.000 1934.656 3670.343 3891.062 
101.125 286.000 303.156 393.375 396.375 404.125 407.812 432.562 434.437 436.625 456.468 461.875 476.812 674.406 675.062 706.968 723.000 731.468 823.812 838.468 851.437 943.125 1146.156 1155.281 1166.562 1211.000 1217.531 1218.500 1219.718 1221.875 1236.187 1242.062 1244.312 1254.687 1445.718 1553.687 1557.218 1565.843 1684.250 1784.843 1794.562 1937.656 1956.187 2938.593 3255.000 3739.781 
66.062 80.937 83.750 85.406 86.593 94.187 108.156 155.781 161.093 207.687 282.843 285.781 296.625 301.812 384.656 387.656 392.031 404.656 406.437 431.500 432.218 432.875 433.093 462.343 475.656 479.875 662.531 676.156 704.593 706.218 833.187 838.687 842.281 939.625 943.000 946.500 1054.843 1125.468 1126.468 1146.812 1175.281 1216.843 1218.937 1231.437 1240.218 1447.125 1563.125 1564.000 1592.625 1639.562 1659.375 1928.531 1937.500 2673.687 
72.000 84.843 101.562 104.750 105.781 161.906 206.312 206.562 210.281 284.500 285.687 287.781 297.281 384.750 388.218 389.843 391.968 400.437 431.062 435.093 435.281 459.375 461.625 463.562 473.468 477.468 479.750 482.906 554.218 649.437 674.750 676.968 703.843 705.281 734.968 739.437 745.312 833.250 1127.906 1144.375 1144.656 1149.781 1151.875 1165.031 1168.250 1211.125 1212.687 1216.250 1220.406 1229.562 1234.406 1240.000 1254.875 1443.312 1445.406 1449.125 1783.593 1785.656 1786.031 1930.687 1953.312 2383.781 2864.281 
