-1532.844 -1459.032 -1325.907 -1248.000 -1120.938 -925.750 -575.563 -478.438 -468.532 -202.219 -88.375 -0.250 37.406 64.906 74.468 204.343 296.781 300.843 424.875 557.687 580.062 596.750 671.562 685.593 700.468 707.125 777.375 867.031 872.875 874.562 929.812 1011.687 1084.187 1103.500 1108.000 1133.968 1142.937 1143.906 1187.062 1283.437 1419.375 1439.250 1446.937 1451.156 1541.937 1704.562 1717.437 1780.468 1817.562 1845.625 1850.968 1857.500 2425.531 2541.031 2543.125 3039.187 3173.531 3425.562 3669.968 3958.843 
-1693.782 -1683.563 -1193.125 -1177.907 -263.719 9.875 61.062 63.718 309.562 316.000 411.906 418.531 421.656 576.625 584.312 608.875 680.875 682.312 685.906 699.593 962.125 1103.375 1111.968 1122.843 1138.937 1183.312 1192.125 1298.687 1420.687 1439.468 1463.625 1512.156 1538.937 1562.218 1591.437 1608.812 1613.812 1679.187 1695.687 1729.000 1772.437 1809.593 1821.875 1823.625 1835.562 3077.156 3647.250 
-1564.032 -1513.657 -1453.313 -1391.063 -1341.875 -1325.782 -1086.125 -950.719 -870.563 -215.438 -208.688 30.031 408.062 431.937 447.093 574.437 667.562 698.937 869.375 875.312 1201.218 1225.125 1226.718 1248.843 1277.687 1419.687 1430.687 1451.906 1529.562 1556.750 1562.906 1579.375 1678.937 1716.343 1766.468 1817.812 1822.250 1871.718 1887.625 2872.000 2911.125 2914.750 3314.468 3339.312 3379.125 
-1904.438 -1887.469 -1697.375 -1670.563 -1249.157 -1067.125 -1065.625 -1043.375 -775.094 -423.000 -225.125 -115.938 26.218 87.187 253.312 285.843 415.687 434.500 442.187 562.781 581.437 663.437 683.562 696.718 775.281 786.343 864.968 870.468 896.718 917.125 932.312 946.593 947.781 954.750 960.875 964.125 985.781 991.000 1022.937 1089.062 1106.968 1120.062 1132.437 1157.312 1193.218 1222.343 1247.812 1258.218 1427.125 1439.937 1450.031 1524.781 1536.593 1593.812 1680.875 1691.250 1705.937 1706.656 1740.156 1762.406 1817.937 1884.312 2586.781 2591.000 2735.031 2762.031 2889.343 3282.937 3323.375 3407.406 3565.437 3595.468 3611.093 3652.875 
-1665.313 -718.969 -221.500 -211.250 -179.563 39.281 43.250 56.375 179.906 296.500 393.937 416.437 680.218 698.656 709.125 710.593 744.218 805.562 832.406 863.031 889.937 909.968 922.875 938.156 979.437 994.531 1010.312 1016.718 1099.718 1115.625 1120.593 1161.500 1178.250 1193.750 1215.406 1232.218 1276.343 1427.406 1435.125 1529.750 1547.343 1561.562 1589.562 1701.500 1727.750 1786.312 1821.187 1830.968 1848.125 2318.812 2370.281 2597.468 2623.968 2745.937 2835.062 3007.843 3022.218 3486.593 3496.062 3504.500 3506.937 3685.500 3758.281 3910.031 3942.062 
-1854.438 -1517.657 -1503.094 -1303.782 -1299.375 -1245.000 -1192.313 -1160.219 -1058.907 -1035.844 -1021.375 -261.813 -210.625 38.937 95.687 413.500 417.250 566.156 571.437 657.156 691.968 698.000 708.093 792.187 863.625 882.125 886.718 902.093 913.687 918.406 925.968 939.562 978.156 1014.781 1121.156 1132.750 1162.937 1184.468 1225.843 1234.937 1419.468 1444.281 1451.093 1457.562 1522.687 1529.437 1559.093 1574.312 1614.687 1680.468 1689.312 1706.281 1729.468 1782.562 1788.812 1807.000 1823.531 1848.625 1875.468 1947.468 2229.156 2234.593 2263.437 2864.406 3204.875 3222.875 3352.281 3390.031 3672.468 3878.968 3892.593 3902.593 3971.437 
-1652.594 -1584.719 -1581.000 -945.969 -913.125 -896.063 -883.219 -871.094 -364.438 -326.469 -276.250 0.937 3.031 35.718 69.875 295.250 296.156 396.687 422.406 569.000 586.718 590.687 658.750 681.500 696.125 703.156 722.781 863.156 870.750 875.218 880.156 884.000 886.281 907.093 925.406 935.875 940.656 955.093 974.500 1001.437 1004.125 1029.281 1087.062 1141.781 1154.343 1157.656 1218.375 1226.687 1230.062 1263.750 1280.437 1432.843 1444.968 1454.562 1529.593 1541.468 1551.500 1564.562 1588.125 1591.812 1682.687 1698.312 1722.062 1727.656 1732.343 1755.156 1785.812 1801.281 1851.062 1863.375 1885.187 2339.093 2343.906 2388.468 2699.968 2935.218 3028.062 3298.218 3305.125 3788.000 3835.093 3869.218 
-1859.125 -1791.188 -1515.657 -1090.719 -873.938 -416.219 -290.875 -198.407 -156.469 -128.219 38.562 53.656 83.375 330.281 336.187 412.437 429.843 431.437 449.468 576.750 584.062 662.031 675.468 681.500 682.781 696.218 705.687 719.687 785.875 866.125 879.625 889.125 904.656 920.156 926.906 966.468 982.812 1017.718 1089.218 1120.875 1157.375 1178.375 1192.093 1207.687 1225.312 1267.968 1280.093 1425.281 1438.312 1455.218 1475.031 1509.031 1544.750 1559.468 1585.781 1599.593 1667.875 1691.937 1692.125 1703.687 1730.062 1782.343 1848.468 2403.156 2581.812 2697.687 3026.750 3679.343 3700.593 3727.375 
-1752.532 -1741.563 -1734.657 -1659.532 -1557.813 -1513.157 -1506.407 -1324.344 -1316.500 -1310.157 -1299.438 -1241.125 -952.719 -771.782 -739.000 -282.438 -193.938 30.750 55.781 264.187 277.375 403.343 428.968 434.218 581.250 687.718 698.250 709.250 711.843 875.312 887.343 891.718 919.125 981.031 1004.687 1142.187 1144.312 1176.812 1210.968 1227.625 1276.875 1421.250 1436.406 1448.250 1518.968 1537.687 1555.687 1592.281 1625.718 1706.406 1729.218 1746.468 1769.281 1773.687 1789.875 1802.718 1825.500 1848.406 1886.250 2794.625 2854.937 3020.750 3346.718 3982.187 
-1897.875 -1781.875 -1621.250 -1084.844 -1001.032 -507.625 -451.813 40.687 50.218 68.906 298.500 413.406 423.875 430.468 579.343 676.500 686.718 697.031 701.125 709.437 731.375 772.531 856.843 881.656 888.031 919.281 953.000 997.375 1076.718 1100.906 1148.312 1163.031 1177.968 1180.062 1191.437 1263.406 1424.812 1442.968 1535.468 1536.562 1547.843 1560.937 1583.625 1599.062 1607.875 1627.406 1689.843 1717.968 1739.406 1748.687 1753.593 1780.812 1789.312 1822.531 1824.875 1856.781 1876.812 2442.312 2738.000 3374.562 
-1856.032 -1018.875 -920.875 -777.625 -669.500 -660.344 -654.094 -525.000 -439.782 -432.219 -427.938 -261.219 -177.782 28.593 35.406 46.000 314.562 419.312 431.875 573.218 686.062 700.468 710.562 735.125 861.343 885.093 899.718 920.750 938.593 952.250 957.500 1005.843 1011.812 1097.125 1118.000 1143.812 1189.156 1206.843 1221.062 1229.812 1239.437 1240.906 1249.531 1264.687 1289.062 1425.250 1440.437 1444.062 1449.968 1451.812 1459.656 1531.750 1553.843 1596.250 1681.968 1688.531 1699.437 1713.375 1739.437 1744.031 1772.625 1819.437 1829.343 2714.437 3037.093 3048.500 3200.000 3402.000 3434.312 
-1885.188 -1751.875 -1256.000 -931.032 -460.782 48.375 69.906 407.468 431.937 573.437 672.750 678.531 693.968 698.906 701.406 705.156 730.593 858.468 862.218 880.500 905.875 917.250 937.781 954.250 973.156 986.406 1004.000 1010.906 1015.187 1016.906 1029.250 1099.000 1115.468 1125.062 1132.031 1138.343 1170.375 1221.906 1234.656 1247.781 1273.875 1431.875 1442.625 1447.843 1451.187 1507.312 1524.500 1526.843 1548.468 1553.843 1587.875 1656.281 1668.781 1693.625 1706.062 1711.687 1727.468 1738.375 1751.281 1817.625 1823.687 1835.343 1848.718 1858.531 2219.531 2453.250 2731.531 3717.437 
-1666.094 -1606.563 -1590.875 -1570.500 -1398.407 -1376.563 -596.969 30.125 37.875 71.656 299.968 312.968 314.531 416.312 577.218 681.906 691.218 697.781 706.531 711.375 713.000 719.125 862.312 877.906 879.000 887.781 902.218 922.281 923.750 948.812 949.781 955.562 964.187 971.281 985.125 1081.468 1082.250 1102.968 1135.343 1164.968 1198.218 1239.375 1257.968 1445.687 1451.687 1456.843 1518.968 1562.187 1577.625 1679.218 1705.593 1719.375 1725.812 1728.750 1738.593 1743.656 1764.218 1778.437 1827.437 1835.968 1848.437 1863.906 1872.812 2835.968 3263.937 3435.937 3718.906 3754.125 3837.812 3863.562 
-1963.907 -1951.375 -1662.969 -746.688 -721.813 -672.875 -271.563 -194.938 32.687 62.031 317.250 411.062 421.000 445.187 586.625 692.250 699.781 719.375 864.593 873.031 879.781 884.062 899.906 930.968 956.625 989.375 1007.125 1012.875 1066.906 1113.250 1124.656 1136.812 1143.343 1166.281 1173.562 1207.281 1213.093 1232.656 1429.031 1437.781 1457.875 1526.531 1555.718 1561.031 1562.343 1574.125 1582.593 1693.125 1702.593 1720.781 1739.531 1754.906 1763.906 1787.343 1811.687 1821.406 1837.781 1862.812 2532.625 3169.281 3353.656 3367.593 3422.062 3496.812 3540.343 3580.843 3622.812 3901.718 
