-1924.688 -1740.282 -1203.094 -852.375 -346.375 -335.750 -232.625 -199.719 -33.000 53.406 277.281 299.375 309.468 317.531 488.312 560.125 582.125 583.781 609.625 731.843 752.906 774.843 837.406 840.093 851.312 931.375 967.656 994.312 1142.906 1164.468 1257.218 1354.156 1361.062 1385.625 1490.125 1526.468 1544.500 1560.125 1592.000 1593.406 1651.000 1658.187 1725.187 2330.062 2351.281 2555.937 2578.156 3125.187 3202.968 3311.031 3347.687 3685.968 
-1959.250 -1694.969 -1531.563 -1258.594 -989.844 -699.657 -110.688 -71.282 181.437 214.406 268.968 273.125 290.156 294.625 295.187 306.062 320.312 346.812 494.218 544.781 556.000 561.312 571.218 581.125 706.343 754.468 763.375 767.250 796.937 827.687 857.468 923.406 953.000 954.843 1011.968 1013.343 1058.500 1127.750 1254.218 1334.781 1351.000 1369.937 1378.187 1387.750 1405.906 1440.906 1542.687 1545.093 1567.312 1635.375 1650.750 1675.500 1692.343 1708.250 1727.750 2372.593 2423.875 2796.468 2799.125 2994.875 3007.375 3135.250 3510.937 3708.937 3715.093 3966.062 
-1772.688 -1741.063 -1686.219 -792.344 -760.313 -393.688 -379.500 -7.907 5.187 270.156 276.156 281.062 291.156 293.687 310.312 541.406 542.312 559.562 568.687 745.656 755.562 770.750 801.531 855.343 935.812 969.375 1040.093 1053.906 1110.750 1174.375 1189.062 1335.781 1384.031 1389.062 1409.250 1419.750 1505.281 1548.093 1731.437 1742.468 2651.093 2680.093 2681.812 2692.875 3075.562 3495.406 3933.656 
-1899.250 -1893.250 -1109.719 -1034.188 -841.219 -678.907 -591.750 -552.750 -510.844 -277.969 -252.688 -228.313 8.906 130.281 227.031 263.718 301.187 547.250 547.812 561.781 643.843 750.187 757.656 772.406 842.156 844.718 859.937 865.625 937.125 947.500 959.281 972.562 977.750 981.000 1032.562 1038.687 1050.593 1066.781 1091.343 1097.281 1124.312 1132.312 1181.343 1354.437 1372.343 1410.562 1414.562 1415.718 1430.718 1527.000 1542.562 1543.906 1614.843 1645.687 1683.718 1688.593 1726.437 1735.531 1753.687 1764.593 2301.281 2358.718 2702.531 2906.500 2923.281 3192.062 3875.500 3904.468 
-1970.375 -1881.719 -1777.313 -1740.750 -1508.844 -1462.407 -1359.938 -1136.000 -1126.594 -1117.344 -1099.594 -1094.000 -1063.157 -712.188 -687.000 -683.157 -646.157 -329.750 -205.938 27.375 52.218 59.500 64.062 185.937 227.343 240.312 272.312 297.218 304.875 308.562 309.250 337.843 414.500 480.593 536.281 559.281 677.750 689.437 731.187 773.031 843.593 857.250 905.937 925.843 952.937 989.250 996.843 1009.625 1035.375 1048.281 1121.000 1125.843 1146.468 1333.593 1391.281 1406.531 1485.812 1504.875 1580.000 1595.500 1627.281 1709.906 1723.468 1751.687 1918.562 2468.656 2710.781 2872.500 2881.718 2885.250 2893.187 2951.187 3402.156 3411.343 3418.562 3427.500 3642.187 
-1727.188 -1575.469 -1568.844 -1397.657 -1390.938 -1376.875 -910.094 -905.750 -729.282 -710.657 -306.250 -262.813 49.031 272.562 279.656 302.437 307.156 500.500 551.375 560.750 561.000 837.562 918.125 932.312 948.718 956.593 963.125 970.375 984.500 1006.312 1029.656 1056.656 1077.750 1079.593 1139.343 1146.031 1152.531 1166.093 1177.093 1351.531 1359.468 1375.781 1388.281 1409.812 1418.656 1421.375 1523.093 1535.062 1544.593 1550.218 1612.031 1695.031 1699.250 1712.406 1722.187 1748.562 2538.562 3044.093 3091.843 3116.375 3303.312 3463.687 3472.812 3479.875 3484.093 3494.312 3500.593 3717.343 3727.812 3734.250 
-1778.313 -1734.188 -1720.000 -1107.782 -790.469 -218.813 -95.719 -50.938 81.937 111.437 139.062 278.656 300.812 334.937 524.812 552.218 568.750 592.062 751.343 755.593 805.062 837.531 854.250 876.343 922.031 935.593 949.562 959.437 975.875 990.125 1002.500 1008.593 1013.343 1031.281 1031.968 1064.281 1082.125 1144.500 1166.437 1181.531 1333.593 1362.437 1372.375 1378.625 1393.843 1408.312 1462.125 1503.281 1533.531 1550.750 1552.718 1576.343 1611.312 1653.937 1669.468 1676.093 1722.531 1763.281 2354.656 2483.031 2546.687 2845.968 2972.437 2985.750 3057.406 3067.031 3080.593 3088.000 3127.125 3178.968 3259.937 3492.218 3600.781 3635.375 
-1682.344 -1035.719 -1012.500 -883.063 -605.032 -534.782 94.437 105.812 215.125 278.375 301.093 311.656 314.343 321.718 500.031 548.468 558.250 565.687 752.656 769.937 786.343 834.531 853.687 857.937 886.718 916.593 936.031 953.250 968.125 969.625 981.312 997.531 1006.031 1027.125 1070.218 1093.312 1103.187 1114.968 1123.812 1137.843 1325.437 1345.937 1378.343 1389.937 1410.500 1422.562 1495.750 1505.500 1534.875 1542.218 1546.000 1559.250 1560.531 1594.500 1617.468 1652.625 1693.531 1714.500 1737.906 2282.156 2552.843 2569.562 2793.343 2824.875 2844.500 2864.906 3007.312 3022.437 3029.062 3428.937 3663.187 3984.187 
-1483.063 -1469.032 -1254.750 -1195.250 -1102.719 -873.188 -831.500 -724.157 -332.000 58.937 155.406 274.656 288.843 306.562 535.250 556.437 567.187 577.906 755.812 768.593 839.156 850.343 861.812 862.812 917.250 935.562 947.875 956.625 964.406 989.562 1010.406 1016.750 1023.156 1061.843 1110.312 1133.031 1178.750 1340.281 1355.968 1382.281 1422.968 1427.375 1439.812 1528.906 1539.062 1550.687 1568.968 1580.593 1607.437 1617.562 1656.437 1702.875 1711.468 2541.031 2870.062 3467.468 3496.468 3526.437 3688.093 3971.156 3988.968 
-1813.969 -1785.625 -1342.594 -858.657 -844.282 -660.532 -624.969 -513.719 -444.063 -403.250 -284.657 -55.500 -25.000 -12.157 4.187 50.875 149.312 264.406 275.281 283.031 295.281 534.000 550.187 551.093 557.125 566.343 751.843 771.000 839.437 852.687 866.531 907.125 931.593 948.468 960.093 985.906 1004.906 1027.062 1029.687 1049.312 1088.093 1092.468 1103.718 1119.437 1342.000 1355.281 1377.281 1390.062 1422.000 1430.218 1502.843 1527.406 1553.406 1608.468 1680.531 1709.406 1734.937 2286.000 2887.687 2912.187 3083.531 3121.156 3397.000 3448.218 3464.250 3516.468 3738.343 
-1809.532 -1677.157 -1646.594 -1176.125 -775.563 -699.469 -581.938 -558.469 -542.594 -497.250 -225.438 49.531 224.031 274.250 291.843 296.125 306.093 312.593 544.593 546.562 557.187 590.937 754.968 778.625 833.406 841.156 862.937 869.906 937.750 952.781 962.500 966.593 979.937 990.718 1008.875 1018.187 1031.281 1037.218 1042.562 1070.531 1079.968 1095.562 1119.687 1145.781 1146.812 1166.875 1351.093 1353.500 1388.281 1407.125 1416.593 1433.968 1502.375 1529.593 1536.156 1541.500 1553.000 1574.500 1603.437 1653.218 1661.468 1675.468 1732.875 2382.687 2468.468 3237.562 3261.187 3274.187 3408.812 3426.125 3773.968 3791.656 3815.875 3825.218 3845.125 
-1815.469 -1565.625 -1403.375 -1302.813 -1199.125 -1193.344 -1055.657 -944.938 -918.313 -815.938 -785.969 -722.407 -591.907 -463.250 -430.344 -412.094 -161.844 97.468 121.562 217.187 286.437 291.500 304.718 306.000 319.000 340.781 507.531 529.031 534.468 561.500 579.812 692.531 749.625 773.375 797.031 839.281 843.593 857.187 862.812 920.656 950.218 952.562 964.406 973.500 979.812 990.593 995.468 1005.937 1014.156 1022.906 1040.062 1104.531 1118.968 1132.906 1170.437 1332.593 1396.437 1397.031 1414.843 1439.031 1508.062 1520.687 1542.625 1547.406 1557.281 1562.250 1687.031 1728.968 1756.968 2382.093 2681.812 2708.781 3872.468 
-1897.969 -1426.844 -1412.782 -1168.438 -585.719 -290.250 -242.969 25.187 221.906 276.031 277.343 298.812 305.375 311.156 542.750 559.156 570.187 629.187 651.906 784.625 826.343 840.968 841.906 849.250 851.468 914.656 932.906 950.343 956.843 975.750 981.031 986.406 1014.875 1027.593 1047.125 1055.312 1072.406 1092.843 1105.531 1112.250 1160.812 1166.687 1265.781 1351.437 1365.000 1386.906 1399.687 1420.343 1503.593 1507.093 1520.843 1532.250 1545.343 1548.812 1570.968 1610.687 1638.750 1653.562 1655.187 1682.656 1696.531 1713.406 1715.656 1738.593 1754.312 1763.187 2358.468 2849.000 2877.468 2890.687 3534.531 3550.750 3675.468 3961.156 
-1634.188 -1617.094 -1580.719 -1357.157 -1276.969 -978.063 -964.438 -893.438 -582.813 -520.063 -204.094 -194.500 -85.688 59.875 96.656 275.031 285.375 299.281 318.281 478.562 488.156 571.156 748.968 756.843 837.000 851.937 861.437 880.500 921.625 934.656 948.937 964.875 970.375 982.062 1010.031 1026.343 1040.062 1058.500 1095.843 1107.187 1129.343 1136.656 1144.500 1145.750 1179.468 1256.937 1345.812 1356.156 1360.218 1379.125 1386.093 1413.218 1432.093 1433.843 1497.718 1507.187 1529.250 1535.406 1540.093 1547.062 1549.375 1553.156 1616.375 1664.562 1683.250 1737.187 1753.062 1765.843 2310.687 2334.125 2379.562 2431.531 2999.750 3146.593 3198.812 3555.437 3860.093 
