-602.438 -435.344 13.281 32.187 37.031 56.625 127.750 140.531 274.937 667.187 673.625 695.093 982.781 986.468 1017.625 1127.906 1173.250 1195.062 1208.125 1274.656 1441.437 1750.718 1818.687 1962.093 
-944.157 19.687 30.000 51.093 169.062 296.000 375.968 390.125 393.156 459.468 586.437 1001.031 1196.062 1209.687 1227.906 1286.218 1347.875 1367.656 1434.437 1714.968 1726.937 1868.375 
34.437 66.562 140.750 305.906 352.437 371.937 514.281 574.875 660.906 776.437 778.718 864.281 907.156 911.375 1013.312 1038.406 1101.500 1409.437 1753.750 1862.593 2434.062 
-1591.844 14.437 34.437 50.437 92.781 97.531 98.687 188.937 261.093 276.718 279.625 510.406 638.906 674.281 693.968 715.843 723.656 758.781 864.187 981.750 1066.937 1090.312 1208.062 1413.906 1435.031 1439.531 1555.062 1678.343 1693.125 1756.500 2862.093 3996.562 
-1684.750 -622.375 -589.500 86.281 95.843 207.250 247.375 261.656 298.000 329.937 376.343 588.250 614.093 717.343 862.625 875.468 952.343 1041.625 1045.250 1068.031 1090.250 1125.875 1227.843 1320.062 1347.812 1414.750 1472.781 1519.156 1530.187 1532.125 1755.968 1842.687 1862.562 1889.031 1976.968 3314.687 
-1784.719 -1137.032 -422.375 30.031 47.531 197.531 288.375 299.812 300.625 394.875 462.687 481.562 484.500 736.156 766.531 864.250 923.687 957.312 981.062 1170.875 1439.562 1440.093 1547.718 1750.718 1982.312 1991.375 2405.875 3012.031 
-1394.125 -963.157 -665.250 -455.219 -274.157 48.562 216.625 250.218 303.625 400.281 518.406 540.843 564.875 590.906 636.500 720.687 732.343 777.468 784.687 872.656 962.406 1160.312 1208.062 1217.906 1374.000 1591.000 1592.968 1773.531 1948.312 2320.937 2456.343 3250.218 
-1852.063 -1451.563 -805.250 57.500 129.218 144.156 173.406 189.031 222.312 260.906 303.093 394.593 462.250 581.375 583.718 677.937 706.375 762.062 776.593 862.343 943.656 1030.468 1056.500 1204.562 1301.187 1345.625 1351.687 1615.687 2025.968 2228.250 3233.093 3331.968 3632.093 3985.781 
-1764.875 -1205.219 -1185.094 -437.688 -404.344 -237.250 88.000 139.250 172.156 258.562 458.093 476.687 663.500 665.718 734.093 768.718 919.156 1047.468 1118.718 1296.312 1350.562 1361.718 1363.500 1454.625 1959.875 2167.531 
-1631.000 67.812 68.875 148.531 212.093 224.281 299.500 371.781 421.937 444.781 516.687 665.250 702.062 727.875 740.906 862.625 870.593 1013.843 1015.250 1046.000 1071.750 1087.562 1098.000 1210.968 1352.531 1379.062 1402.562 1523.281 1553.687 1618.062 1670.468 1738.406 1756.562 1819.625 1863.000 1942.687 3693.218 
