40.312 97.437 340.156 343.250 399.250 573.718 640.500 812.437 1223.218 1266.312 1270.500 1632.968 1664.968 1733.343 1744.250 1782.812 1982.812 1983.625 1999.843 2007.468 
35.531 52.531 190.718 240.593 335.812 390.593 548.218 824.000 1048.250 1064.656 1274.250 1298.250 1624.906 1658.000 1740.843 1756.968 
24.187 128.937 245.500 345.468 378.781 385.843 545.343 563.593 653.000 1619.843 1746.156 1898.281 1991.906 1996.375 
56.750 416.031 499.562 542.562 615.968 840.000 1232.281 1239.781 1439.906 1990.125 3782.062 
107.593 359.843 550.843 555.218 826.906 845.656 1617.562 1667.687 1751.781 1793.468 
422.187 435.343 452.187 619.187 843.500 1452.156 1669.593 1919.062 
453.625 635.687 895.593 
304.500 545.937 645.687 1221.531 1771.812 1996.187 
587.375 1187.593 
889.406 
