112.687 319.250 452.875 586.062 804.406 911.968 1028.406 1103.187 1295.187 1312.312 1578.718 1695.437 
61.125 344.750 423.062 432.562 437.312 565.093 637.093 687.656 803.812 1004.250 1094.750 1104.250 1354.500 1581.625 1871.343 1877.906 3271.812 
115.000 385.812 472.593 493.062 548.718 988.437 1009.750 1581.437 1783.468 1864.718 1947.593 1956.312 
70.218 320.218 520.187 553.250 579.406 879.437 1270.187 1462.375 
117.406 434.875 445.750 477.593 543.500 677.343 810.156 910.343 993.687 1077.218 1461.281 
370.843 495.375 571.093 737.625 804.281 1222.906 1787.906 1799.531 
453.187 553.718 636.718 803.218 828.000 1460.906 1711.531 
257.625 633.468 900.218 1016.625 1216.843 1566.875 1790.656 1866.937 
354.062 462.656 
667.031 967.406 1524.781 
