40.093 107.312 186.875 224.531 415.031 527.625 663.937 833.031 847.656 908.125 1098.281 1214.406 1264.312 1339.843 1424.062 1597.718 1781.375 1824.218 1868.968 2873.781 
108.375 196.968 289.250 389.562 413.468 467.593 472.531 562.937 823.437 839.000 884.187 1277.937 1405.687 1456.062 1522.718 1756.812 1863.375 1872.875 1972.406 
70.781 443.093 477.000 559.812 784.468 1576.625 1729.687 1876.562 1895.468 1960.187 
310.906 447.406 649.375 803.437 810.968 821.875 1531.812 
105.968 907.031 1506.625 1527.218 
528.156 811.718 969.593 1469.718 
48.968 473.093 665.125 1339.875 1739.843 1765.843 1956.718 
445.125 654.562 1345.625 1703.937 2270.968 
847.062 1780.437 
535.000 661.187 1352.031 
