18.562 20.031 25.531 30.937 86.687 101.437 106.906 141.875 152.000 157.531 204.187 255.125 275.468 312.531 333.968 335.812 367.031 392.000 433.781 447.250 490.250 544.781 574.468 609.000 619.750 639.468 710.718 752.062 794.968 857.531 906.937 947.062 981.656 1058.531 1070.718 1100.531 1164.000 1188.593 1212.000 1281.375 1316.156 1332.375 1345.812 1410.656 1420.843 1435.125 1640.656 1674.250 1747.031 1781.875 1906.062 1976.875 1991.593 1993.906 2607.031 3410.343 
42.125 47.625 60.000 193.125 274.906 282.718 394.156 447.218 573.843 588.500 639.593 801.281 907.500 1153.343 1189.593 1260.625 1607.718 1618.750 1836.187 1877.156 1940.812 1973.531 2790.656 2901.562 3902.687 3905.875 
18.406 21.718 22.593 23.093 25.312 30.125 96.500 101.125 103.156 212.750 261.156 263.562 447.093 478.781 643.687 845.343 981.531 1043.718 1133.187 1326.687 1345.375 1486.906 1492.718 1514.593 1600.125 1605.843 1675.312 1686.343 1712.468 1766.718 1988.656 2010.031 
18.062 19.281 21.718 23.593 41.843 61.843 71.562 229.625 372.000 391.937 394.781 472.500 639.562 1174.562 2780.281 3877.937 
18.562 21.312 22.468 25.750 42.125 81.312 85.656 101.781 106.375 120.437 141.281 145.656 194.750 213.625 233.750 254.468 275.187 297.625 304.593 311.656 336.093 371.062 392.187 400.718 434.437 439.343 449.843 453.031 506.343 514.812 525.531 610.437 639.687 662.000 675.875 687.281 689.656 692.468 752.562 760.093 781.031 819.218 847.937 858.125 882.250 917.000 947.281 959.937 982.281 1029.281 1044.687 1060.718 1064.281 1098.375 1122.375 1132.031 1153.281 1175.500 1187.843 1212.625 1226.812 1239.687 1261.656 1315.281 1345.687 1368.750 1370.000 1411.093 1420.781 1486.937 1490.343 1549.656 1597.875 1657.312 1664.500 1675.062 1689.281 1780.843 1802.656 1884.406 1886.656 1911.875 1953.156 1973.781 1975.093 1981.250 2006.906 2054.750 2901.750 2968.250 3121.500 3186.531 3564.281 
18.468 21.625 22.500 25.625 26.531 27.718 30.750 42.437 46.062 48.937 62.343 82.437 101.812 105.968 143.218 152.718 158.656 169.468 205.812 230.343 233.093 256.281 280.312 294.343 313.718 324.468 336.468 391.531 401.468 433.625 447.500 453.406 478.500 528.031 549.187 555.031 574.000 591.281 639.906 649.156 689.968 710.375 761.281 784.000 843.687 847.968 872.187 911.906 1039.250 1045.187 1063.281 1071.468 1123.187 1125.250 1135.375 1174.968 1212.406 1225.812 1238.781 1261.937 1284.156 1327.531 1345.937 1370.312 1410.562 1413.468 1420.406 1430.343 1434.218 1438.562 1467.562 1487.437 1514.781 1520.062 1595.406 1641.500 1674.843 1683.375 1712.843 1748.500 1767.375 1783.093 1813.218 1844.156 1878.781 1885.875 1935.062 1941.750 1955.968 1980.687 1996.156 2006.812 2860.812 3059.781 3709.218 
18.437 25.843 42.406 81.000 101.031 102.750 106.843 142.187 254.843 260.843 310.468 312.437 314.218 325.156 395.312 402.187 433.968 474.218 501.406 606.406 690.187 698.562 752.187 794.500 816.156 830.843 870.750 915.156 915.687 923.062 946.562 982.000 1040.281 1088.656 1132.531 1185.968 1244.531 1302.468 1346.250 1414.031 1431.656 1441.031 1492.281 1550.781 1619.531 1781.437 1830.468 1832.500 1836.406 1941.937 1973.812 2007.531 2623.062 2627.656 3736.968 3856.562 
18.468 22.000 22.562 25.187 25.750 26.687 29.062 29.437 37.718 100.843 333.250 470.593 605.625 640.031 649.968 914.437 930.812 982.062 1030.625 1042.500 1084.062 1154.281 1225.906 1261.000 1315.218 1369.593 1434.000 1532.718 1618.218 1675.187 1691.125 1711.093 1785.093 1796.343 1983.906 1993.437 3473.968 3772.343 3863.843 3869.406 3918.250 3936.500 3941.000 3967.906 3972.781 3973.718 3974.656 3981.312 
21.468 24.718 28.937 52.218 56.687 72.968 168.843 232.875 236.906 258.781 390.656 401.218 491.343 619.968 716.687 1002.125 1165.062 1212.187 1240.000 1302.468 1327.125 1348.687 1410.906 1469.750 1597.187 1665.187 1674.281 1688.437 1973.656 1987.406 1988.843 1993.656 2009.000 3085.406 3090.156 3092.437 3692.625 
18.656 22.531 25.375 42.593 48.000 53.312 106.781 127.312 340.375 392.250 448.437 477.531 507.031 574.062 708.718 832.593 837.562 932.625 1039.312 1044.375 1153.718 1202.281 1317.062 1440.812 1448.375 1504.562 1570.343 1596.125 1905.937 2019.031 2815.375 2819.531 3132.156 
