20.531 37.500 208.250 558.500 562.500 676.562 739.906 744.187 745.250 765.031 851.343 1073.781 1184.343 1348.156 1474.468 1496.312 1841.843 2331.156 2532.937 
104.125 560.625 587.156 736.968 852.343 1184.218 1365.218 1367.000 1648.062 2423.250 2482.531 3069.718 
103.125 141.718 210.031 674.781 737.593 850.625 851.718 1183.093 1365.437 1472.437 1582.187 1616.093 2419.656 2829.406 3607.875 
140.875 267.968 270.031 561.937 766.250 852.718 1341.875 1504.062 1581.750 1649.156 1674.906 1836.031 2604.031 3832.093 
101.500 102.343 103.125 106.437 226.250 437.281 557.250 704.718 743.875 866.687 896.281 922.625 1184.687 1346.625 1474.281 1970.593 3546.593 
18.781 39.656 51.468 104.093 140.343 219.687 226.250 252.375 376.968 442.781 561.531 587.281 637.187 885.718 1181.437 1364.781 1581.843 1648.781 3213.218 3242.125 3867.218 
36.218 37.125 102.312 103.187 189.656 251.031 559.562 636.500 646.875 703.062 733.375 744.625 766.000 851.125 851.375 1180.250 1366.593 1582.156 3884.218 
37.281 104.468 140.656 225.812 350.500 559.093 560.062 1274.062 1365.750 2177.343 2822.281 3956.875 
83.562 102.187 102.781 105.000 208.218 267.531 272.375 557.156 852.250 1183.812 1226.812 1365.343 1582.312 1655.281 1799.312 2373.062 3884.156 
103.250 271.156 444.281 556.968 765.875 1111.000 1125.843 1237.875 1345.218 1647.843 2442.062 2981.906 3351.375 
