15.093 44.656 73.593 142.781 207.312 233.718 393.531 485.312 541.750 598.656 633.187 654.625 662.250 682.531 739.125 827.156 899.562 919.281 1007.281 1050.593 1117.593 1172.093 1211.687 1341.187 1475.156 1567.968 1620.531 1637.312 1718.718 1746.218 1772.406 1906.531 1927.281 1952.687 2060.000 2119.781 2137.718 2183.968 2204.000 
14.968 681.437 1052.437 1116.531 1393.968 1475.375 1758.687 2204.468 
1054.093 1394.843 1568.562 
73.656 741.281 1395.156 2006.625 
16.125 386.843 551.875 619.468 741.187 1116.687 1211.812 1394.687 1624.031 1813.718 2137.250 
-1415.813 743.000 1117.187 1395.218 
680.718 741.187 1816.906 2065.281 2139.031 
23.531 393.906 679.718 918.218 1818.500 1820.593 2930.187 3106.156 3149.531 
23.343 919.343 1117.687 1214.281 1392.906 1760.156 2202.687 
21.875 77.875 150.093 392.812 1819.968 2065.031 
