31.343 75.687 139.937 384.093 410.312 450.312 609.812 813.875 848.250 991.031 1156.156 1320.406 1358.812 1404.750 1469.375 1896.250 2111.500 2239.531 2477.937 2509.250 2518.718 3064.437 3073.250 3116.500 3330.937 
16.281 75.437 176.843 294.750 410.062 474.625 548.375 639.218 665.000 735.687 916.843 934.312 972.562 1135.375 1140.687 1142.062 1150.218 1367.281 1496.531 1502.062 1851.500 2087.593 2142.468 2460.656 3480.875 
49.406 76.031 316.593 360.062 480.093 568.531 983.656 1141.218 1273.875 1277.406 1382.500 2459.687 
28.312 605.656 920.000 1045.437 1366.812 1526.250 1556.562 1562.875 1848.718 1915.593 1948.281 2068.093 2380.656 2461.156 
75.687 76.000 76.218 78.093 377.250 395.750 665.843 713.187 788.656 923.843 1045.406 1360.062 1404.281 1648.562 1791.937 1898.187 2142.593 2240.000 2247.406 
78.187 627.843 848.000 993.281 1738.031 1757.500 2016.250 2150.093 2625.875 2899.562 3176.125 3679.062 
18.781 74.781 76.125 205.937 573.156 823.843 1141.312 1275.875 1319.406 1366.312 2239.437 
666.156 920.218 924.406 929.187 1143.875 1677.906 2078.812 2239.093 2278.718 3473.312 
281.031 316.125 533.062 586.218 664.968 916.593 919.656 925.656 945.218 1320.062 1404.593 2239.687 2511.031 
216.687 266.375 568.000 665.875 907.968 1141.187 1690.375 2059.000 2079.000 3881.281 3885.093 3891.687 3903.250 
