14.343 26.250 33.468 53.437 57.625 84.625 244.656 285.343 287.781 318.125 378.468 401.531 420.000 512.250 516.781 544.781 588.531 649.406 669.593 685.312 701.406 727.031 740.656 762.687 835.562 888.281 907.968 912.468 914.968 939.281 951.687 956.437 966.437 1011.906 1022.375 1128.687 1134.968 1169.187 1220.281 1267.968 1310.187 1314.343 1335.531 1341.562 1376.906 1413.031 1417.062 1422.875 1450.968 1562.687 1567.125 1572.281 1655.343 1705.531 1723.875 1748.562 1806.156 1842.031 1846.906 1863.781 1951.125 1972.281 1987.937 1999.187 2005.312 2140.093 2194.968 2198.343 2285.593 2467.312 2982.406 2986.156 3008.625 3053.812 3058.156 3533.562 3916.125 3933.968 
18.000 58.125 374.000 546.718 599.156 650.687 901.125 1066.968 1314.781 1561.500 1723.875 1808.156 1863.156 1991.468 2424.375 3099.281 3104.375 3680.625 3684.093 3689.406 
14.843 18.500 58.562 63.000 106.187 225.093 599.812 1268.218 1517.687 1567.312 1842.531 1849.125 
14.468 26.406 32.593 62.187 68.156 249.312 379.500 382.468 402.312 548.875 669.000 740.031 765.156 838.093 939.687 983.406 1030.437 1134.937 1206.968 1270.937 1408.593 1518.000 1659.437 1670.031 
15.187 19.562 26.531 58.375 84.406 249.906 1521.875 1569.062 1702.312 3661.531 
14.906 19.906 26.250 32.000 50.656 53.531 58.781 69.562 83.062 91.468 165.000 237.562 239.218 287.656 319.062 324.187 330.468 354.593 402.718 411.156 413.531 417.562 486.156 519.843 590.750 594.875 607.937 673.593 764.937 833.812 902.531 909.312 915.343 943.781 945.437 956.187 1068.156 1207.968 1209.312 1236.156 1290.437 1316.500 1327.156 1450.031 1517.718 1521.656 1528.500 1561.843 1568.218 1574.562 1655.718 1660.968 1665.656 1672.031 1706.906 1753.812 1759.687 1848.468 1855.000 1962.375 1988.781 1999.281 2004.375 2777.156 3840.156 3856.750 
14.500 18.937 23.562 27.000 41.312 53.531 58.468 59.468 62.843 68.718 165.781 203.500 223.718 250.031 317.968 319.906 334.062 416.812 428.031 490.656 514.312 520.468 537.437 546.531 737.906 754.250 827.843 839.687 907.656 940.187 1131.031 1165.937 1207.843 1247.000 1267.500 1270.031 1319.718 1351.500 1378.593 1408.156 1417.656 1518.218 1521.687 1561.656 1565.437 1655.593 1665.000 1682.562 1713.218 1854.750 1920.156 
14.406 18.468 26.343 34.281 62.093 91.156 117.750 170.875 206.875 221.718 302.375 384.750 402.718 444.781 453.406 604.718 701.531 762.281 904.343 959.468 983.750 988.593 1210.531 1312.125 1345.000 1394.687 1405.312 1490.750 1565.937 1567.187 1573.281 1655.718 1670.812 1673.093 1705.531 1706.250 1718.218 1749.375 1845.625 1988.125 2760.250 2869.093 3189.000 3193.531 3535.437 3539.687 
14.781 17.781 19.875 29.562 32.687 41.093 68.062 77.500 87.343 91.937 225.156 245.375 547.093 670.000 671.906 686.062 988.906 1207.531 1213.906 1236.000 1341.125 1423.031 1441.312 1464.343 1561.468 1615.468 1654.343 1699.375 1740.750 1841.625 1891.125 3222.781 3340.468 3420.406 3425.343 
14.656 16.468 22.406 26.500 27.500 32.468 63.031 74.031 330.125 452.593 486.187 590.750 595.437 599.812 672.968 695.750 701.031 705.531 833.312 974.125 992.750 1215.843 1252.843 1273.406 1274.812 1394.250 1417.593 1449.937 1469.968 1518.031 1568.718 1726.718 1807.062 1903.218 1994.031 2153.093 2459.656 2919.250 3054.343 3386.218 3669.125 3814.218 3831.625 3840.468 
