9.906 68.875 172.875 382.437 406.187 435.093 492.687 600.656 676.656 696.375 703.906 716.937 820.468 899.281 979.500 1028.000 1040.406 1048.093 1050.312 1059.906 1063.875 1105.343 1175.468 1210.406 1237.937 1265.000 1353.625 1446.812 1457.437 1504.781 1542.468 1544.656 1578.875 1602.750 1607.843 1624.343 1683.312 1690.093 1820.468 1857.562 1870.187 1946.937 2538.468 2627.718 2633.812 2844.968 3150.718 3647.250 3713.312 3958.406 
77.062 100.812 107.312 123.625 173.000 370.156 404.468 558.718 620.968 701.500 758.875 802.750 819.281 836.500 836.937 900.187 924.062 930.093 945.187 984.656 1004.375 1054.968 1061.187 1064.625 1106.562 1109.812 1213.843 1270.937 1274.843 1348.812 1449.468 1456.000 1524.281 1548.218 1554.187 1576.968 1668.281 1684.750 1690.312 1701.562 1705.687 1793.718 1810.843 1835.468 1851.656 1932.125 1945.812 1953.281 1965.250 1969.468 1991.000 
67.906 76.375 368.937 405.437 532.875 708.281 802.656 827.312 833.187 926.562 934.187 986.593 995.062 1048.250 1052.718 1062.500 1113.562 1239.281 1267.562 1349.781 1357.750 1449.031 1455.062 1515.156 1530.250 1548.843 1577.000 1667.656 1688.906 1709.343 1807.906 1817.281 1840.625 1871.875 1946.343 1952.500 1957.687 1961.625 1970.750 2558.250 2834.812 3156.968 3314.562 3377.500 3379.468 
72.781 108.750 377.562 491.093 533.281 553.750 597.812 698.343 750.187 824.437 828.468 835.750 933.625 941.937 985.312 992.687 1041.843 1049.781 1059.125 1111.375 1259.500 1266.687 1270.406 1274.093 1348.875 1440.906 1445.531 1529.906 1542.656 1619.750 1626.875 1629.375 1690.375 1701.093 1705.187 1786.312 1810.468 1826.156 1833.218 1859.468 1934.250 1948.500 1953.687 1959.531 1977.875 1985.406 2731.406 2791.906 2794.812 3280.468 3368.812 3864.312 
68.500 76.125 153.218 178.187 383.062 407.125 480.000 498.968 702.781 718.218 750.281 794.843 824.250 826.875 932.750 940.125 959.187 991.062 1038.156 1046.343 1049.312 1074.781 1107.250 1109.343 1110.375 1236.250 1349.812 1442.500 1446.406 1515.187 1545.312 1553.656 1609.531 1619.000 1684.437 1708.218 1780.375 1805.062 1808.656 1840.093 1859.781 1871.468 1917.562 1929.375 1953.750 1958.406 1958.812 1976.531 1985.937 2548.781 2689.812 2953.468 3007.468 3332.312 3376.562 3895.187 
3.531 78.562 111.312 127.843 322.937 347.406 369.187 406.500 486.437 532.437 559.781 694.750 706.906 717.531 798.468 818.343 821.375 828.750 836.187 930.562 935.812 1040.906 1058.937 1064.218 1106.812 1110.437 1112.281 1166.687 1347.406 1349.968 1438.375 1446.156 1453.156 1471.718 1504.031 1524.500 1545.812 1584.843 1630.500 1667.625 1684.781 1704.718 1780.375 1801.625 1811.906 1839.093 1859.093 1870.875 1874.875 1918.093 1941.218 1953.062 1961.531 1979.531 2523.812 2530.843 2911.062 
32.843 79.843 87.156 173.968 177.906 298.718 369.812 377.000 403.718 409.500 471.718 478.875 597.562 675.312 692.406 701.968 705.062 717.843 765.656 800.093 824.343 831.843 902.218 926.531 936.281 939.937 945.718 989.000 999.156 1041.375 1050.218 1059.218 1077.875 1096.968 1104.437 1109.843 1211.125 1268.156 1271.937 1352.093 1451.437 1623.250 1625.968 1687.375 1701.687 1706.187 1792.156 1820.843 1859.031 1922.843 1936.531 1949.906 1957.531 1962.593 2174.343 2869.937 2883.312 2963.187 3232.656 3993.281 
171.437 332.031 405.562 487.968 498.156 695.625 824.875 830.312 926.468 940.500 986.906 988.593 1050.750 1055.781 1060.312 1063.937 1066.062 1108.125 1208.843 1236.500 1268.312 1281.000 1350.468 1356.093 1438.000 1445.187 1523.875 1532.281 1541.843 1557.000 1577.343 1676.156 1705.187 1705.500 1708.718 1806.687 1816.156 1860.281 1944.531 1952.343 1969.875 1979.375 1983.718 2120.562 2236.406 2729.468 2731.125 2903.718 3735.250 
74.156 101.500 105.656 150.218 171.656 174.218 329.343 401.875 411.125 425.718 504.593 527.718 693.656 701.031 721.687 830.656 833.250 909.781 929.718 934.812 940.281 984.531 988.031 1021.937 1051.812 1064.250 1070.093 1075.875 1103.031 1209.468 1248.968 1268.406 1276.343 1347.031 1353.968 1436.843 1447.125 1459.531 1542.625 1578.687 1605.687 1608.031 1626.687 1685.656 1706.437 1712.312 1778.156 1810.812 1859.187 1862.406 1921.531 1941.718 1949.468 1962.312 1979.843 1988.437 2307.125 2317.531 2425.031 3256.750 3342.031 3353.156 3921.062 3934.281 
65.968 74.437 106.437 112.843 184.156 353.500 404.625 476.593 701.250 715.750 754.531 797.906 817.750 823.843 831.281 923.281 927.750 941.406 988.156 995.937 1047.187 1049.656 1052.468 1071.718 1102.812 1212.968 1241.031 1246.562 1271.812 1352.531 1355.687 1424.125 1438.718 1444.687 1447.843 1514.312 1529.593 1575.468 1602.437 1622.281 1667.281 1676.656 1683.625 1689.343 1771.593 1813.937 1859.281 1944.593 1948.781 1956.468 1963.500 1981.718 3463.937 
