18.187 55.656 64.156 153.593 187.093 195.125 196.718 257.156 344.093 352.250 358.093 366.281 442.750 448.125 457.468 460.937 509.718 512.343 515.250 550.906 554.781 575.781 685.031 690.375 693.750 707.437 801.656 843.531 857.000 887.937 946.468 952.312 960.937 1018.812 1047.937 1053.062 1058.968 1076.187 1080.718 1115.312 1180.687 1200.656 1312.593 1350.312 1381.187 1430.437 1448.625 1535.281 1543.843 1620.687 1649.906 1746.718 1782.406 1791.125 1802.937 1825.343 1869.437 1876.500 1882.812 1992.468 2005.000 2641.500 2643.531 2645.812 3035.281 3074.562 3655.312 
45.656 49.968 57.031 71.968 126.093 129.281 185.125 188.218 194.062 258.375 313.375 352.062 369.000 433.593 458.812 462.906 471.000 509.593 527.437 555.375 556.968 687.625 691.562 778.437 846.468 852.437 887.375 944.375 1047.406 1058.437 1064.750 1076.875 1113.843 1178.125 1201.156 1243.187 1354.906 1430.718 1439.687 1485.625 1527.531 1532.843 1543.937 1557.906 1634.500 1656.218 1746.718 1778.031 1882.406 1985.093 1991.875 2562.062 2974.531 3988.781 3995.312 
47.468 50.812 57.500 127.250 190.687 256.968 352.156 361.843 461.906 469.593 502.718 514.843 570.250 577.781 681.156 694.500 803.187 850.437 960.531 969.406 1044.500 1076.906 1125.375 1178.750 1240.750 1308.062 1376.843 1432.531 1442.812 1447.906 1525.343 1542.062 1550.156 1623.781 1647.000 1650.062 1656.343 1745.281 1782.375 1787.718 1884.156 1975.125 2011.875 3237.468 3245.500 3317.125 3323.437 3592.375 
53.750 56.406 194.125 255.937 459.750 463.875 493.187 513.312 518.750 555.437 568.968 680.250 695.031 770.906 775.250 803.406 849.156 946.812 961.781 1003.000 1051.625 1069.593 1115.562 1198.281 1310.468 1385.468 1430.218 1470.156 1533.593 1539.812 1622.875 1645.375 1718.093 1785.250 1798.062 1847.968 1876.812 2009.812 2849.062 3568.125 3620.156 3795.750 
20.093 129.906 139.593 190.375 193.843 216.812 346.250 454.656 466.187 469.531 510.000 512.937 552.625 655.250 681.343 685.656 693.562 770.781 777.906 819.625 832.750 894.218 903.031 917.812 937.750 1054.156 1062.750 1069.906 1079.500 1180.281 1202.156 1222.062 1248.875 1309.312 1382.468 1410.500 1424.375 1453.843 1468.093 1526.875 1533.750 1550.906 1654.843 1789.187 1877.843 1883.250 2005.937 2051.593 2117.968 2548.812 2981.593 2984.750 3423.062 3986.187 
54.406 62.656 144.218 151.218 187.156 190.718 199.968 254.375 352.406 359.250 460.968 467.562 497.156 508.750 511.031 516.062 553.250 562.500 568.656 586.593 614.562 671.500 685.593 692.406 725.468 849.375 898.437 920.656 932.312 959.093 1046.062 1054.250 1063.500 1076.093 1121.875 1143.312 1209.750 1237.656 1248.125 1430.500 1449.843 1519.406 1533.312 1535.906 1544.531 1622.687 1752.625 1794.406 1801.062 1807.156 1814.656 1825.843 1885.343 2011.250 2495.312 3201.218 3322.437 3449.812 3715.750 
19.687 52.843 56.562 153.718 197.468 207.406 349.156 364.687 456.312 491.531 508.812 512.968 549.406 600.906 678.687 686.718 770.031 799.781 851.906 912.625 922.500 952.187 1046.375 1051.656 1057.656 1076.406 1116.250 1178.000 1200.218 1235.343 1304.437 1334.375 1374.593 1426.375 1433.906 1436.718 1447.312 1524.718 1531.656 1534.812 1552.625 1621.812 1721.343 1753.468 1795.437 1805.906 1809.250 1887.875 1894.781 1975.687 2164.062 2287.000 2293.218 2844.250 3601.937 
43.750 55.781 64.593 126.531 149.156 155.281 189.531 194.187 205.250 252.000 343.093 363.500 365.875 457.156 466.312 474.125 510.250 518.468 522.656 551.281 599.906 680.656 726.125 771.812 776.218 803.625 899.343 912.406 959.625 964.500 1015.718 1041.656 1062.218 1069.968 1084.156 1181.375 1239.218 1311.968 1334.187 1347.062 1424.750 1427.718 1450.875 1550.000 1633.375 1653.156 1792.500 1801.000 1806.343 1807.000 1882.843 1887.250 2010.156 3436.250 3444.718 
35.250 52.250 65.968 131.125 149.468 195.656 209.000 256.718 345.843 355.156 363.843 462.187 464.187 470.531 509.500 513.875 550.531 658.687 676.750 688.812 694.937 775.656 831.562 844.156 850.781 915.437 926.031 952.812 1049.718 1057.625 1067.312 1181.062 1236.562 1246.281 1325.937 1346.093 1381.562 1427.812 1443.375 1542.875 1564.687 1621.937 1745.843 1783.875 1790.343 1796.593 1801.062 1809.968 1822.687 1891.343 1975.843 2541.156 2675.125 2964.125 2971.312 3309.312 
47.656 52.031 53.781 127.187 129.656 142.593 146.406 185.125 191.750 198.437 342.281 349.875 430.312 450.312 461.375 467.281 509.625 536.468 552.593 674.062 686.125 693.281 743.562 775.250 787.125 803.718 833.562 851.843 856.781 956.781 1048.593 1053.906 1056.125 1064.843 1079.875 1226.125 1240.843 1307.500 1346.750 1376.062 1386.875 1427.906 1437.656 1444.906 1534.031 1544.500 1550.093 1635.562 1659.531 1693.250 1721.312 1752.093 1766.562 1792.500 1799.250 1806.843 1817.687 1934.468 2006.531 2156.531 2679.062 2783.281 2945.156 2964.031 3482.343 3733.812 
