21.312 45.875 225.531 399.687 567.937 665.250 1150.093 1340.343 1640.468 1651.000 1701.343 1728.937 1833.343 
20.156 45.125 231.750 437.187 437.843 549.125 659.093 1694.500 
437.781 733.906 823.812 917.937 952.718 974.281 1797.281 
47.218 1049.437 1180.625 1638.468 1865.718 1926.375 1989.343 
247.000 269.125 681.625 731.531 1459.562 1628.562 1994.312 
22.750 35.062 49.625 69.437 312.156 341.781 369.031 549.843 639.343 1408.437 1653.437 1707.062 1869.000 
35.562 228.812 395.750 523.781 525.187 526.531 681.593 819.937 974.062 1005.250 1073.937 1268.281 1276.843 1497.187 1636.593 1987.750 3759.093 
20.531 50.968 56.468 110.781 128.718 191.312 229.593 397.593 505.312 592.343 824.031 1168.750 1304.031 1372.812 1824.906 1835.375 1931.406 
20.718 29.437 68.750 88.343 138.343 314.000 399.000 476.406 526.437 760.000 871.062 1173.031 1198.031 1280.875 1446.531 1448.343 1478.062 1517.562 1929.687 
20.718 44.093 176.312 187.500 436.687 450.250 547.812 658.187 714.718 749.531 935.968 1197.062 1494.187 1606.937 1638.625 1839.125 1930.906 
