53.250 99.718 103.406 119.718 356.281 736.218 1070.875 1175.937 1352.218 1435.687 2001.250 2007.218 2028.750 2037.750 2046.906 2049.687 
144.375 161.062 350.406 1072.531 1203.500 1312.562 1371.000 1704.281 2012.968 2115.375 2177.937 
162.281 1029.625 1634.375 1982.625 1999.656 2030.812 
120.218 147.812 714.687 747.968 1073.187 1266.343 1444.781 1995.843 2001.843 2030.218 2050.656 
118.062 1040.718 1146.250 1155.031 1193.500 1346.750 1406.531 1744.812 2002.218 2094.968 
255.656 270.093 726.468 1267.406 1356.812 1436.937 1975.593 1983.718 2008.968 2029.187 2117.500 
365.718 524.562 729.562 1180.187 1258.656 1263.468 1274.937 1313.375 1585.593 1858.625 1995.656 2040.375 3464.437 
152.906 717.968 1192.312 1213.062 1258.750 1267.468 1370.625 1402.437 1937.437 2138.812 
125.593 160.281 351.937 534.781 713.750 864.156 1181.093 1358.937 1365.406 1402.781 1456.843 1869.343 1918.312 2007.093 2048.937 2089.156 2172.281 
115.312 140.375 164.781 369.031 711.812 1000.562 1237.906 1267.656 1313.781 1349.656 1376.312 1747.375 1908.781 2186.718 
