16.968 30.406 31.062 133.500 177.187 184.593 189.656 202.406 240.000 262.281 331.281 357.906 360.406 379.031 381.937 436.375 478.468 691.593 693.593 786.125 1034.250 1177.500 1225.343 1367.312 1454.625 1504.406 1802.281 2164.312 2192.812 2214.437 2257.093 2286.031 2287.343 2840.093 
15.250 29.937 79.531 131.187 219.375 243.468 288.375 295.812 302.625 384.312 412.312 456.093 467.031 472.343 493.062 497.656 526.812 587.406 702.406 753.562 782.843 1015.375 1222.062 1358.406 1476.093 1477.625 1499.156 1559.968 1635.343 1658.750 
29.187 77.437 78.562 131.187 222.625 267.843 287.781 308.281 332.562 339.406 359.718 381.437 414.562 896.531 1229.937 1276.250 1829.531 2479.875 3657.406 
28.281 31.312 136.343 139.062 139.562 296.250 325.750 327.687 354.437 358.281 362.375 381.218 478.343 694.843 725.843 728.156 755.093 767.468 905.968 907.562 1220.093 1222.812 1323.062 1329.843 1387.750 2175.593 2214.375 
29.406 31.156 159.062 178.656 253.250 261.656 265.875 306.062 327.218 354.937 370.031 374.531 385.125 454.812 464.156 476.843 779.781 1014.218 1329.093 1360.281 1471.125 1730.843 2120.218 2200.281 2202.343 2491.125 3637.500 3638.250 3641.812 3681.781 
29.156 251.187 366.906 416.718 466.906 470.343 470.906 500.875 728.343 737.343 738.500 750.000 758.281 766.593 911.406 1210.250 1260.468 1366.937 2959.406 
16.218 31.937 33.218 56.187 130.312 132.500 135.937 303.406 313.312 324.968 355.843 386.312 921.093 1213.500 1215.031 1284.687 1401.406 
31.125 67.531 68.625 144.468 175.125 261.875 325.156 382.656 415.062 415.968 465.250 469.687 481.875 482.218 496.968 498.781 530.093 760.750 912.062 1158.656 1373.906 1403.125 1408.093 1432.656 1437.062 1529.968 1565.250 1687.406 1690.593 2223.312 2239.593 2797.437 3506.250 
15.718 26.500 30.562 79.343 140.125 193.781 196.218 295.562 300.218 314.562 325.781 343.843 364.562 384.812 386.218 452.031 506.843 524.468 551.625 688.406 690.656 744.750 762.906 1210.500 1225.406 1471.968 1654.875 1670.343 2160.250 2166.687 2284.218 
16.000 30.437 32.656 69.718 263.531 313.562 322.093 341.875 343.375 377.468 454.843 458.000 681.593 1192.812 1221.843 1328.531 1369.250 2175.406 2177.375 3975.781 3981.687 
