-1453.250 -1444.719 -429.000 -422.188 -419.813 -93.782 29.531 33.031 49.218 55.062 60.000 73.468 86.906 110.968 334.562 338.500 340.531 348.875 354.468 409.562 526.625 527.875 552.218 559.875 595.562 601.687 618.593 860.687 1084.500 1351.468 1351.718 1402.625 1422.062 1991.531 2002.531 2048.093 2919.062 2946.437 2960.375 3004.562 3897.468 3901.562 3942.531 3953.781 
-1967.188 -1930.407 -1925.657 -1885.907 -1809.625 -870.875 -850.250 -688.594 -687.344 -679.500 -369.938 -365.750 -313.344 -297.219 33.812 35.250 43.593 54.593 58.531 87.781 333.281 336.812 341.156 346.125 357.031 368.218 527.906 594.437 604.250 604.718 611.250 613.562 616.187 844.000 847.375 853.625 854.093 906.937 909.187 949.281 1352.437 1369.312 1371.218 1372.406 1380.250 1417.781 1423.093 1985.437 1991.562 2009.562 2046.406 2351.812 2893.718 3015.093 3021.375 3739.437 3744.156 3763.062 
-1831.875 -1823.625 -1530.719 -500.063 -479.688 -461.938 -397.500 -375.938 41.843 44.562 208.562 332.593 341.250 354.218 536.906 832.562 847.500 1192.187 1376.250 1387.906 1396.281 1417.281 1427.968 1429.031 1983.406 2949.468 3502.000 3507.687 3955.687 
-1947.657 -1947.344 -1769.782 -991.500 -966.375 -446.907 -416.782 28.656 28.875 56.343 128.062 140.031 337.781 375.281 383.875 545.406 896.312 1348.562 1379.625 1413.625 1420.750 1515.781 1701.781 2653.156 2677.000 2962.968 3054.062 3062.093 3311.593 
-1900.407 -1888.282 -928.094 -883.719 -699.844 16.062 28.875 61.593 195.906 223.156 351.312 541.562 593.656 596.093 600.312 600.875 624.187 801.500 836.937 947.625 967.406 1099.843 1348.218 1356.750 1364.500 1367.187 1368.375 1382.968 1451.187 1463.750 1525.437 1830.906 1980.625 2080.281 2089.625 2096.906 2623.218 2655.812 3254.812 3568.593 3587.625 
-665.875 -373.063 -44.750 26.593 31.343 37.687 178.437 340.500 541.187 609.531 621.343 635.250 659.062 659.875 1229.406 1276.218 1408.937 1415.343 1428.937 1430.593 1854.562 2548.750 2576.968 3524.187 3565.375 
-1426.907 -1416.344 -1414.750 -1368.344 -90.438 22.968 60.531 71.781 332.875 535.875 558.812 603.187 943.656 1074.968 1352.187 1404.406 1437.812 1774.437 1977.812 2753.218 2758.000 3304.468 3326.187 3627.343 
-1961.688 -1367.782 -803.469 -667.625 23.156 34.625 62.531 76.062 98.312 171.812 283.343 430.375 526.875 595.875 615.468 619.625 872.093 949.593 1248.187 1354.281 1379.093 1392.125 1392.875 1978.125 1993.281 3880.000 3901.093 
-1455.563 -1432.969 -1428.157 -521.313 -463.875 -459.000 -451.688 -448.000 -437.313 22.218 26.406 30.687 62.281 136.968 170.750 193.687 318.156 336.562 405.406 423.531 813.343 1366.500 2778.000 2846.687 2851.250 2854.906 3329.500 3613.625 3665.437 
-1888.000 -1876.282 -1847.282 -1056.563 -946.344 -751.782 78.687 138.218 196.062 206.937 407.531 445.375 554.562 696.500 1483.000 1782.125 1819.281 1829.750 1868.281 1870.125 2008.718 3488.968 
