33.718 62.187 193.500 501.718 610.093 755.125 841.625 847.687 925.593 1018.937 1097.906 1211.437 1379.000 1666.812 1667.843 1832.937 2008.406 2280.281 2293.656 2316.500 3002.125 3194.031 
92.906 195.718 328.093 759.718 844.375 857.937 1013.906 1103.000 1114.468 1210.593 1234.531 1284.312 1381.750 1754.500 1922.093 2004.281 2277.093 3875.937 
29.750 85.687 191.250 841.375 1004.031 1376.906 1383.187 1753.781 1929.593 2078.250 2104.125 2192.562 3829.593 
190.562 613.781 787.218 842.375 916.468 1283.937 1664.468 1755.843 1835.656 2004.281 
191.250 321.843 1196.625 1377.375 
611.875 661.281 662.343 1087.156 1376.531 1660.000 1753.718 3738.218 
946.593 1650.437 1823.437 2286.500 
611.843 614.656 1232.031 1744.062 1990.406 
1003.093 1744.218 2275.343 
51.312 1653.468 
