-1988.719 -1185.532 -1172.782 -1158.563 -1146.875 -801.875 -799.875 -779.532 -770.407 -767.969 -750.157 -710.407 -38.282 -18.813 8.218 29.750 56.781 82.531 83.843 85.031 124.968 189.937 196.125 300.656 380.125 397.937 414.218 644.125 649.468 666.687 939.812 949.281 980.718 1003.125 1161.375 1385.750 1403.968 1628.125 1633.031 1651.781 1714.343 1723.093 1850.781 1873.625 1911.562 2701.687 2720.125 2731.375 2747.593 2752.812 2754.687 2782.156 2845.437 2863.343 3042.375 3261.000 3273.343 3279.406 3280.625 3300.593 3396.187 3567.687 
-1659.750 -1640.375 -1632.500 -1628.532 -1179.344 -1168.375 -1062.219 -28.969 -1.000 10.562 56.218 60.437 90.093 91.968 93.906 98.031 100.125 121.750 126.156 137.718 215.937 230.562 324.781 376.468 396.250 405.000 413.218 438.812 453.250 1035.656 1062.156 1191.750 1203.843 1217.968 1273.125 1299.312 1303.312 1361.312 1370.500 1540.062 1771.968 1778.906 1795.343 2073.281 2146.656 2584.562 2599.000 2609.312 2659.406 3304.468 3306.250 3309.843 3314.531 3332.781 3973.968 3979.281 3983.562 
-1933.875 -1923.657 -1653.969 -1262.344 -1261.250 -1225.282 -1177.594 -1164.563 -735.000 -732.969 -248.625 -236.375 -234.438 -229.407 -168.844 -162.782 -137.344 34.750 201.062 204.781 217.468 342.593 361.687 368.250 397.375 423.812 428.250 922.000 1006.906 1279.406 1316.500 1327.593 1540.218 1549.250 1558.218 1577.968 1780.687 1789.718 1974.875 1982.687 2015.406 2484.187 2552.812 2934.500 3627.750 3652.093 3667.656 3677.562 
-1993.219 -1617.438 -1614.657 -1612.844 -1412.188 -1277.407 -1120.282 -1115.782 -1114.782 -1110.375 -1103.407 -1100.688 -1090.657 -1073.719 -1044.907 -1033.907 -672.250 -609.250 -604.563 -603.594 -588.438 -586.625 -9.188 17.406 27.281 36.531 59.968 94.468 225.468 293.218 332.000 334.656 392.718 775.031 779.031 926.781 1001.343 1065.843 1072.281 1112.593 1142.281 1473.156 1582.750 1713.093 1714.281 2276.750 2297.312 2303.656 2316.625 2930.937 2946.375 2952.562 2970.406 3567.125 3580.281 3583.593 3608.843 3647.000 3708.000 
-1485.375 -1410.657 -1410.094 -1401.719 -1383.344 -1336.407 -1186.157 -968.032 -962.657 -961.063 -925.750 -906.094 -412.407 -159.438 -150.313 -140.094 -137.625 -136.938 115.031 129.843 201.968 422.937 666.593 809.593 970.281 1137.250 1151.375 1274.812 1287.125 1524.562 1534.687 1713.750 1731.312 1734.468 2152.625 2268.312 2873.218 2991.968 3392.406 3393.281 3400.500 3402.375 3408.718 3411.687 3502.093 3510.093 3513.031 
-1494.750 -1473.782 -1212.250 -1205.188 -1197.813 -1191.063 -1189.313 -1185.813 -1142.625 -1126.438 -87.907 -46.438 -21.688 -10.907 269.125 308.656 626.281 629.437 645.000 654.593 697.125 976.156 1021.843 1191.468 1193.687 1410.250 3085.437 3088.937 3106.656 3121.406 3144.375 3245.968 3325.625 3336.468 3381.531 3701.718 3706.625 
-1783.407 -1248.782 -1243.313 -1220.125 -138.000 -129.063 -99.375 -86.813 16.062 27.343 35.500 145.156 220.281 1011.562 1041.468 1543.500 1714.468 1832.218 1878.656 2542.781 2713.312 2715.812 3219.843 3220.656 3233.687 3250.437 3292.562 3312.375 3577.781 3585.312 
-1970.938 -1426.469 -1424.657 -1390.469 -1166.438 63.437 73.437 110.687 438.468 569.843 971.343 980.500 983.312 1002.562 1528.281 1672.531 1672.812 1752.187 2594.125 2648.406 2670.593 3619.375 3622.031 3623.562 3627.062 3635.812 3664.625 3679.968 
-1591.282 -1590.219 -946.219 -888.688 -809.782 -614.750 474.062 1432.375 1807.937 1811.562 2113.812 2117.968 2170.968 2772.875 2796.281 2973.750 3020.375 3045.531 3682.687 3684.906 
-1856.563 -1111.313 -1092.813 -445.625 -196.844 -165.032 -2.313 177.375 704.437 847.687 1018.531 1042.531 1073.281 1792.781 2464.968 2467.375 3749.062 3750.812 3777.687 
