-1693.313 -1654.250 -1625.469 -1267.657 -1238.157 -959.532 -895.688 -420.563 -389.063 -384.782 -197.313 -146.250 -130.469 39.812 43.375 43.750 47.812 50.625 74.375 113.593 232.062 234.468 238.156 256.187 277.312 284.031 423.437 425.656 668.218 712.500 725.781 768.687 772.937 951.375 958.812 1011.531 1021.250 1064.718 1090.656 1122.750 1160.468 1529.937 1533.750 1695.812 1748.468 1759.500 1866.062 1881.406 1919.062 2173.312 2183.375 2767.875 2824.687 2830.250 2845.593 2854.906 3279.281 3297.343 3912.781 3915.281 3921.406 3979.062 3984.093 
-1997.282 -1996.532 -1986.594 -1967.719 -1945.938 -1936.500 -1881.844 -1492.563 -1491.469 -1209.469 -1173.313 -1152.219 -1145.000 -1136.000 -1089.250 -1087.563 -1084.532 -1045.125 -1043.500 -201.750 -198.438 -193.813 -184.313 0.593 54.750 63.218 65.656 67.406 75.093 75.593 145.156 157.187 158.656 172.812 212.187 259.625 266.875 415.187 420.968 424.218 760.843 771.531 805.250 859.156 863.656 871.343 892.687 895.468 921.031 1022.718 1029.343 1405.531 1432.812 1434.312 1442.750 1445.031 1447.343 1506.718 1739.375 1750.531 1857.750 1860.781 1862.656 1901.062 1924.031 2016.156 2751.062 2751.531 2770.218 2771.875 2772.218 2773.906 2780.437 2782.437 2803.031 2811.125 2820.343 3444.437 3487.093 3805.468 3836.562 
-1905.219 -1505.625 -1173.469 -1171.500 -1152.375 -1058.157 -413.907 -407.250 -401.219 -377.157 -222.907 34.000 53.906 57.437 78.375 82.687 105.343 113.531 116.875 121.812 357.593 373.218 375.812 421.625 639.750 887.375 895.281 908.375 1001.625 1005.937 1171.875 1377.500 1665.218 1688.656 1799.843 2062.000 2486.031 2508.625 2514.437 3259.093 3260.500 3263.625 3265.281 3265.968 3288.000 3288.531 3310.593 3765.156 
-1594.938 -1552.438 -1547.657 -1040.344 -1038.938 -1029.094 -638.969 -632.063 -628.500 -325.407 -96.500 -89.157 67.937 76.343 95.531 238.125 269.531 422.000 436.937 715.937 837.312 874.750 876.375 877.593 882.843 911.531 933.781 999.812 1258.906 1266.062 1270.281 1275.656 1405.718 1549.156 1876.250 2490.031 2500.937 2516.968 3112.625 3170.500 3193.312 3203.093 3212.343 3217.843 3219.031 3230.875 3232.937 3238.406 3241.031 3257.656 3270.250 3280.875 3297.437 3298.750 3347.468 3348.718 3805.500 3914.562 3920.375 3928.000 3928.468 3928.656 3929.312 3936.187 3937.718 3948.343 3950.781 
-1562.938 -1065.157 -1039.532 -1014.875 -991.157 -932.625 -930.750 -769.594 -688.719 -685.469 -681.375 -675.813 43.875 73.406 117.250 142.437 188.312 218.656 257.468 297.156 560.843 688.406 721.250 902.125 1112.531 1285.656 1401.500 1568.062 1574.812 1580.062 1592.125 1623.093 1647.312 1668.718 1981.000 2012.312 2081.312 3114.843 3119.531 3160.937 3181.093 3244.218 3636.156 3643.312 3663.968 3839.687 3845.343 3877.437 3915.750 3925.750 3934.312 
-1850.125 -1844.500 -1833.938 -1821.625 -1818.938 -1406.157 -1395.063 -1393.032 -1391.688 -1363.000 -1359.469 -1286.219 -1265.438 -1168.719 -1167.438 -1090.063 -118.032 -111.813 224.531 574.875 813.406 820.468 869.093 1652.687 1847.843 1907.468 2605.781 2614.375 2622.281 2628.125 2630.718 3468.000 3526.406 
-1317.750 -1315.407 -1273.469 -948.688 -944.875 -933.657 -932.563 -912.532 -681.063 -678.657 -677.563 -659.907 -647.750 46.500 68.343 74.250 106.968 110.750 112.437 118.156 415.125 598.468 643.750 652.375 656.093 657.562 1232.156 1235.781 1246.343 1254.531 1276.500 1294.000 1298.562 1346.687 1840.062 1869.656 1882.968 1920.781 1926.843 2598.312 2614.218 2620.968 2669.187 2713.843 3300.125 3308.937 3475.031 3553.062 3554.218 3555.843 3556.093 3558.812 
-1875.094 -1822.813 -1822.188 -1820.875 -1820.438 -1815.969 -1815.157 -1812.313 -1219.750 -1171.844 -1169.344 -1169.032 -403.282 -387.938 -253.407 -147.969 176.343 233.781 606.218 685.031 685.875 816.531 896.656 1107.750 1130.250 1135.593 1503.281 2283.281 2616.656 2621.781 2622.250 2915.093 2918.875 3186.593 3190.437 3535.750 3975.687 
-1900.657 -1573.282 -1572.750 -1550.907 -1074.532 40.187 45.062 56.812 605.593 624.062 624.343 922.218 992.218 1760.406 1932.875 2383.687 2407.250 2413.750 2415.062 2663.593 3641.531 3733.312 3734.218 
-583.375 -578.219 -520.407 -426.969 -153.782 -131.313 -117.282 -84.625 -81.344 -50.250 588.031 819.781 858.593 1351.031 1357.968 2510.000 3419.968 3874.000 3876.281 
