48.593 49.093 56.218 68.343 231.593 250.156 406.375 406.718 413.156 419.750 747.125 813.375 850.968 987.343 990.312 1114.593 1138.562 1139.375 1139.625 1154.468 1384.187 1586.843 1706.312 1706.781 1736.437 1873.625 1975.062 1978.343 1998.437 2016.406 
62.500 243.187 405.156 406.937 1144.000 1707.062 1839.406 
49.906 72.687 73.187 406.718 409.468 641.500 851.437 984.500 987.218 1706.781 1707.500 1839.687 1842.125 1842.468 
49.281 242.812 878.812 1379.875 1874.062 
-1869.125 48.000 56.593 71.531 229.968 233.562 405.968 407.875 848.218 855.500 984.187 1142.125 1840.250 1919.062 1978.406 1998.125 2009.343 
232.968 246.031 878.250 880.875 1623.250 1706.187 1841.250 1998.218 
63.593 230.718 231.250 245.156 427.781 428.250 879.843 984.718 995.250 1079.593 1119.125 1139.281 1705.781 1720.625 1842.781 1845.125 
75.875 231.218 925.937 987.093 1119.687 1139.500 1707.187 1839.906 1841.375 1843.187 1843.625 2007.531 2017.906 3760.500 3760.906 
-1718.282 47.093 73.875 233.031 243.656 851.906 895.593 984.781 988.625 1141.531 1585.843 1839.312 1840.531 1842.500 1842.687 1977.187 
46.968 49.750 76.500 419.718 603.062 847.718 849.750 1066.468 1142.062 1143.062 1838.687 1867.062 
