264.125 300.343 358.718 484.718 1149.281 1371.625 1395.000 1436.312 1582.875 
33.343 266.968 363.375 504.187 1342.437 1398.031 
60.625 295.437 333.406 390.625 538.812 660.343 1143.625 1305.000 1399.125 
33.781 363.718 486.968 512.843 729.531 1154.500 1586.062 
299.250 343.875 487.687 544.875 552.031 1314.562 1407.718 1617.781 
34.156 294.406 505.750 661.406 885.781 1167.843 1536.562 
49.562 296.187 421.812 1147.468 1531.843 1588.343 1776.687 

383.156 476.281 487.968 536.843 1341.125 1370.937 
33.218 55.343 294.687 361.437 380.031 407.031 806.500 1338.187 1395.812 1582.875 
