33.250 59.625 190.062 505.718 514.750 518.093 593.187 657.437 742.687 795.968 863.531 1070.937 1084.281 1196.687 1285.875 1417.937 
62.843 202.281 336.625 525.062 649.437 655.562 743.875 872.125 1060.031 1099.656 1182.843 1186.062 1198.281 1318.375 1325.281 
63.093 69.375 507.437 670.000 744.718 795.937 865.593 1188.500 1197.281 1239.562 1279.156 1286.281 1417.656 
525.937 534.281 593.156 650.031 685.812 745.062 747.000 894.843 1090.125 1183.250 1219.593 1288.406 1324.906 
32.343 529.250 593.187 637.968 737.531 745.031 862.375 869.062 878.781 885.250 896.812 1187.281 1196.500 
40.312 59.562 68.281 146.968 517.250 744.968 745.625 862.062 876.437 1200.468 1286.125 
13.156 524.562 643.968 744.937 746.718 1060.500 1089.656 1130.625 1196.750 1204.312 2903.656 
215.125 520.250 534.375 593.125 625.031 701.062 765.000 864.593 894.812 1057.843 1098.875 1196.843 1240.031 1285.781 1287.375 1297.250 1332.218 
524.937 565.312 738.125 742.375 745.250 876.906 1182.093 1196.625 1205.968 1324.968 
523.000 755.968 765.125 776.468 876.093 1061.750 1278.593 1285.812 1327.156 
