36.687 362.687 857.093 859.031 981.468 1336.406 1472.000 1995.718 1999.218 3378.968 
857.031 858.781 1400.250 1404.843 1994.656 1995.687 1997.812 2001.468 2705.843 2708.375 2710.531 
855.781 857.593 859.718 861.937 1018.281 1340.312 1994.562 1996.406 1999.312 
856.375 858.468 1334.625 1336.468 1339.250 1999.250 1999.843 
34.843 855.406 856.218 1337.875 1401.531 1993.875 1996.156 1997.187 
856.343 1398.906 1399.812 1402.000 1404.531 1995.093 
860.031 1396.281 1397.937 1399.781 1401.593 1995.468 1997.500 3796.468 
78.562 856.656 858.406 860.281 1334.281 1336.093 1397.343 1399.031 1400.750 1402.312 1404.500 1409.687 1995.875 1997.718 1999.437 
854.687 857.468 1336.656 1338.468 1340.625 1398.437 1995.687 2886.062 2889.312 
861.218 1337.531 1340.125 1395.468 1397.062 2070.468 
