16.843 26.031 42.812 73.687 120.437 131.250 308.593 340.250 345.687 453.812 493.031 506.750 514.562 533.625 600.625 627.437 680.843 743.062 880.968 889.906 1000.625 1067.375 1141.187 1210.000 1356.531 1378.343 1400.562 1495.937 1670.625 1730.218 1815.093 1983.812 
17.281 21.375 22.750 68.687 285.062 293.062 298.000 341.781 423.187 467.875 472.062 481.343 530.843 665.312 666.312 765.781 865.000 873.625 1126.937 1182.406 1282.937 1347.437 1364.343 1384.000 1390.187 1410.500 1490.218 1498.000 1694.968 1744.406 1780.562 1784.500 1794.718 1924.093 
16.937 21.468 21.687 51.375 74.593 283.218 287.156 327.250 334.062 506.687 513.312 676.531 777.250 882.593 982.093 1098.937 1106.906 1151.656 1185.625 1208.156 1281.687 1359.750 1376.843 1490.062 1493.437 1688.250 1729.593 1756.031 1773.687 1891.593 1896.593 1958.187 
22.156 33.437 44.250 50.531 81.312 95.468 283.562 292.531 329.718 341.125 388.187 393.218 482.812 506.625 524.687 539.750 680.625 881.406 983.562 987.781 1092.781 1156.500 1226.718 1278.812 1282.781 1409.500 1490.125 1670.312 1688.218 1756.875 1787.031 1825.375 1895.656 1907.000 
16.343 21.468 22.406 24.000 123.718 139.343 162.937 284.562 288.281 395.093 503.312 602.375 682.718 1021.968 1147.312 1156.687 1183.750 1191.375 1279.875 1340.843 1360.562 1490.062 1515.312 1525.875 1797.187 1875.187 1907.437 1983.156 
16.406 21.468 27.156 80.937 129.562 164.750 284.375 292.312 334.375 369.250 424.062 467.593 500.750 511.406 515.781 526.281 633.093 675.406 678.531 800.156 878.687 882.125 883.062 999.781 1060.937 1182.562 1271.843 1347.468 1352.250 1360.687 1369.187 1369.656 1376.593 1396.781 1487.625 1629.312 1670.968 1729.375 1729.937 1768.812 1889.093 1895.187 1896.093 1938.875 1987.593 1988.312 
16.562 21.062 21.718 78.906 82.656 162.250 284.281 308.281 334.343 354.750 377.937 451.562 482.625 514.937 530.375 549.843 591.656 592.750 658.218 987.437 1077.000 1107.218 1362.375 1384.656 1400.187 1407.750 1486.218 1501.312 1503.625 1619.875 1643.843 1651.750 1730.593 1987.812 
52.406 80.281 273.406 346.375 360.156 423.250 529.031 630.093 667.156 669.406 781.250 877.843 978.812 981.156 1018.218 1114.937 1151.906 1159.906 1223.781 1354.843 1364.031 1398.718 1617.218 1697.812 1711.500 1881.687 1985.187 3652.812 
30.937 125.687 145.906 308.343 327.750 461.500 481.500 507.156 555.156 865.531 986.562 1001.000 1147.968 1157.750 1183.468 1223.750 1283.843 1284.312 1343.000 1359.250 1375.968 1400.125 1481.531 1490.281 1528.781 1748.343 1890.843 1984.562 2353.218 2687.687 3601.906 
16.937 17.375 21.781 81.937 393.812 424.156 449.718 462.500 500.187 511.187 559.406 592.031 629.656 676.343 871.812 1054.562 1100.468 1151.718 1237.312 1361.281 1364.000 1375.937 1376.843 1390.593 1484.156 1494.437 1648.125 1665.343 1673.250 1780.031 1915.218 1916.125 1933.687 
