247.250 383.781 451.468 569.468 755.437 924.312 979.531 1247.687 1463.531 1834.531 2141.187 2232.875 2445.906 2660.937 2998.812 3173.781 3375.531 3706.062 3748.968 
189.093 240.781 623.500 1342.687 1779.562 1918.031 2374.031 2697.343 2714.437 3177.375 3648.000 3853.968 3868.687 3899.718 
17.593 98.312 162.156 260.875 441.187 562.468 598.187 896.312 998.250 1017.156 1480.937 1786.406 1806.562 1868.156 2398.937 2420.281 2680.062 2710.656 2758.562 2774.125 2827.937 2916.312 2962.812 3331.406 3383.125 3394.218 3415.656 3448.000 3461.718 3671.750 3727.718 
13.343 211.218 391.281 410.843 567.968 586.625 733.031 757.062 978.812 1045.187 1326.562 1355.593 1379.812 1479.187 1670.593 1805.156 2045.093 2069.812 2472.125 2698.093 2704.875 3122.906 3233.906 3722.093 3738.218 3830.281 3846.250 3862.875 3884.250 
227.000 334.031 628.312 714.218 930.937 1008.562 1053.906 1064.375 1087.875 1474.687 1496.781 1514.406 1581.500 1786.968 1825.687 2190.468 2798.375 2926.093 3002.250 3377.156 3387.031 3629.062 3640.531 3670.187 3715.000 3726.375 3757.781 3912.906 3917.531 3928.281 3984.000 
204.906 282.562 441.625 627.875 725.593 739.031 995.406 1008.000 1020.187 1042.468 1301.500 1317.250 1338.968 1458.937 1589.687 1668.718 1713.750 1791.812 1810.687 1823.781 1834.531 1845.562 1864.843 3622.093 3627.906 3644.468 3711.312 3794.093 3819.406 3830.375 3844.687 
224.500 280.093 315.843 345.093 440.843 658.937 701.281 896.062 985.625 1040.937 1089.000 1452.625 1839.156 2281.593 2840.750 3063.843 3106.031 3141.843 3171.937 3316.218 3338.500 3363.781 
222.312 269.656 338.312 389.406 451.281 711.281 977.687 994.062 1084.875 1152.593 1440.937 1837.687 1849.062 1874.312 2221.093 2968.500 2978.875 3051.875 3113.406 3128.000 
101.718 249.593 297.531 331.531 553.468 578.031 746.156 770.812 962.906 1041.906 1088.343 1405.093 1552.125 1726.343 1772.656 2120.187 2444.437 2489.000 2494.593 2522.843 3146.281 3257.812 3847.750 3856.281 3865.875 3896.062 3921.843 
138.750 300.375 324.593 454.093 630.531 678.468 878.218 999.062 1045.187 1060.875 1080.625 1108.375 1671.406 1765.281 1837.125 1845.968 2331.031 2928.875 3005.968 3600.843 3654.625 
