46.562 56.562 210.250 229.218 243.968 270.906 275.250 281.125 368.375 683.343 1032.500 1108.562 1153.593 1426.812 1427.875 1695.843 1697.687 1732.500 1848.343 1864.312 1887.593 
38.375 68.312 69.812 70.968 80.437 226.843 317.750 369.593 444.968 559.093 764.937 884.875 900.343 1069.781 1427.812 1466.437 1757.687 1849.562 
97.375 112.843 211.812 424.250 456.625 514.656 738.406 822.093 948.468 1070.937 1122.531 1239.000 1391.937 1427.343 1626.687 1627.750 1689.343 1862.531 1906.281 
16.312 67.625 96.437 214.687 440.375 1113.343 1118.093 1123.625 1137.500 1220.968 1428.531 1442.781 1470.343 
26.375 37.875 245.468 354.312 368.218 375.843 398.093 440.343 442.718 444.406 513.656 518.843 775.281 885.562 1106.375 1120.906 1152.687 1301.531 1344.187 1627.593 1711.593 1971.187 
17.031 65.562 66.718 210.937 391.437 562.187 791.843 1123.062 1256.312 1345.937 1601.687 1709.718 1936.156 
594.875 763.406 1104.875 1848.625 
70.437 96.437 245.718 272.093 959.593 1031.281 1468.406 1846.250 1848.937 
17.375 96.500 270.906 1257.500 1335.781 1467.875 1468.781 1566.468 1889.750 1900.468 1929.250 1939.031 1970.937 
98.468 135.656 180.437 355.437 793.281 1073.000 1125.125 1406.125 1469.531 1630.406 1755.875 
