16.250 542.781 767.625 805.625 811.187 977.718 978.812 1175.968 1397.750 1401.750 1404.531 1408.718 1775.406 2031.343 
374.125 747.875 809.843 872.312 976.843 1008.156 1114.781 1389.875 1915.625 
360.406 1228.812 1229.781 1607.531 1791.093 1793.218 1822.562 1916.906 1918.468 1923.062 
363.218 392.156 978.406 1061.968 1161.968 1227.062 1431.062 1770.000 1778.875 1796.125 1915.656 2966.875 2970.843 
163.625 164.437 363.906 745.937 760.218 987.843 1228.531 1408.750 1426.718 1445.781 1778.781 1931.562 1946.968 
759.906 978.343 998.468 1228.406 1228.812 1369.156 1918.312 2418.250 
189.406 813.500 832.687 1362.812 1376.437 1408.843 1423.312 1793.781 1916.156 
164.937 618.531 629.500 630.218 746.187 761.000 766.906 771.343 1229.000 1366.093 1374.218 1398.468 1776.937 1786.187 1796.250 1915.843 1932.468 2156.937 3813.750 3889.218 3890.906 3994.906 
174.187 391.843 746.125 832.125 832.906 991.437 1010.656 1127.718 1227.531 1408.250 1413.937 1422.218 1780.593 1810.343 1811.125 1843.562 1915.062 1917.093 1946.906 2395.250 3956.093 3963.312 
397.593 983.437 986.218 987.031 1162.906 1178.343 1229.218 1405.312 1805.281 1805.906 1920.031 1948.000 2831.593 
