36.656 62.906 123.843 508.062 536.625 541.843 566.406 966.437 1134.343 1165.906 1367.718 1368.312 1418.156 1465.062 1580.812 1650.843 1888.531 3842.250 
33.312 87.312 99.625 169.906 370.281 533.156 601.625 617.312 625.812 690.718 707.687 795.156 829.906 836.718 932.937 933.406 965.250 1136.312 1169.656 1197.312 1290.781 1328.437 1405.187 1427.250 1433.281 1600.281 1633.812 1651.281 1705.281 1733.375 1778.968 1821.656 1948.437 
30.093 37.218 64.062 65.031 87.312 103.375 134.937 194.968 222.875 233.031 252.687 537.250 573.593 983.781 1038.343 1166.218 1367.062 1651.281 1890.468 1934.312 2364.156 
25.125 49.843 102.531 128.531 190.562 267.468 341.625 362.531 376.875 536.718 540.593 573.906 596.218 938.062 1066.156 1135.718 1160.343 1428.906 1570.156 1879.593 1899.250 2509.968 2832.968 
51.156 91.031 100.343 215.000 251.812 252.375 339.187 378.968 414.843 458.750 537.218 542.062 617.625 662.468 671.500 862.437 906.531 1027.031 1130.406 1431.031 1458.593 1479.500 1614.250 1651.312 1704.187 1736.781 1765.437 1778.687 1802.093 1901.500 1929.437 1934.750 3597.625 3678.156 3795.531 3930.500 
64.156 76.468 102.687 103.750 115.500 136.625 157.125 194.250 285.531 300.875 386.156 567.406 572.375 627.531 708.000 802.406 803.062 1131.125 1165.781 1167.343 1202.062 1236.625 1298.781 1366.750 1367.562 1394.750 1573.906 1586.656 1631.093 1668.500 1703.906 1741.343 1823.718 1826.343 1935.468 2281.187 2459.500 3200.875 
21.562 25.062 42.781 87.218 91.187 117.500 127.312 359.968 378.000 428.281 508.781 622.687 628.718 641.156 685.343 690.125 704.562 709.375 767.718 804.000 992.281 1056.687 1065.718 1136.843 1155.937 1171.093 1210.062 1637.093 1723.031 1767.062 1892.562 1898.281 2002.437 3349.312 3695.625 3826.062 
29.437 63.718 64.093 96.062 102.187 103.750 136.093 137.375 180.281 190.375 251.406 263.156 340.843 344.281 430.531 467.718 530.156 555.843 569.593 620.718 626.187 626.593 663.625 691.125 714.218 822.500 846.031 935.937 1029.062 1029.531 1061.468 1112.468 1130.468 1157.437 1406.718 1602.468 1624.812 1648.343 1772.843 1806.656 1827.218 1893.000 1893.968 1935.250 1999.750 3332.906 
30.750 35.750 62.250 74.031 92.250 135.312 191.281 219.031 219.437 235.437 277.812 318.812 337.062 422.375 542.781 664.656 826.531 892.593 1025.156 1038.625 1069.562 1131.687 1374.156 1702.531 1734.281 2420.031 2483.718 
37.687 41.750 46.156 53.562 66.875 93.656 235.062 415.312 417.750 430.562 530.312 533.375 564.625 689.812 765.625 893.906 1021.062 1023.968 1038.437 1096.093 1142.437 1188.468 1192.531 1352.625 1366.968 1407.218 1433.875 1559.312 1601.375 1608.406 1648.843 1718.531 1733.437 1806.687 1887.812 1892.968 1934.375 1935.156 1942.843 1999.937 3828.406 
