25.875 33.187 140.000 148.218 214.750 575.375 635.000 854.750 1059.468 1119.593 1386.343 1831.031 1880.781 1991.750 
85.843 275.406 455.000 583.375 952.156 1009.593 1063.656 1138.593 1186.750 1278.312 1300.781 1351.437 1509.625 1737.312 1812.312 1838.593 1876.218 1899.375 1995.468 2209.468 3021.687 
69.062 107.312 227.625 262.781 276.375 453.906 569.812 700.187 926.812 1187.906 1188.437 1380.781 1591.531 1602.406 1743.406 1765.781 1879.968 1974.906 
47.156 136.906 365.750 587.843 654.281 690.781 695.343 774.718 860.000 1163.468 1247.625 1592.937 1598.281 1659.968 1750.812 1880.625 
31.562 39.906 40.218 48.625 69.156 76.312 85.593 140.468 150.187 228.343 369.343 378.343 454.562 547.625 653.187 670.312 781.437 801.531 949.375 951.656 1042.875 1047.031 1237.281 1242.281 1278.437 1492.875 1659.656 1682.125 1724.625 1741.187 1750.375 1812.281 1827.375 1876.531 1879.343 1986.406 
76.750 85.531 98.781 185.718 219.250 219.718 234.781 281.062 451.906 519.687 580.906 635.906 693.406 757.375 1063.062 1104.468 1186.968 1196.000 1257.562 1376.843 1577.250 1730.843 1867.687 1881.093 3543.375 
132.875 140.625 199.468 237.093 289.562 366.500 583.593 732.406 774.218 1118.812 1186.656 1326.875 1660.062 1807.750 1837.750 1944.656 3067.500 
68.937 112.656 219.843 238.312 242.343 253.218 281.781 447.625 456.062 474.656 636.062 670.593 745.812 788.500 822.250 946.250 965.437 1014.906 1104.968 1119.281 1181.937 1197.562 1242.687 1269.906 1321.750 1349.343 1408.531 1425.625 1456.031 1488.562 1531.812 1763.687 1830.906 3135.500 3320.562 
19.343 62.843 148.656 157.250 198.593 232.500 241.156 442.125 450.875 473.906 590.312 654.406 701.968 830.968 922.750 927.468 1001.718 1062.250 1094.843 1166.156 1193.531 1344.906 1381.875 1492.812 1614.781 1659.625 1725.875 1830.968 1876.968 1962.562 1986.406 3583.468 
18.312 42.875 69.750 76.218 111.843 139.500 151.625 369.937 446.937 451.437 495.593 594.031 620.718 652.687 772.781 779.968 819.250 859.593 922.718 935.031 1048.562 1105.375 1119.593 1189.062 1196.437 1256.000 1429.562 1495.656 1595.968 1680.343 1764.781 1810.531 1839.093 1878.187 1988.437 2559.625 
