189.406 327.343 475.093 577.593 682.656 817.531 864.906 1002.687 1512.125 
71.500 218.687 546.406 571.406 852.468 1761.187 1859.406 
284.625 286.031 576.843 678.656 699.031 1379.781 
17.500 198.375 678.968 1121.281 1188.312 1510.468 1729.468 1763.750 
187.531 220.187 254.093 347.218 677.156 783.437 934.187 1028.406 1083.937 1183.406 1188.312 1513.343 
678.875 682.031 716.093 850.281 965.656 1002.375 1021.343 1588.625 1609.843 1663.562 1665.656 1684.500 1729.875 1859.906 
151.906 198.750 251.812 283.843 518.312 575.281 696.125 934.406 986.593 1056.000 1149.031 1189.531 1398.781 1745.906 1858.375 1921.062 1925.125 2653.312 
16.968 158.937 189.812 650.843 678.250 785.750 846.031 943.687 1056.062 1085.531 1156.750 1183.312 1194.625 1318.625 
101.500 200.312 202.812 545.687 684.218 716.781 1084.937 1926.468 1927.781 
-1580.063 135.531 188.843 203.031 287.093 433.406 577.531 654.093 655.750 716.031 718.218 797.375 945.062 1090.687 1401.218 1487.812 1512.750 
