444.250 522.062 525.781 526.937 527.218 527.906 551.343 590.187 590.781 593.312 602.281 829.718 875.406 879.718 1042.406 1045.906 1057.062 1229.468 1310.000 1312.000 1376.687 1377.218 1378.562 1382.250 1509.250 1625.687 1633.687 1671.812 1676.687 1841.937 
528.812 531.531 551.125 590.593 590.781 591.468 592.437 875.156 1042.812 1043.875 1228.562 1228.937 1377.187 1377.781 1378.625 1380.281 1406.343 1622.031 1668.281 1672.125 1842.562 
550.718 551.718 589.562 591.625 594.093 874.937 876.218 1381.000 1621.312 1622.593 1673.250 1845.750 
527.187 528.281 548.812 549.312 551.625 590.500 591.000 594.250 829.812 1044.281 1311.531 1313.187 1375.218 1376.468 1621.687 1623.031 1841.062 
453.781 525.843 527.312 528.468 529.500 594.312 604.531 829.562 1041.843 1232.375 1376.156 1380.125 1405.125 1407.031 1479.968 1622.687 1623.156 1624.593 1841.062 1841.812 
530.156 551.500 591.093 593.312 593.843 826.187 829.750 876.312 1376.656 1378.187 1380.218 1622.875 1623.781 1624.656 1671.125 1672.000 1756.125 1840.968 1911.031 1942.437 
71.937 528.125 529.375 589.062 590.718 592.343 593.000 619.250 843.187 875.156 1042.562 1044.843 1309.125 1376.906 1377.875 1380.468 1622.375 1625.281 1672.156 
589.875 830.562 871.718 1377.125 1622.250 1842.093 
377.812 527.312 527.531 550.875 551.593 593.187 829.968 1044.062 1311.593 1312.406 1376.875 1377.500 1378.500 1671.718 
531.531 550.968 589.406 590.343 591.500 829.875 873.406 1042.593 1042.812 1063.625 1380.281 1409.750 1671.125 1671.843 1840.875 1908.437 
