17.125 33.531 33.906 38.312 45.562 60.843 79.406 105.593 169.156 221.031 244.750 300.875 301.718 329.531 367.718 376.093 415.531 487.843 735.812 780.312 845.500 1006.000 1049.218 1073.187 1141.875 1236.750 1276.781 1418.375 1442.781 1480.500 1484.531 1598.937 1622.718 1623.906 1664.656 1666.125 1721.375 1825.812 1828.843 1848.968 1870.062 2005.093 2845.000 2850.187 3469.593 3472.718 3473.375 
15.281 17.593 18.125 20.875 24.125 35.062 39.281 57.781 217.562 221.687 302.437 325.593 423.093 468.906 482.187 613.093 672.468 703.093 840.531 963.437 979.875 1007.375 1129.625 1133.687 1141.593 1234.750 1369.437 1423.125 1490.937 1557.250 1579.406 1644.843 1647.843 1672.031 1707.312 2545.250 2545.468 2548.750 3122.375 3125.406 3675.031 
15.562 15.937 36.625 63.562 100.406 101.406 104.531 176.812 304.218 411.218 424.500 483.218 678.468 780.343 840.593 959.593 1007.343 1010.968 1021.562 1048.562 1490.718 1604.437 1645.656 1779.656 1870.187 1871.000 2001.250 2487.437 2488.218 2488.468 2491.406 3684.031 3954.406 3957.625 3957.937 
14.062 14.843 17.437 17.656 18.125 25.468 30.562 59.687 74.531 104.750 222.062 224.187 258.937 349.875 355.562 364.062 408.250 484.937 574.562 613.531 867.687 959.781 963.468 969.187 1051.000 1128.500 1235.875 1237.187 1334.375 1623.562 1645.343 1971.437 
15.968 18.656 19.562 35.125 99.375 105.687 221.875 225.906 305.093 467.250 468.812 469.906 484.218 615.500 975.218 1051.687 1599.218 1645.000 1708.531 1780.031 3197.843 3198.156 3201.562 3201.968 3804.375 
15.312 15.781 18.531 21.437 21.843 25.093 73.687 105.093 185.968 281.312 302.281 400.125 427.468 468.375 632.062 735.593 813.875 971.968 1353.312 1375.625 1645.500 3513.750 3514.312 3518.312 
21.562 62.500 218.187 467.812 475.750 617.281 1781.031 
15.687 17.687 19.125 21.093 21.281 368.312 485.312 663.000 1014.156 1875.000 3677.687 
15.593 18.968 21.156 1402.093 1424.875 1783.531 1845.781 3708.468 3708.781 
16.000 20.812 24.031 247.187 350.281 613.781 1013.031 1418.656 1489.531 
