-1953.719 -1884.907 -599.657 15.781 39.437 85.531 124.187 209.593 407.562 414.937 440.531 506.906 571.343 659.468 698.062 753.750 761.968 813.406 898.468 1026.125 1076.125 1093.281 1230.531 1339.218 1443.375 1511.937 1530.031 1535.656 1552.843 1614.062 1676.000 1703.406 1754.062 1822.937 1891.906 1898.531 1945.125 1969.843 2672.000 3033.968 3692.750 3735.718 3776.156 3925.687 
-880.969 -596.188 -510.250 -274.250 72.218 113.781 123.781 150.937 211.156 230.562 240.593 343.218 419.531 439.781 541.343 554.312 570.250 583.562 658.718 708.375 879.031 894.750 937.750 957.500 1036.312 1094.468 1266.406 1300.375 1396.343 1438.343 1505.875 1528.593 1541.250 1552.687 1586.062 1619.937 1818.343 1979.031 2513.125 2965.187 3116.625 3324.687 3385.656 3565.250 3788.375 3862.031 3952.000 
-919.813 -195.813 23.375 46.218 64.000 157.093 182.062 195.250 258.500 401.937 571.781 594.375 688.250 833.062 896.281 902.093 1018.125 1035.187 1039.968 1093.500 1131.906 1231.625 1243.968 1526.281 1577.531 1619.375 1723.593 1778.812 1893.593 1964.781 2377.718 2573.593 2967.218 3136.875 3156.968 3884.406 
16.343 36.968 157.531 229.500 270.093 340.281 380.812 391.343 473.812 506.343 531.625 607.843 640.375 719.968 938.718 976.500 1014.718 1040.125 1081.218 1109.000 1158.843 1193.968 1300.156 1351.218 1467.625 1572.562 1605.531 1707.125 1805.812 1870.125 1963.656 2043.843 2855.281 3056.218 3865.093 
-1062.125 16.406 285.843 431.437 465.187 492.906 904.375 1276.187 1438.375 1597.281 1908.625 3688.343 
41.968 107.281 126.062 391.562 836.000 891.125 1096.812 1381.031 1571.875 2641.406 
121.437 125.531 361.093 432.093 465.125 597.312 613.187 697.375 876.562 987.812 1256.187 1694.812 
-1336.219 331.218 363.781 462.937 583.406 619.843 1035.343 1073.437 1662.187 1685.562 1757.062 1823.843 
156.781 402.968 506.687 786.437 1263.031 1307.875 
-1895.375 215.031 241.406 343.656 407.406 563.937 721.062 932.000 1258.500 
15.906 377.250 1026.968 1273.062 
1289.687 1623.656 
641.125 1257.968 1631.093 
87.593 162.500 1346.531 3102.718 
