-1742.344 -1492.094 -1250.094 -530.657 -452.500 27.281 117.500 183.781 233.875 276.875 383.187 407.656 428.187 502.000 564.875 593.687 815.062 960.406 964.625 1042.875 1071.000 1091.937 1117.218 1185.437 1373.187 1602.781 1621.625 1685.250 1758.718 1808.687 1878.843 1953.625 1982.500 2836.000 3194.906 3491.562 3704.843 3943.031 
-1527.188 119.156 126.562 208.781 227.343 265.968 297.843 353.656 374.843 430.125 492.000 557.125 569.625 594.656 605.750 765.187 809.468 855.218 861.218 925.062 1014.750 1041.500 1124.593 1154.187 1194.812 1208.937 1345.625 1366.375 1602.718 1683.531 1750.406 1781.406 1804.093 1831.718 1944.812 2382.093 3052.812 3241.593 3530.656 3875.031 3975.312 
40.375 68.125 274.343 285.250 348.312 408.375 419.406 591.031 607.093 781.031 903.437 956.500 963.843 1110.531 1141.500 1194.843 1474.093 1581.156 1722.437 1863.250 1872.968 2656.562 2974.906 3140.343 
-1467.063 -1378.844 59.187 83.437 235.093 717.843 883.625 937.312 1080.593 1090.187 1614.062 1758.781 1784.562 1813.468 3137.093 
-1289.969 -1116.750 -211.657 323.625 423.281 754.156 806.375 1195.343 1677.031 1942.187 2293.281 2581.500 
-284.594 44.656 143.187 275.093 841.906 1082.250 1689.437 1788.531 
41.500 227.375 331.406 355.687 407.968 1445.843 1679.093 
-1704.657 -596.000 80.406 258.718 277.187 495.250 1039.343 1113.437 1254.843 1403.937 1419.500 1604.000 1778.562 1937.031 1944.906 
170.406 258.437 527.125 894.843 1001.843 1256.437 1310.468 
854.312 1011.781 
17.437 323.750 357.437 1233.187 1478.281 
276.937 284.937 298.281 1184.218 1333.250 1721.968 1981.281 
90.437 1007.843 
-876.188 68.031 1806.468 1926.843 
