13.500 51.000 63.968 93.625 247.781 627.750 834.781 943.562 1135.062 1227.000 1233.937 1255.250 1507.500 1611.937 1682.375 1713.781 1769.812 1962.875 
17.281 19.000 20.031 67.812 166.468 176.812 177.437 213.000 221.375 228.906 237.468 287.906 308.656 363.750 396.562 402.468 412.437 735.593 796.937 839.843 1023.437 1051.781 1169.375 1322.750 1331.500 1379.343 1421.031 1449.125 1488.718 1561.000 1608.031 1692.750 1716.500 1766.937 1815.593 1894.562 1926.218 1977.437 1993.093 3537.937 
-655.969 15.031 17.906 35.093 69.468 80.843 160.906 189.375 258.718 266.781 409.906 410.875 417.531 451.218 553.093 695.562 893.406 960.000 1052.406 1100.187 1133.281 1166.281 1218.593 1255.187 1290.343 1340.562 1342.031 1362.750 1420.750 1518.218 1693.093 1714.843 1816.281 1832.875 
67.406 69.593 130.468 166.437 178.500 223.000 320.750 386.718 399.000 440.312 456.250 554.781 657.187 691.000 697.031 784.093 865.750 907.906 914.562 1030.500 1170.968 1181.312 1188.812 1205.187 1229.250 1292.718 1317.843 1319.843 1321.250 1329.718 1483.000 1497.875 1536.093 1558.375 1766.156 1780.906 1817.187 1875.468 1969.062 2855.062 3503.281 
-810.657 100.312 171.000 220.750 227.250 267.593 268.343 277.531 335.875 345.437 406.593 416.500 422.968 432.687 451.218 455.625 492.625 531.531 619.500 637.968 768.062 784.468 805.625 806.468 841.500 856.625 871.468 970.687 987.437 1095.437 1112.968 1133.687 1234.593 1292.687 1403.875 1642.406 1715.093 1717.531 1731.781 1747.687 1823.937 1894.093 1971.218 
-1660.157 -623.063 -590.563 15.312 61.062 96.187 116.062 154.187 154.843 175.718 180.437 228.531 247.625 312.281 319.875 373.593 407.593 408.500 609.031 643.468 767.250 805.718 806.375 821.218 839.625 998.312 1030.687 1096.781 1097.593 1189.468 1289.968 1318.375 1336.812 1371.500 1397.093 1452.625 1483.093 1492.781 1553.687 1565.250 1611.218 1663.218 1665.687 1678.968 1738.718 1751.968 1753.156 1770.343 1811.093 1812.562 1850.875 1920.250 1944.843 3046.593 3324.000 
20.562 68.968 114.625 129.500 131.125 178.968 268.156 396.750 398.625 423.093 437.687 464.375 598.625 735.250 906.625 971.593 979.187 1024.031 1036.968 1071.562 1098.031 1117.125 1316.562 1425.093 1615.000 1633.875 1665.593 1678.750 1687.656 1769.093 1813.406 1833.687 3163.750 3237.281 
29.031 35.218 156.718 165.937 179.375 267.187 352.281 395.218 467.843 532.687 533.531 610.562 657.531 674.062 825.656 971.250 1197.156 1230.843 1319.968 1356.531 1415.531 1483.218 1562.625 1565.281 1679.843 1692.718 1746.531 1782.281 1815.187 1863.750 1921.062 2168.375 2838.968 3009.156 3377.468 
-475.063 -165.000 52.781 160.343 237.750 330.312 399.718 413.781 431.406 516.187 969.593 1150.312 1162.531 1163.781 1184.281 1220.156 1404.937 1562.781 1684.500 1693.281 1747.750 1796.156 1815.375 1834.281 1917.281 1947.250 2339.187 
-1852.844 -670.938 178.281 412.000 618.343 826.812 975.031 1180.750 1181.781 1402.718 1486.687 1579.062 1692.312 1744.781 1801.312 1820.062 1946.531 1964.406 2741.937 3411.031 
