35.968 49.812 127.937 215.687 223.343 273.937 308.031 319.312 330.531 356.281 375.593 438.031 669.000 850.437 880.906 1005.625 1087.000 1108.375 1329.937 1446.781 1470.093 1568.750 1797.906 1989.406 2009.968 2083.843 2106.843 2145.281 2252.343 
37.437 42.875 61.281 127.812 208.531 221.812 302.906 309.875 320.031 343.062 449.437 648.062 851.156 877.531 956.093 977.437 1086.718 1247.250 1330.375 1350.875 1447.375 1485.812 1567.906 1581.781 1593.968 1808.406 1989.406 2009.093 2145.125 2228.125 
45.937 54.125 127.812 143.656 210.500 223.562 319.781 342.093 439.625 463.468 654.718 669.843 849.937 868.656 944.625 978.187 1014.531 1032.281 1087.187 1352.343 1447.343 1470.656 1479.468 1484.062 1592.406 1805.593 1989.437 2105.250 2130.000 2227.843 2771.968 2779.375 2788.031 2790.468 
38.343 48.031 127.656 208.187 304.906 319.718 329.906 360.593 442.187 461.500 480.218 656.531 977.437 1087.000 1228.000 1332.687 1354.343 1447.093 1569.687 1584.468 1800.281 2085.750 2228.187 
37.375 47.281 62.187 127.812 209.062 308.656 319.843 342.843 448.875 670.375 751.593 851.875 870.468 882.093 990.406 1087.281 1328.875 1351.156 1446.437 1568.656 1591.031 1794.750 2005.031 2019.875 2118.562 2228.093 
36.781 54.093 128.562 207.093 210.375 310.406 320.437 342.593 358.906 446.562 581.875 669.906 850.000 881.906 955.062 977.968 1086.781 1235.968 1329.000 1354.218 1447.250 1568.250 1895.843 1989.031 2009.750 2096.125 2107.593 2128.343 2227.687 
36.093 44.812 61.531 128.093 207.062 223.875 308.562 319.343 343.531 357.062 442.375 458.312 653.687 850.281 866.687 978.156 1086.906 1231.937 1329.812 1448.468 1485.187 1567.937 1588.250 1793.250 1905.000 1992.125 2021.343 2227.906 
36.437 40.156 49.531 60.937 62.468 86.562 90.687 92.062 127.531 207.031 304.062 319.718 343.312 449.093 649.062 670.406 794.031 798.968 805.562 849.593 866.937 882.125 979.875 1029.375 1087.125 1113.218 1225.656 1330.093 1447.062 1485.125 1578.125 1805.343 1987.562 2020.250 2091.187 2128.781 2228.187 2254.812 
37.281 55.125 127.281 154.468 207.687 304.125 319.906 331.437 438.531 448.562 462.687 653.500 850.062 870.281 882.031 978.781 1043.906 1086.906 1120.812 1330.281 1353.781 1448.125 1473.437 1577.125 1989.093 2008.187 2020.187 2106.031 2228.718 
36.968 48.437 62.000 127.250 145.781 207.000 319.812 330.687 447.531 654.281 850.406 869.531 977.968 993.437 1086.531 1108.656 1360.875 1433.562 1447.531 1485.031 1594.937 1705.500 1735.937 1738.250 1742.093 2007.906 2106.656 2129.468 2227.718 2384.406 2387.437 2665.750 3010.812 
