41.031 49.687 68.343 165.812 244.531 250.968 261.562 335.656 347.093 561.156 753.562 770.843 797.687 837.250 1000.562 1068.718 1234.062 1287.531 1372.812 1518.968 
42.343 67.843 173.437 192.218 345.468 362.812 455.500 560.250 753.937 772.000 836.687 1067.250 1246.781 1289.875 1367.062 1390.437 1599.750 1620.125 
39.531 48.656 173.062 182.687 339.593 345.968 364.281 459.156 560.250 754.187 838.250 967.125 1287.875 1366.156 1598.843 
39.968 65.312 163.812 174.531 345.437 468.656 493.468 559.781 720.343 753.062 839.593 1287.437 1366.750 1418.437 1528.156 2568.812 3133.343 3140.906 3160.531 3162.125 3164.093 3166.250 3376.468 3382.468 
48.687 65.875 163.562 174.000 191.750 345.937 380.906 460.687 558.937 752.906 783.187 837.531 935.125 998.250 1087.750 1230.156 1288.375 1367.156 1391.031 1519.000 1599.281 
40.468 54.343 68.125 80.187 162.937 174.093 191.156 345.437 364.562 456.937 481.687 560.343 710.406 753.531 774.750 789.687 838.093 987.718 1068.093 1090.468 1245.031 1287.812 1366.875 1529.593 
38.843 53.125 69.000 166.250 175.250 345.750 375.937 475.062 564.062 752.968 763.625 836.906 865.031 936.812 1014.156 1068.968 1288.468 1366.343 1417.187 1534.406 1616.500 
42.125 80.625 173.843 192.312 345.062 364.687 466.656 559.687 752.968 773.968 836.812 999.281 1070.000 1300.437 1366.531 1384.281 1396.343 1530.656 1599.281 
39.406 49.812 65.343 164.656 192.031 345.093 465.875 499.562 713.218 753.656 771.437 837.312 937.656 999.937 1069.000 1231.031 1287.812 1366.562 1375.937 1390.656 1515.187 1600.750 
38.687 49.500 58.937 163.031 173.593 312.906 344.968 363.093 454.687 563.000 753.468 836.968 841.500 1067.406 1230.343 1288.218 1366.406 1383.218 1390.937 1598.031 
