199.156 320.000 373.093 379.312 384.906 574.656 817.562 902.531 940.375 949.718 961.375 989.562 1466.218 1529.468 2278.718 2397.156 
898.437 1029.375 1216.031 1220.625 1289.187 1520.093 1769.718 2941.250 3843.187 3910.218 
565.062 938.562 1444.375 1528.593 2524.125 2555.531 2582.500 2585.625 3364.468 3432.843 
285.218 321.312 866.593 876.562 939.343 947.187 1062.906 1155.093 1378.312 1795.406 1801.781 2630.281 2907.750 3472.000 3490.250 
93.375 570.625 609.031 613.156 871.531 932.093 945.250 1189.281 1196.593 1211.000 1269.906 1450.781 1454.343 1460.906 1496.000 1566.312 2843.125 
329.031 633.593 907.468 1005.750 1010.218 1339.843 1378.562 1424.156 1512.343 1680.343 1747.281 1764.750 2361.687 2664.375 
577.968 848.343 878.937 939.218 950.531 960.562 1118.750 1191.875 1234.843 1239.187 1390.187 1432.312 1470.468 1549.312 1552.093 1593.000 1603.468 1681.562 2392.187 
313.125 373.437 542.875 571.687 670.125 707.968 727.375 849.468 912.281 928.687 1125.906 1193.968 1225.156 1272.937 1285.187 1290.750 1422.937 1443.156 1447.000 1509.625 1869.375 1908.125 2340.250 
312.843 359.750 451.000 531.656 548.906 810.000 861.156 870.062 877.250 920.031 1007.343 1019.343 1200.531 1264.593 1350.781 1358.281 1419.843 1431.531 1458.343 1606.437 1770.906 1813.593 2180.156 2992.625 3034.281 3042.562 3185.968 3202.031 3900.187 3926.437 3990.250 
316.156 555.187 898.031 960.656 991.125 1063.156 1120.812 1183.375 1197.187 1232.437 1273.218 1277.250 1346.531 1358.781 1370.906 1422.281 1528.125 1787.750 1793.656 2570.250 2628.000 3442.062 3458.968 3475.187 
