-1262.157 -561.532 -353.875 -75.532 121.906 186.750 201.312 509.812 585.031 630.406 721.125 740.656 779.093 812.531 1044.406 1070.500 1382.156 1435.593 1438.968 1445.750 1514.593 1550.000 1681.500 1751.906 1789.812 1825.781 1848.687 1863.281 1873.687 1888.875 1924.937 2030.843 2160.062 2207.437 2317.500 3531.187 
-1431.157 -1374.813 -900.594 -868.344 -837.532 -568.438 -500.282 -497.282 58.593 106.562 406.656 612.406 760.750 784.781 800.875 888.437 1045.625 1059.312 1100.312 1127.343 1144.156 1274.062 1304.781 1390.062 1443.312 1473.312 1490.593 1500.218 1836.812 1863.937 2015.687 2051.593 2062.000 2092.218 2143.062 2185.875 2217.125 2273.625 2280.031 2305.625 
-1734.375 -1599.907 -1397.188 -1392.469 -1381.688 -578.000 -450.438 -205.782 -109.782 -102.469 193.125 731.343 736.875 786.531 935.000 1045.906 1069.812 1115.000 1122.375 1305.812 1332.656 1439.406 1448.250 1505.437 1530.718 1869.687 1920.156 2021.000 2060.781 2086.781 2165.125 2186.343 2193.562 2210.656 2265.906 2268.406 2277.187 2287.593 2916.500 2931.000 2955.500 3710.781 
-301.407 -56.907 37.156 397.718 554.375 751.968 816.531 1045.656 1125.718 1169.875 1228.031 1270.281 1327.156 1392.343 1396.656 1408.687 1431.656 1489.093 1548.968 1672.656 1789.468 1793.812 1811.250 1813.625 1899.187 2016.531 2047.750 2177.687 2193.500 2217.312 2256.062 2298.187 2365.875 2957.593 3749.875 
-726.782 -665.625 79.781 178.312 447.718 606.656 802.968 1032.000 1062.031 1114.656 1183.968 1222.468 1271.125 1320.031 1409.187 1516.875 1582.187 1677.343 1776.656 1808.656 1926.062 2054.718 2147.843 2230.468 2294.281 3020.906 3077.718 3867.156 3881.218 3927.906 
-1831.438 -1815.000 -1787.032 -633.313 59.625 188.781 437.625 505.281 733.031 820.500 1124.968 1180.781 1289.687 1517.281 1568.687 1590.750 1774.281 1896.000 1919.343 2034.875 2157.312 
32.250 39.656 66.437 99.750 113.968 126.625 381.000 626.375 1042.062 1177.406 1504.406 1885.593 1891.500 2025.218 2097.250 2142.187 2184.312 2278.812 2298.500 2313.968 2370.125 3464.531 3473.812 
450.687 730.906 735.968 781.562 1119.000 1136.531 1305.968 1442.968 1493.437 1772.156 1827.531 1881.343 1933.062 2011.250 2031.062 2226.968 2236.375 2301.625 3250.031 3901.656 
46.781 102.375 358.156 457.718 485.750 565.718 735.343 1117.500 1387.343 1396.218 1489.500 1538.468 1818.218 1878.093 2032.531 2137.250 2212.281 2223.125 2230.843 2255.218 2702.312 2913.750 
129.156 719.906 1016.281 1114.562 1148.187 1185.437 1782.406 1864.875 2205.375 2255.906 2299.843 2311.531 
