-1547.125 -1530.844 -1506.969 -1297.625 -1289.782 126.125 234.218 250.843 278.437 307.750 426.875 444.687 480.656 503.093 563.375 633.593 762.312 918.937 1243.062 1357.093 1373.968 1441.375 1567.312 1598.812 1790.062 2528.468 2533.625 
-1635.688 -1567.875 -1128.594 -551.563 -38.813 60.656 119.562 354.000 424.125 476.843 527.312 542.093 567.468 609.562 692.968 781.343 917.937 1086.343 1182.812 1206.343 1477.531 1547.468 1564.281 1583.093 1758.468 2683.718 3914.187 
-1246.563 -661.938 28.625 101.125 121.562 231.937 278.906 377.968 435.343 444.281 470.312 482.062 522.843 557.593 565.906 580.406 601.781 641.562 662.281 925.968 943.031 967.718 1183.406 1207.406 1249.437 1257.031 1373.937 1392.000 1492.406 1505.843 2640.375 2929.906 2942.656 
-1989.719 -970.750 -849.594 102.281 142.500 155.281 224.093 268.875 309.906 392.437 532.562 611.250 699.500 765.250 948.843 1072.625 1204.031 1285.062 1554.468 1606.250 1779.062 1805.937 3543.843 3571.843 
-1175.375 -769.344 -743.063 67.750 227.593 281.281 407.531 422.812 456.000 501.468 550.187 641.187 722.875 751.875 913.968 936.250 1174.250 1589.500 1774.531 2970.343 
-949.969 -866.344 -850.157 86.343 91.875 146.968 278.375 401.593 486.156 542.593 589.125 625.156 1198.187 1216.562 1362.875 1485.500 1578.312 1760.687 3521.093 
-1321.719 -842.969 -59.157 141.062 398.375 417.562 550.968 607.218 638.468 648.593 802.906 1211.375 1234.937 1257.187 1629.468 1782.812 
-1892.157 -1850.407 -1729.219 -1378.219 -729.500 -407.438 13.937 84.031 95.125 390.281 432.968 504.437 570.625 578.937 752.031 795.406 814.500 1187.875 1236.562 1370.593 1393.093 1607.781 1765.781 1786.312 1825.906 3063.468 3072.937 3091.687 3106.781 
-815.563 74.625 88.781 231.750 257.593 382.875 665.406 779.843 1222.718 1296.906 1589.812 1608.187 1807.968 
-1327.000 137.031 374.468 3766.750 
