
297.906 596.875 611.031 1886.593 3478.312 
390.718 424.968 441.187 1951.218 3002.281 
78.125 94.781 173.562 193.687 324.375 409.625 515.625 715.312 1341.937 1374.625 1606.468 1839.718 1889.812 3264.218 3825.906 
94.093 121.468 180.093 238.000 272.375 372.156 405.968 453.562 478.968 488.250 816.125 830.218 1251.812 1345.937 1451.968 1519.062 1709.656 1754.562 2694.906 2900.906 3150.718 3155.187 3176.718 3620.468 3645.500 
108.687 135.968 359.093 376.750 470.593 602.000 1312.750 1331.125 1819.343 1847.375 1878.562 1904.468 2419.281 2733.906 3351.812 3365.343 3383.437 3445.031 3729.000 3734.406 3751.812 3766.625 3829.000 3983.187 
9.468 78.156 180.468 190.687 204.000 282.875 386.718 422.125 586.687 684.906 812.000 1436.687 1447.125 1462.250 1475.500 1490.343 1521.468 1636.218 1866.250 1897.375 2192.281 2455.687 2476.500 2822.718 2826.562 2997.156 3306.843 3362.406 
50.656 55.375 69.437 84.875 104.718 145.343 170.625 178.750 206.093 393.468 411.656 451.812 470.875 615.187 685.625 709.187 710.218 773.906 837.656 1844.375 1891.937 1912.593 2166.500 2186.843 2642.812 2696.531 2723.593 2949.343 2967.531 3090.812 3411.281 3433.062 3828.031 3866.718 3885.750 3905.906 
111.312 170.906 189.531 280.000 369.218 455.906 715.656 770.968 824.125 857.843 1081.437 1117.406 1433.906 1466.250 1485.906 1884.093 2142.656 2554.593 2576.312 2973.000 3229.593 3256.156 3292.125 3335.843 3823.593 3833.750 
8.250 26.781 30.781 31.843 47.312 54.656 56.093 59.750 78.312 92.656 173.843 177.218 344.750 368.343 410.031 446.187 588.750 683.593 770.750 779.968 845.468 1457.500 1494.156 1513.781 1621.343 1626.375 1852.687 1878.843 1916.250 2045.406 2351.593 2545.406 2733.750 3141.218 3164.937 3191.781 3193.656 3202.843 3209.781 3212.937 3230.718 3244.625 3272.125 3292.000 3801.968 
