6.843 120.937 177.156 382.437 522.031 759.250 900.375 1279.250 1322.375 1495.906 1503.218 1568.593 1596.437 1860.031 1879.031 1939.156 2241.500 2256.468 2423.562 3337.875 3492.281 3495.031 3506.031 3951.750 
32.875 96.468 120.968 440.875 562.593 677.281 679.968 756.406 801.500 852.406 860.343 959.343 1085.187 1092.687 1117.968 1161.218 1551.468 1597.312 1838.906 1851.656 2240.875 2625.250 2717.812 3856.593 3914.031 
41.125 47.312 184.718 190.250 216.500 233.312 310.843 366.218 386.000 499.937 573.468 677.843 812.718 1135.781 1417.531 1530.718 1540.906 1867.281 2302.156 2562.656 3322.281 3356.843 3359.218 3795.718 3907.718 
180.500 191.312 390.687 396.062 446.750 1048.750 1062.500 1115.062 1214.968 1504.531 1508.093 1510.375 1557.343 1610.718 1685.843 1779.593 1862.281 1918.812 2049.968 2063.500 2246.656 2470.187 2503.906 2625.500 2741.031 3802.062 3895.000 
432.437 676.000 678.375 1090.437 1166.531 1170.875 1252.687 1568.718 1693.281 1740.906 1900.843 1955.187 2194.000 2253.343 2339.062 2440.312 2906.500 2910.031 3035.031 3040.125 3654.000 3732.281 3809.656 
130.718 214.343 530.531 618.000 654.906 719.625 954.531 1205.625 2613.937 2804.125 3522.531 3814.375 3835.531 
442.156 1318.406 1812.718 1962.437 2239.000 2512.406 2515.781 2894.250 3919.500 
780.531 860.031 1471.093 2962.062 3389.000 
550.125 3840.375 
520.906 1256.968 1823.062 1900.843 2612.406 3722.593 
