19.375 33.968 251.250 470.218 551.000 746.312 931.062 949.218 955.062 969.156 981.875 1184.687 1277.281 1302.937 1333.687 1461.750 1474.656 1554.625 1578.843 1609.781 1675.250 1694.000 1795.562 2038.500 2137.250 2534.125 2872.906 2886.968 2913.468 3217.250 3460.843 3666.843 3791.468 
16.281 29.656 48.406 521.312 608.343 660.281 953.968 1181.125 1292.500 1321.875 1494.000 1584.437 1685.968 2177.843 2793.687 3666.500 
37.500 43.250 55.812 522.343 572.875 661.562 775.718 1289.156 1337.281 1610.468 3433.125 3552.250 3555.937 
569.687 756.718 1175.812 1190.156 1240.656 1285.312 1317.281 1327.500 1709.750 1783.875 1788.812 1869.812 2511.062 2851.718 2930.562 2936.281 3114.781 3119.750 3124.437 3134.218 3302.406 3418.218 3587.031 
216.937 890.312 1180.750 1291.531 1300.062 1308.125 1354.125 1640.187 1678.125 1691.718 2372.468 2463.218 2817.031 2878.937 2924.406 3041.312 
603.187 954.125 1067.250 1691.000 3028.812 3853.437 
52.093 600.718 1261.593 1795.437 3995.093 
41.875 257.187 682.468 759.000 2324.437 2367.093 2644.531 3873.156 
316.875 740.468 964.281 1711.187 2322.625 3016.625 3026.062 3571.781 3697.500 
1496.187 3647.312 
