22.531 23.812 201.468 262.406 297.468 404.437 487.375 541.562 561.593 589.031 620.031 636.093 653.750 659.375 688.093 845.593 931.812 940.093 945.812 967.718 993.343 1153.375 1158.562 1250.843 1340.343 1356.468 1358.000 1534.687 1555.187 1627.687 1633.468 1641.062 1895.187 1899.062 2224.250 3170.281 3296.437 3516.500 3845.843 3854.562 3857.156 
112.406 496.312 620.718 743.593 840.656 1148.656 1276.187 1371.250 1488.906 1565.593 1585.906 1665.875 1829.125 1967.125 2096.375 2234.593 2395.593 2471.875 2982.281 3218.718 3269.937 3337.125 3545.843 3882.656 
35.625 179.312 437.812 589.750 713.343 846.250 1258.156 1297.562 1435.250 1534.781 1555.500 1570.093 1625.656 1688.312 1878.125 1998.281 2367.062 2504.468 2540.875 2975.468 3141.125 3569.156 3637.812 3641.468 3644.625 3798.750 3804.218 
54.562 110.781 227.781 297.437 304.968 557.250 616.687 639.750 940.718 1444.625 1526.250 1539.125 1576.968 1579.062 1585.750 1636.562 1705.375 1823.593 2312.187 2557.812 
591.781 618.500 635.531 710.718 1176.562 1435.812 1532.375 1897.000 1904.062 2509.187 3166.812 3387.312 3716.062 
37.093 206.281 546.406 592.750 677.250 1698.656 2497.625 2556.875 3038.093 3280.781 3382.968 
19.843 770.218 837.375 1219.531 1544.625 1564.375 1858.093 1961.750 2055.375 2167.468 2351.343 2951.000 3807.218 
588.187 742.156 3559.312 3561.156 3571.093 3621.062 
41.093 46.156 1599.687 2278.281 3368.531 
133.250 1106.031 2200.281 2600.562 2683.812 2814.250 3299.843 3540.656 3542.500 3979.750 3986.281 
