12.343 12.843 13.531 16.968 21.781 23.093 34.218 43.531 48.343 56.093 64.562 69.468 82.687 88.375 130.437 131.625 136.156 175.937 183.156 202.062 234.156 270.312 281.968 303.718 305.531 371.781 376.593 399.437 400.468 415.718 436.562 532.406 542.218 596.156 721.406 722.343 732.562 785.343 814.406 830.437 913.968 919.625 937.968 940.625 979.250 981.031 995.500 1000.468 1026.812 1040.625 1054.656 1059.250 1070.343 1089.875 2019.187 
12.781 22.718 29.468 40.187 63.406 87.656 93.437 123.500 146.718 196.000 204.250 206.750 220.593 248.281 269.718 270.500 271.218 272.375 285.562 336.000 369.656 370.343 371.031 377.031 415.593 444.093 464.656 469.500 484.468 506.875 524.875 569.187 602.687 619.093 721.718 724.281 724.718 732.718 735.093 779.281 784.625 809.312 815.843 885.500 997.812 1019.843 1030.750 1031.187 1055.031 1070.812 1086.062 
13.906 21.968 25.625 28.750 33.937 45.312 57.281 80.500 91.875 98.593 125.718 182.625 270.937 332.625 367.062 371.687 378.156 445.406 481.937 554.812 555.875 595.156 623.781 721.031 734.593 786.125 787.406 817.000 845.093 887.375 978.781 1024.156 1039.218 1073.750 1088.125 1089.375 1152.093 
14.375 16.437 24.531 30.250 37.593 49.000 49.843 67.156 94.218 131.125 202.062 203.312 207.500 261.062 271.312 375.375 377.656 389.156 434.031 466.531 475.781 477.343 529.562 540.625 556.843 561.281 591.062 598.281 619.406 722.312 730.250 779.531 781.218 885.062 974.281 997.250 1070.375 1111.906 
25.593 31.875 33.500 40.062 48.375 69.937 74.687 82.062 125.593 131.062 136.343 185.062 203.156 259.375 280.625 332.125 377.062 461.062 515.437 544.625 602.718 605.656 637.218 722.125 722.843 723.781 724.250 724.937 735.875 764.750 786.750 884.281 888.468 1012.843 1014.437 1024.562 1052.593 1054.062 1075.218 1111.406 
12.468 15.062 23.875 31.218 144.093 151.218 153.906 172.218 186.812 205.906 206.875 208.062 238.406 257.500 275.187 275.781 276.531 378.937 379.718 465.093 469.437 500.937 502.968 518.875 528.312 532.875 554.593 573.968 616.375 617.500 779.812 782.750 792.375 885.250 886.562 1013.250 1040.031 1075.906 1128.281 
12.718 14.375 41.968 64.625 65.093 131.406 166.343 168.093 177.843 188.625 260.593 261.562 266.250 267.375 275.375 281.500 283.531 371.656 372.437 373.656 392.968 407.656 433.750 457.750 458.843 472.218 475.687 476.843 501.031 503.593 531.937 599.531 617.593 721.406 722.281 728.250 779.437 884.000 889.812 903.781 972.937 983.375 984.625 1038.406 1039.312 1075.687 1093.000 
26.468 39.500 40.125 57.125 88.968 89.750 124.250 125.781 156.312 182.875 194.281 201.437 208.218 254.968 281.281 300.500 327.625 366.062 381.281 454.656 466.343 477.312 479.625 505.968 561.250 563.375 617.343 617.906 722.531 723.437 756.812 780.093 786.531 787.375 832.093 837.406 883.000 900.625 918.968 927.531 961.968 971.750 978.093 992.250 1022.843 1025.843 1026.906 1052.812 
13.375 14.593 20.125 24.281 30.718 33.656 40.531 62.250 124.937 155.093 175.531 186.281 202.187 205.906 269.187 297.187 339.125 370.531 371.062 376.562 464.281 474.437 487.875 530.968 611.812 615.062 624.250 722.718 767.281 779.781 810.093 849.125 884.062 890.125 1082.187 
22.281 31.468 40.406 74.218 122.656 131.250 176.843 178.562 218.031 259.031 263.031 272.375 273.531 279.437 294.812 316.875 340.937 342.562 371.937 374.031 376.625 412.187 562.562 615.437 616.968 649.875 721.031 728.218 783.187 805.187 884.093 884.906 912.406 980.812 989.218 990.406 1038.812 1049.468 1083.343 1110.968 1127.500 
