117.812 300.937 308.000 398.687 420.593 519.156 524.250 698.375 736.250 798.500 836.781 924.812 952.906 982.000 1041.375 1043.250 1057.937 1070.562 1208.031 1424.312 1641.625 1958.406 2024.468 2253.437 2308.468 2341.250 3048.718 3524.437 3632.593 3765.406 
80.312 81.125 509.593 1000.593 1044.593 1057.750 1138.437 1143.031 1534.000 1960.125 2050.625 2059.593 2117.125 2121.156 2233.562 2334.093 2342.843 3651.375 
372.750 704.718 804.843 1162.343 1339.031 1404.718 1415.875 2238.375 2771.750 2812.750 2846.156 2938.187 
108.000 361.718 534.156 554.656 1357.593 1962.281 2038.843 2041.406 2073.500 2116.562 2216.968 2334.031 
795.031 970.593 1037.343 1045.218 1054.000 1140.375 1337.687 1861.531 2037.125 2154.375 2354.531 
572.875 581.281 726.968 839.468 915.187 1039.656 1064.906 1139.843 1209.843 1431.562 1447.843 1995.281 2043.531 2055.406 2298.687 2332.281 
111.156 127.218 251.562 301.937 317.156 334.468 476.968 521.906 543.593 668.312 706.218 718.375 718.937 810.343 993.500 1046.625 1141.125 1743.343 2226.656 3943.468 
108.375 241.437 248.875 292.250 333.000 908.500 991.875 1008.937 1229.687 1358.281 1365.968 1942.031 2524.375 3507.937 3540.968 
246.875 287.750 376.468 546.312 1042.062 1046.937 1063.062 1146.312 1208.468 1580.000 2117.218 2696.468 3646.656 
115.156 255.906 456.062 515.187 664.687 965.062 1172.937 1331.500 1443.375 1831.906 2388.812 2464.937 2739.156 
