62.593 139.156 146.000 148.593 298.875 334.468 648.781 1123.187 1348.843 2232.562 2606.593 
139.093 149.343 157.156 523.000 648.593 1130.062 1132.312 1272.906 1639.968 2934.812 2940.218 
335.687 374.062 581.531 635.375 1057.281 1123.500 1297.500 1531.468 1653.125 1657.250 1887.625 2677.468 2740.625 
570.750 975.187 999.375 1122.406 3308.437 
143.718 330.937 343.312 793.406 886.187 1419.843 
307.000 929.281 969.156 1211.718 1344.718 1578.031 
258.875 491.906 641.843 899.843 1658.781 2675.156 3644.781 3659.687 
154.562 197.000 547.500 648.125 1064.593 1280.968 3413.812 
324.656 590.031 1317.125 1400.125 3357.437 3567.312 
553.187 885.812 930.781 935.343 1018.968 1060.593 1119.343 1280.968 1410.125 1435.937 1452.687 3235.562 
