51.218 60.750 73.843 145.406 711.375 1149.906 1410.750 1861.562 
25.812 209.562 628.343 1080.750 1642.406 1660.093 1750.000 1795.156 2224.250 
60.750 475.062 711.312 1353.593 1581.031 1627.875 1642.656 1884.906 2132.718 
209.687 535.812 629.875 712.718 1115.843 1139.250 1219.906 1795.687 1855.906 2289.343 
136.593 210.906 573.218 711.906 781.968 944.281 1139.218 1375.250 1581.156 1643.000 1748.125 1885.468 2314.906 
681.937 1353.906 1582.375 1644.125 1885.718 2033.125 2133.375 2236.250 2278.500 2389.000 2404.812 3389.937 
22.843 476.812 534.000 629.218 712.312 1081.593 1139.906 1229.000 1331.000 1372.125 1375.625 1581.343 1582.437 1643.468 1981.656 2313.781 2346.000 2428.656 3975.937 
210.187 476.062 681.906 764.218 911.375 1098.843 1252.437 1357.031 1415.656 1634.468 1750.562 1826.906 2029.562 
31.250 62.031 122.812 209.812 446.062 1184.281 1826.093 1886.375 2098.281 2132.281 2264.625 
21.125 137.281 629.000 711.718 921.781 943.968 1007.531 1008.750 1751.812 1857.500 1886.937 2036.406 2132.781 2229.343 2291.125 2387.281 3782.093 
