85.156 95.437 160.562 237.093 295.218 303.593 326.906 456.375 522.593 560.968 593.250 604.781 665.437 703.218 926.468 986.375 1011.468 1214.812 1218.906 1292.437 
168.031 233.562 303.125 1198.812 1308.687 
86.750 107.125 166.187 327.312 389.156 462.750 519.593 536.781 631.375 687.000 919.375 1007.281 1151.937 1211.906 1294.250 
89.437 95.187 235.406 301.656 537.000 631.343 838.937 844.875 
84.593 94.812 237.562 319.812 628.156 671.187 3756.312 3793.281 
89.218 157.281 390.500 459.937 581.375 603.906 925.968 1199.937 1225.125 
237.531 303.093 461.093 845.687 923.062 1076.187 
88.906 165.062 1085.437 1141.656 1823.375 1823.906 2809.406 3351.562 
90.062 163.750 235.687 318.718 582.593 913.125 1209.500 
88.968 318.718 
