1128.250 1419.093 1716.062 1736.656 1873.187 1956.187 
369.968 473.718 579.343 600.218 1147.375 1874.031 1885.281 1954.125 
376.937 1150.625 1361.093 1418.500 1435.843 1873.406 1926.968 
734.000 786.593 1122.625 1238.125 1489.312 1506.468 1572.937 1589.718 1725.687 
504.937 721.656 1101.031 1572.843 1870.562 1878.156 
596.687 721.500 1173.218 1577.187 1849.062 
646.500 855.125 1128.656 1418.156 1574.687 1594.562 1782.000 1868.187 2116.625 
904.968 1024.687 1489.375 1705.687 1727.562 1729.062 1780.968 1917.375 2786.343 
1233.968 1301.343 1458.906 1537.406 1599.468 1983.312 
334.406 375.093 509.125 622.781 684.281 785.187 818.500 857.906 891.812 917.437 995.468 1101.500 1128.031 1572.000 
