39.562 160.718 683.312 708.406 726.687 825.406 1306.406 1318.156 1349.250 1364.687 1383.781 1399.593 1400.750 1420.281 1761.593 1825.843 1842.593 1852.937 1997.968 2024.562 2110.531 2124.687 2159.812 
643.312 703.468 728.781 1271.531 1312.000 1360.437 1374.437 1386.437 1388.062 1435.250 1825.812 1920.562 1995.156 2014.781 2042.375 2073.531 2127.093 2153.593 2169.375 
37.656 641.375 726.468 1244.156 1271.125 1336.343 1367.187 1390.093 1401.125 1950.843 2013.531 2045.687 2065.406 2076.625 2117.062 2140.062 2157.968 
37.687 43.656 640.375 1357.156 1848.687 1882.000 2012.750 2056.312 2071.718 2103.875 2119.218 2161.250 
40.718 708.531 1270.250 1911.406 1973.500 2016.250 2045.562 2134.125 2135.406 
1309.687 1376.375 1393.062 1817.593 1871.531 2021.312 2027.000 2039.250 2085.468 2100.812 2152.750 
59.187 231.062 573.906 579.500 590.937 614.281 621.281 643.375 670.875 686.906 692.375 1229.218 1269.531 1320.593 1371.625 1373.125 1385.312 1388.281 1405.031 1421.906 1673.437 1841.125 1868.750 2016.281 2017.906 2042.500 2043.718 2066.156 2067.781 2103.531 2133.968 2147.250 2154.937 
40.625 280.687 705.437 726.875 1290.250 1301.531 1386.625 1818.187 1852.500 1887.875 1903.593 1922.031 1967.000 2061.187 2142.968 2156.218 
37.406 58.937 97.875 582.187 640.718 682.031 684.812 696.781 725.437 825.218 1269.781 1373.656 1375.250 1385.562 1403.625 1837.093 2015.250 2018.156 2063.750 2066.000 2069.875 2116.500 2139.812 2165.000 
37.968 47.406 423.593 572.125 593.468 640.750 685.187 707.812 728.156 825.562 1269.812 1393.781 1827.906 1986.156 2039.406 2041.718 2065.000 2100.281 2148.656 
