17.625 90.375 282.125 288.375 336.625 533.125 652.750 705.125 861.156 1166.468 1360.843 1363.250 1746.750 1838.875 
17.031 18.781 38.656 92.531 282.656 292.593 406.156 629.437 1185.656 1189.968 1408.812 1552.187 1555.562 1578.468 1636.062 1733.937 1744.750 1746.843 1757.625 1828.187 
17.218 41.375 535.531 573.687 724.468 847.250 848.250 1126.968 1158.750 1163.156 1187.468 1301.687 1360.906 1362.406 1470.093 1550.718 1556.156 1616.093 1921.843 1939.781 
18.093 19.843 100.687 125.562 127.500 196.312 288.343 338.468 531.312 535.593 641.500 704.937 854.875 1063.031 1160.812 1184.125 1269.343 1362.750 1494.562 1578.218 1744.375 1747.093 1748.125 1829.906 1832.562 1920.437 1979.093 2112.250 
104.593 129.062 193.718 439.125 532.406 572.468 596.718 659.843 714.812 908.843 944.468 1058.250 1363.000 1364.781 1579.125 1641.687 1940.906 2123.031 2231.531 2488.593 
18.468 116.375 131.875 205.312 287.218 339.687 655.843 1114.156 1185.906 1362.718 1491.875 1554.000 1640.343 1643.000 1724.531 1742.937 1746.125 1757.937 1939.968 1982.437 2313.906 2658.218 
18.718 338.468 533.218 648.562 657.968 730.531 791.218 941.250 979.312 1185.468 1303.250 1364.625 1556.718 1576.468 1640.218 1727.687 1747.218 1832.093 1836.437 1920.781 2309.125 2577.406 
17.375 124.937 283.093 535.000 651.000 847.187 1164.187 1183.218 1407.312 1919.562 1937.937 1938.812 1976.250 2387.281 
124.562 205.625 281.812 290.281 537.156 729.812 793.031 844.093 844.968 1186.593 1361.843 1363.437 1407.593 1557.750 1674.312 1691.156 1745.875 1759.343 1922.968 
125.250 197.062 217.593 289.187 446.531 534.937 1166.812 1183.406 1362.812 1365.093 1493.750 1571.875 1572.281 1640.906 1744.281 1831.750 1922.156 1977.250 3257.093 
