45.875 91.656 148.843 150.000 151.812 200.250 243.125 418.343 523.625 551.625 596.031 656.218 657.468 861.750 863.312 1050.906 1052.750 1054.906 1127.781 1187.781 1268.250 1269.531 1316.906 1443.968 1464.875 1483.156 1484.781 1603.812 1682.125 1713.875 1760.375 1779.375 1794.593 1795.218 1824.687 1925.875 1926.312 1927.375 1928.687 
17.500 35.625 43.687 73.718 152.000 188.437 201.531 220.281 232.125 346.625 524.281 546.625 548.250 685.812 751.937 783.125 824.781 922.437 924.593 1028.312 1053.093 1082.968 1127.500 1181.531 1263.031 1466.218 1490.156 1653.593 1684.500 1685.718 1717.250 1800.281 1823.531 1858.437 1903.937 1928.000 
79.218 156.750 191.125 191.656 450.281 489.375 555.343 568.625 591.531 683.062 695.187 697.062 697.718 824.156 944.937 1052.906 1081.093 1083.562 1085.093 1089.031 1128.062 1192.656 1265.875 1270.375 1481.593 1552.593 1663.218 1684.375 1686.437 1821.093 1854.218 1988.750 
91.281 130.625 241.625 341.843 432.156 545.031 551.093 554.093 749.406 824.156 954.875 985.437 1083.593 1207.625 1268.593 1270.343 1481.781 1586.062 1684.500 1933.281 1941.281 
17.531 30.281 92.843 206.843 218.718 342.906 489.843 593.406 656.812 682.625 794.718 819.312 942.687 1083.718 1155.250 1269.375 1442.781 1467.500 1481.781 1588.187 1682.937 1686.093 1714.500 1797.593 
27.250 90.750 658.468 697.218 925.750 1084.156 1085.593 1128.406 1319.468 1549.062 1933.531 
19.187 82.093 154.406 317.125 419.500 463.281 486.875 488.531 515.625 543.968 545.250 655.031 679.375 732.750 862.062 986.218 1030.656 1207.062 1242.750 1482.468 1511.593 1924.281 2995.281 3000.281 
73.812 79.156 82.187 131.625 138.968 149.625 204.468 228.687 548.406 654.843 677.125 788.781 820.812 824.531 1335.781 1511.906 1550.187 1682.500 1735.718 
11.156 17.750 19.000 21.500 49.968 69.125 156.156 160.031 205.187 290.406 316.218 316.968 342.281 342.843 522.593 545.000 654.718 922.281 1468.093 1530.250 1549.250 1588.781 1682.593 1797.500 1825.812 1988.156 
14.562 20.562 75.093 129.093 133.656 133.906 150.218 341.812 370.812 404.843 483.906 551.593 659.812 1056.468 1151.281 1158.250 1266.781 1338.406 1446.000 1510.656 
