18.968 19.343 19.687 43.187 43.437 562.906 675.062 1490.812 1512.250 
17.218 18.531 19.000 19.562 148.718 242.156 676.250 946.125 947.031 956.875 1020.406 1073.875 1373.000 1498.000 
19.875 20.343 148.531 591.187 838.000 913.531 949.312 1362.906 3147.718 
18.250 24.218 44.281 158.656 242.281 244.156 564.062 568.468 684.656 1016.468 1383.062 1508.656 1929.000 3203.125 
18.375 24.468 43.500 44.093 60.312 147.500 148.375 242.500 251.093 562.593 570.218 674.218 837.531 837.812 951.593 1383.718 1389.187 1490.968 2606.125 
23.906 43.218 43.500 147.437 148.687 154.531 163.250 676.093 948.843 1017.406 1500.812 
18.000 19.468 43.531 44.187 147.312 148.531 344.218 497.093 833.562 946.937 947.718 
19.781 43.187 43.531 44.687 148.437 273.937 275.375 548.875 676.656 1014.343 1327.968 1330.531 1372.000 1497.093 
45.375 64.812 549.125 562.125 836.968 845.125 949.468 
18.281 43.812 44.187 66.406 549.437 753.312 835.687 836.656 1371.781 1384.437 1559.687 
