18.093 18.468 728.062 728.343 806.500 908.406 1307.031 
247.093 511.625 577.312 779.500 806.406 1052.812 
247.875 510.937 1238.281 1304.656 2992.156 
248.375 512.156 777.937 859.218 
19.968 250.437 510.750 511.468 727.593 728.750 1052.625 1084.093 1470.687 3400.156 
18.812 249.156 249.406 1093.531 1284.593 1384.000 1464.593 1586.687 1838.406 1858.250 1875.125 3840.843 
73.781 512.250 728.531 790.593 806.625 886.187 895.562 1080.687 1190.531 1236.937 1816.281 1891.656 3356.343 3358.500 
143.531 248.000 312.187 512.156 787.562 1852.093 1853.687 2635.031 2687.656 3111.187 3412.437 3538.937 
54.906 326.468 585.718 590.843 805.593 808.500 873.687 1070.843 1073.250 1089.125 1287.062 1305.906 2673.437 2787.968 3364.593 3693.843 3746.656 
19.406 247.593 510.500 571.937 651.656 862.281 1094.968 1097.718 1256.875 1306.281 1361.406 1385.906 1459.000 2518.031 2933.343 3020.656 3610.000 3861.843 
