15.937 24.218 36.156 37.750 64.781 138.843 175.406 347.375 538.250 634.187 779.000 827.250 883.468 938.093 951.968 983.968 1307.500 1376.187 1607.312 
15.218 18.593 103.312 1268.625 1435.625 1470.562 
11.375 1001.687 1177.031 1187.000 
17.468 34.468 261.656 360.500 465.375 466.437 1005.375 1258.750 
12.281 19.187 35.187 180.906 343.187 403.375 450.875 505.406 985.812 1021.656 1375.312 1437.750 1557.187 
14.812 15.968 259.843 345.031 361.281 398.625 634.843 1265.687 
12.125 14.750 22.781 1625.000 
12.125 17.281 23.843 65.687 174.718 187.062 504.468 1039.531 1437.250 1594.468 1627.531 
13.281 14.000 366.250 380.375 882.750 1179.656 1630.437 
15.562 442.906 536.218 641.656 827.593 926.406 1008.187 
