84.812 210.187 608.093 611.812 717.062 721.562 773.750 947.468 1051.781 1114.218 1629.531 1967.656 
32.593 83.093 212.187 264.156 403.093 557.312 876.781 928.875 1154.468 1184.875 1351.625 1696.250 1732.593 
85.968 634.312 946.437 
31.031 97.937 207.406 211.125 770.875 829.062 946.125 1194.531 1962.812 
29.406 69.468 386.406 579.281 792.125 806.375 829.343 1106.687 1148.531 1201.187 1294.906 1961.343 1995.375 
32.562 33.500 85.906 206.562 391.843 1062.062 1181.375 1199.750 1745.625 2003.937 
30.218 32.125 34.125 386.625 397.187 981.781 1201.593 1960.406 2037.562 
606.343 652.281 982.593 1072.437 1188.375 1199.687 1353.218 1698.968 1700.281 1928.687 1950.281 2276.750 
-914.625 597.812 742.468 789.906 888.562 1147.437 1182.125 1212.375 1353.687 1630.718 1697.031 1706.531 
38.250 208.906 1746.843 
