127.718 334.937 697.250 801.687 1045.843 1120.937 1185.843 1382.937 1410.218 1593.406 1809.656 1942.687 1960.968 1996.031 2596.531 3415.312 3444.593 3521.562 3665.000 
208.031 346.187 366.156 501.906 637.468 864.906 1129.562 1763.125 2148.843 2512.906 3311.875 
238.937 376.000 544.437 808.500 852.156 1124.468 1471.718 1577.687 1590.125 1760.625 1800.812 1802.531 1976.875 2047.000 
150.937 278.312 712.468 887.125 1035.437 1050.781 1121.656 2199.750 3095.937 3784.750 
153.218 268.375 671.437 776.843 802.781 1175.718 1458.093 1952.968 1976.218 2083.000 3069.312 3795.093 
133.750 340.937 356.875 388.968 454.812 471.906 675.781 703.437 777.750 1047.625 1099.531 1390.000 1575.500 1814.875 2029.656 2039.187 2079.625 2485.312 2926.218 3123.968 3190.875 
216.781 264.593 376.812 1405.093 1467.500 1601.375 1628.187 1655.031 1746.937 2089.781 2162.000 3098.156 3190.718 3540.281 3542.656 3646.187 
249.687 394.218 1117.218 1367.843 1407.968 1518.718 1529.812 1784.375 1806.718 2095.562 3441.312 3458.031 3526.218 3842.375 
1.437 136.781 333.437 1388.906 1405.031 2024.218 2062.968 2706.093 2714.000 3049.937 3116.125 3368.281 
563.718 575.843 709.125 1015.968 1080.625 1240.406 1320.906 1389.625 1770.781 1880.156 2008.812 2790.843 2872.937 2989.937 2996.406 
