33.312 64.968 95.093 129.375 151.875 222.625 265.906 343.406 483.250 497.593 543.312 728.125 757.937 919.500 933.718 1051.437 1147.531 1296.625 1476.968 1592.250 1848.437 
78.843 352.531 404.250 429.843 509.718 693.250 795.937 888.312 1014.000 1019.812 1065.937 1128.031 1191.406 1446.656 1476.968 1593.937 
72.406 291.218 393.562 418.093 525.812 660.718 795.906 914.625 1143.531 1400.187 1559.718 1624.687 1751.781 1813.000 1823.531 1846.281 1917.531 
49.468 68.718 242.093 506.343 523.562 658.906 674.656 764.000 1296.593 1346.093 1350.000 1476.968 1597.375 1682.500 
513.468 722.843 1027.031 1028.375 1094.906 1174.937 1221.375 1248.281 1476.937 1818.156 1848.218 
69.031 239.781 655.656 681.468 989.781 1000.750 1072.437 1116.812 1135.687 1335.250 1477.968 1707.125 
67.187 84.562 90.843 343.781 369.375 660.656 681.468 1000.750 1326.062 
151.906 152.968 154.781 159.312 692.312 1296.718 1335.312 1595.593 1796.687 1901.250 1930.781 
84.625 1027.062 1066.125 1070.093 1250.343 1404.000 1932.062 
15.781 220.906 288.468 414.781 516.781 1028.343 1546.500 1559.687 1691.312 1760.218 1768.281 
