-1594.625 -1268.532 -1098.000 -716.063 85.093 134.375 337.500 348.250 412.718 443.562 457.187 459.812 523.250 578.781 718.125 778.687 910.625 939.250 1044.093 1073.531 1263.343 1359.218 1362.687 1405.937 1453.062 1508.531 1565.656 1569.218 1570.125 1622.656 1721.625 1771.250 1982.187 3638.781 3824.937 
-1978.657 -1388.719 -1298.407 -1199.469 -1189.907 -962.532 16.750 63.437 72.250 264.312 334.531 436.031 458.500 514.281 580.437 707.000 762.250 863.156 886.000 910.156 990.812 1003.343 1155.375 1219.031 1224.843 1416.531 1497.750 1535.781 1682.687 1712.062 1931.562 2506.281 3222.000 3505.312 
-1670.344 -1166.657 -1095.938 -204.157 -154.813 22.000 188.500 191.968 196.500 244.718 247.718 277.343 366.468 383.843 520.843 643.937 660.250 702.843 938.250 1071.625 1097.500 1212.562 1220.656 1236.062 1404.437 1481.156 1498.093 1507.281 1516.062 1734.625 1898.843 2185.437 2816.468 2997.937 
-1572.469 -1173.313 -943.500 -174.407 -137.688 6.343 32.531 62.843 262.843 309.562 322.500 383.562 427.875 455.593 660.468 698.843 751.937 840.375 868.781 916.156 937.562 1054.562 1079.062 1120.437 1169.281 1257.687 1263.375 1370.218 1372.937 1392.250 1419.843 1424.843 1542.718 1554.375 1556.375 1623.656 1712.968 1791.156 1809.875 1883.093 2983.156 3204.781 
-1887.438 -1662.125 -306.375 -19.813 16.187 16.468 16.812 65.062 134.812 157.156 192.125 220.687 244.906 245.531 261.843 262.250 293.031 310.281 317.500 358.406 393.437 413.187 430.062 457.562 534.343 595.406 602.437 621.031 705.281 751.656 806.718 828.906 919.812 938.843 960.531 976.125 1101.000 1235.312 1237.218 1453.187 1479.312 1489.656 1497.937 1719.281 1735.000 1898.937 1929.375 1976.093 1991.468 2327.000 2347.343 3189.781 3660.187 3703.250 
-1548.813 -1538.657 -465.438 -257.032 -187.563 -74.282 47.500 70.375 85.500 130.031 165.218 243.093 250.781 309.906 393.312 457.875 580.687 666.250 761.875 788.968 801.750 856.750 857.281 894.750 910.906 935.031 942.000 959.875 963.187 975.000 1026.375 1090.125 1136.843 1230.968 1313.406 1334.125 1338.281 1357.937 1406.875 1418.750 1509.937 1536.250 1553.656 1576.031 1718.218 1811.062 1817.437 1932.593 1984.718 2637.156 2788.312 2802.468 3358.312 3504.281 3866.156 
-848.188 17.062 20.750 25.593 69.812 164.875 168.781 181.343 248.468 314.875 333.625 380.375 502.625 706.312 735.500 761.406 981.406 1089.687 1158.312 1169.156 1218.968 1295.156 1453.562 1535.937 1538.687 1545.687 1714.718 1784.531 1899.031 1919.500 1931.156 2104.718 2348.375 2784.000 2784.906 2931.500 3194.218 3696.093 3724.031 3967.156 
-1758.688 -1360.250 -1210.344 -688.875 -343.969 -338.563 -290.469 19.937 20.843 23.312 63.937 116.531 119.312 267.500 383.687 399.187 400.750 428.156 533.312 602.968 614.187 646.687 719.656 856.781 910.218 941.812 1025.875 1030.906 1055.062 1089.343 1089.750 1139.250 1205.000 1220.937 1283.437 1359.968 1366.750 1423.656 1427.125 1440.156 1491.781 1508.625 1580.000 1590.031 1615.968 1711.593 1720.062 1755.406 1897.406 1906.437 2275.812 2277.531 2599.625 3427.000 3552.187 3559.375 3602.718 3654.906 3842.062 
-1729.532 -1572.188 -1570.188 -1159.500 -806.157 -649.000 -631.188 -438.657 -391.188 -137.844 64.406 96.125 113.093 138.375 164.906 191.500 195.718 218.437 242.281 243.187 262.781 430.062 603.437 694.656 856.218 877.562 910.687 960.218 1054.812 1121.875 1193.906 1232.406 1234.750 1334.375 1395.562 1426.437 1456.375 1637.437 1682.437 2402.031 2640.718 2644.281 3401.156 3412.906 3644.718 3650.156 
-1789.313 -1729.250 -1538.094 -1490.688 -1490.063 -1247.907 -1221.844 16.593 30.312 158.218 216.906 223.125 242.875 246.156 262.468 333.781 356.312 367.656 393.593 499.500 519.781 521.562 523.250 651.156 698.718 719.562 736.218 765.312 787.281 975.000 1076.406 1078.093 1119.437 1194.250 1234.750 1235.906 1238.968 1346.093 1392.781 1401.968 1424.593 1555.718 1570.625 1745.937 1808.906 1930.406 1949.937 2599.343 2691.906 2984.968 2985.625 3048.812 3490.843 3492.093 
