61.718 96.156 2306.843 2308.781 2312.843 3617.812 
-632.938 559.656 3483.281 3494.062 3562.031 
-745.813 68.093 534.875 
-1710.969 -1171.907 -1157.782 -281.375 535.093 536.281 2704.093 2740.500 3340.687 3854.531 
-1536.594 -1529.032 -1473.032 -1461.563 -498.782 -280.219 579.406 2262.218 2268.156 3853.000 
-1433.750 
-1510.813 -307.032 -289.594 -254.688 29.687 3829.843 
-1720.875 -1711.157 -1109.813 2188.093 2206.218 
-1265.844 -156.438 62.343 119.406 2264.937 2325.656 3054.875 3064.093 3084.812 3086.312 3859.968 
-2.844 343.468 2385.156 2394.062 
