15.406 17.187 53.875 74.125 120.218 125.062 313.562 330.593 373.093 486.062 489.531 666.312 709.312 711.437 757.968 785.718 786.093 858.531 967.406 1030.531 1063.625 1232.687 1266.218 1287.500 1289.750 1331.156 1376.625 1462.000 1514.718 1551.625 1623.218 1754.125 1763.843 1794.187 1816.781 1878.031 3354.343 3641.750 3745.875 3750.062 
16.781 23.218 47.781 58.750 73.687 101.468 124.437 161.156 262.812 314.843 333.625 336.531 346.625 448.156 486.031 488.500 669.906 854.687 861.718 1063.687 1107.062 1163.250 1249.718 1267.062 1278.281 1293.062 1377.875 1664.437 1683.218 1970.437 3365.843 
20.000 45.406 56.312 71.750 89.812 124.468 131.031 162.812 214.156 217.093 254.312 299.593 302.781 333.875 352.500 365.281 371.250 374.937 487.593 548.187 596.281 636.812 668.093 712.000 725.093 854.187 883.875 893.375 926.250 936.937 988.343 999.468 1028.875 1053.750 1107.250 1179.468 1327.062 1564.406 1590.968 1595.343 1641.593 1645.843 1695.531 1725.500 1852.718 1865.000 1979.531 2443.906 2454.937 2560.343 2740.781 2749.406 
42.781 46.281 49.468 52.437 70.906 87.812 92.187 125.187 127.218 161.968 202.625 214.156 277.062 334.468 365.187 411.500 488.593 498.781 521.156 596.843 667.593 708.437 787.156 855.843 883.531 926.281 929.000 1080.156 1107.593 1144.906 1147.593 1212.718 1231.812 1248.062 1287.406 1290.312 1330.406 1365.281 1379.562 1461.718 1510.968 1643.968 1758.968 1795.031 1806.562 1866.812 1872.937 1896.625 1966.656 1973.187 2601.656 2876.281 2888.500 2942.625 2945.031 2949.000 3194.906 
19.937 46.593 51.718 59.906 72.312 88.031 103.906 120.093 159.750 171.718 176.625 204.562 214.718 226.062 231.906 243.312 246.156 253.500 261.906 315.781 333.375 338.687 351.781 373.187 485.843 523.062 532.281 571.343 637.750 668.031 675.656 691.281 695.750 707.062 718.906 751.500 787.562 855.843 860.000 927.718 962.250 1007.218 1029.031 1054.750 1079.875 1108.750 1132.687 1144.687 1147.031 1178.937 1181.937 1212.968 1247.906 1251.812 1275.406 1288.250 1376.937 1458.843 1467.843 1476.875 1537.531 1541.562 1551.187 1631.937 1647.937 1695.875 1707.156 1791.593 1809.187 1865.406 1879.031 1921.375 1971.875 1979.500 2396.281 2527.406 
20.375 42.718 60.937 74.218 123.968 129.281 158.343 162.250 199.781 206.531 232.437 237.656 246.343 254.312 275.500 314.687 338.750 375.968 405.656 448.937 486.750 520.593 571.812 576.687 595.093 637.062 669.281 693.343 710.000 721.718 854.968 857.312 867.750 882.468 893.812 962.031 965.750 999.937 1026.812 1051.562 1079.625 1108.125 1147.281 1162.968 1181.437 1211.375 1248.468 1287.781 1390.187 1454.187 1459.625 1650.343 1749.937 1851.125 1864.500 1868.062 1921.843 1966.218 2007.125 2175.125 3939.406 
16.093 19.750 46.093 58.437 71.500 75.156 86.437 92.875 122.031 124.562 131.093 154.875 158.656 161.812 213.437 233.531 246.875 325.781 334.468 353.375 374.500 429.437 439.718 488.843 580.406 589.625 593.062 621.312 629.531 634.937 692.218 784.687 786.625 813.937 817.437 855.281 859.000 880.937 928.031 962.125 978.156 1030.031 1057.531 1063.750 1080.906 1107.125 1168.625 1179.500 1230.750 1249.937 1289.500 1304.875 1313.937 1356.031 1364.593 1377.218 1432.093 1486.500 1492.750 1540.781 1646.125 1653.750 1743.406 1760.468 1764.625 1769.156 1791.375 1808.000 1819.125 1865.031 1878.750 1969.312 2635.687 2792.156 2795.812 2863.937 3352.062 3354.937 
48.312 50.625 60.562 120.687 128.343 157.812 159.687 208.687 231.718 261.718 276.812 315.562 320.093 335.093 352.531 371.843 401.531 439.531 503.437 555.593 590.531 636.218 677.843 709.625 715.875 748.125 759.812 774.250 786.500 884.593 888.937 893.593 927.656 961.875 1035.093 1071.031 1145.687 1163.406 1168.312 1213.281 1268.437 1289.218 1310.812 1332.906 1351.781 1388.281 1431.531 1549.250 1646.312 1809.281 1812.187 1814.500 1817.812 1867.437 1879.906 1969.031 2610.875 2722.531 2854.343 2983.781 3030.875 3274.906 3278.437 
16.375 41.468 94.187 139.062 171.437 213.968 232.218 266.500 283.531 303.687 333.812 372.031 452.031 488.343 673.375 691.281 708.062 716.062 756.000 786.562 926.187 1001.062 1055.406 1063.500 1107.625 1163.656 1179.250 1267.812 1291.343 1376.812 1390.031 1458.937 1650.062 1695.812 1723.687 1862.875 1978.937 2872.531 3536.093 
17.468 26.343 52.375 60.156 74.500 87.906 126.343 130.718 262.656 302.906 335.656 368.656 432.187 443.156 532.781 670.906 691.250 746.781 751.250 855.906 859.125 881.375 893.375 948.593 1000.250 1027.156 1063.312 1147.937 1211.406 1215.343 1376.093 1430.031 1693.375 1967.031 
