-1595.282 -1387.625 -1184.938 -1062.407 -946.719 -520.032 99.750 295.625 563.437 603.250 636.718 1069.812 1089.687 1207.125 1233.406 1503.218 1562.437 1569.875 1620.031 1620.250 1820.062 2314.125 2346.468 2353.593 2535.656 2589.718 2861.781 2879.406 3184.656 3656.781 3676.406 
538.312 661.875 677.406 734.093 888.437 943.218 1092.156 1194.250 1217.125 1647.281 1879.343 2052.718 2143.906 2436.343 3309.750 3914.343 
-1821.094 -1489.563 -1380.438 -1157.313 -1104.250 -470.344 -460.032 -81.907 873.187 901.000 963.375 1024.875 1159.531 1269.875 1516.781 1684.218 2023.000 2220.093 2351.500 
-1974.719 35.500 425.218 558.218 1258.156 1441.625 1638.187 1662.281 2035.750 2160.906 2405.718 3284.562 3575.031 
258.687 501.437 556.093 944.375 1801.406 2053.250 2941.281 3527.593 
-1498.157 -1085.375 -641.125 -124.407 775.906 1216.468 1449.406 2275.093 2415.937 3841.343 
-1765.750 -932.688 -606.719 -535.532 137.906 154.312 362.093 726.375 965.000 1231.187 1425.937 1876.312 3809.687 
-331.032 430.468 895.281 1179.906 1653.468 1831.156 2012.718 
-1510.469 -801.438 118.468 939.156 1085.812 1230.968 1439.343 2581.062 3614.812 3636.625 3847.750 
-752.813 -644.844 -335.500 398.187 414.093 825.781 982.875 1044.781 1287.375 1388.531 1647.718 2231.250 2512.062 2780.406 3209.218 3648.687 3764.781 
-1721.375 -1110.063 -858.875 -413.875 7.312 360.343 548.000 564.531 736.062 940.062 1387.906 1673.281 2199.906 3523.875 
-1719.844 -1034.719 -996.907 -731.032 -522.907 -44.813 -39.813 -28.313 -21.657 -9.969 6.687 276.031 302.781 814.062 1186.562 1209.406 1544.531 1805.125 1821.375 2360.343 3129.406 3269.093 3270.250 3433.218 3724.937 
-998.407 -671.407 -133.469 92.718 247.000 345.750 545.312 811.812 1138.375 1821.156 2049.031 2154.843 
-952.125 -339.594 673.312 1671.281 1731.218 
