-1769.594 -1596.063 -1220.313 -491.844 -139.782 37.187 180.218 237.093 279.781 304.031 413.218 462.812 497.812 548.312 938.125 1136.593 1591.031 1736.750 1862.718 2283.968 2773.625 2870.250 3609.531 
-643.282 -522.063 -485.719 -357.563 508.843 770.812 797.375 883.156 957.312 1006.250 1515.375 1697.406 2249.843 3247.218 3430.062 3441.125 3456.625 3463.843 3796.500 3853.718 3972.906 
-1488.219 -1465.407 -1382.969 -1367.000 -356.657 -282.563 1.343 80.531 558.843 758.625 792.156 874.468 1008.250 1375.312 1501.875 1595.593 1821.593 3043.875 3087.062 3120.500 3861.718 
-1660.844 -1446.813 -972.250 -470.750 -62.094 31.937 937.250 988.406 1005.156 1012.562 1241.906 1754.906 1826.156 1913.218 3629.156 3740.718 
-1966.469 -1337.532 -987.125 -796.063 -216.219 -203.438 233.781 384.218 462.437 1108.343 1112.906 1754.968 1950.500 3339.093 3395.406 3744.437 
-1938.375 -1691.157 -1198.469 -910.344 -456.282 -133.157 -111.375 84.593 281.562 470.000 729.437 1593.843 1634.468 1828.781 2020.875 2516.875 2877.125 2893.250 3070.968 3491.625 
-1786.157 -1771.219 -791.688 -441.750 -430.657 -16.657 624.281 799.375 1598.562 1899.218 3419.468 3877.531 
-1730.813 -1320.032 -980.844 -614.500 -530.844 140.531 318.750 367.593 494.968 553.062 773.250 1132.406 3584.906 3856.562 3866.593 3885.250 3895.281 
-1550.032 -1532.907 -1268.563 -508.813 131.968 429.750 665.562 938.406 954.750 1121.750 1533.218 1641.281 1668.218 1675.500 1805.312 1988.687 2423.906 3230.468 3378.468 
-1294.719 -999.313 95.062 526.375 773.625 1010.500 1026.093 1401.312 1888.187 
-1616.657 -671.032 218.875 461.593 759.625 902.437 1601.656 1760.687 1946.500 1952.875 2009.843 2276.437 
-1401.188 -504.032 327.593 753.531 787.843 809.937 931.156 972.062 1014.968 1154.000 1516.687 2247.781 3439.000 
-1519.719 -723.969 -219.375 -209.969 -143.532 84.843 758.968 1009.562 1243.031 1593.843 1752.937 2863.531 
-1838.282 34.375 804.406 867.031 933.750 947.375 1169.250 1632.312 3558.375 
