99.218 228.687 372.500 375.187 531.812 662.187 918.062 1013.375 1100.468 1106.125 1154.625 1155.750 1270.531 1647.968 1799.031 1800.218 1874.531 2060.531 2103.000 
99.687 100.656 131.718 226.031 532.875 534.125 534.843 740.718 837.500 918.187 980.656 1012.875 1101.250 1111.750 1799.468 1980.312 2058.750 2060.468 2063.250 2064.781 
131.375 143.375 225.937 227.437 532.906 837.687 918.343 951.843 979.687 980.093 981.750 1017.437 1103.625 1155.468 1514.625 1607.625 1648.156 1649.093 1799.406 1957.406 1958.687 2060.093 2065.781 
531.906 532.406 545.406 737.187 773.062 816.375 817.156 917.437 918.343 920.687 922.875 925.343 1050.093 1102.500 1328.281 1610.906 1647.687 1648.656 1649.500 1801.687 1802.218 2060.156 
110.093 226.093 370.343 532.437 815.156 838.718 918.125 921.312 955.906 1054.843 1062.718 1400.000 1645.875 1799.531 1801.281 1831.812 1879.406 1956.843 1968.875 2124.812 2248.187 2298.906 
98.062 136.968 225.468 530.375 574.406 836.218 871.156 917.500 919.781 920.187 1101.062 1102.625 1232.750 1399.156 1521.812 1522.656 1524.062 1649.000 1650.562 1708.843 1797.687 1980.375 2648.562 2649.625 3559.968 
18.781 98.375 100.718 132.031 226.875 371.281 531.781 816.468 915.937 917.281 951.468 1648.781 1650.125 1797.250 2060.281 2196.156 2300.062 
17.687 98.406 100.781 225.593 369.750 645.781 813.906 918.843 920.906 1100.468 1101.218 1102.281 1395.062 1396.468 1533.500 1612.375 1650.281 1796.750 1799.562 1801.562 1812.562 1869.031 1956.406 1979.375 2063.375 2246.156 
17.593 18.500 98.062 371.281 532.281 533.531 816.562 822.843 826.187 1101.906 1153.406 1256.718 1399.312 1532.906 1646.968 1649.875 1799.531 1825.437 1871.562 1959.750 2058.312 2061.750 2063.843 2301.093 
98.562 224.156 225.406 532.156 535.062 813.531 916.000 919.968 985.187 1050.718 1101.031 1397.000 1398.906 1646.281 1647.593 1648.781 1744.187 1800.875 1954.968 1956.937 1979.531 2066.000 
