32.156 36.812 54.500 62.375 100.281 157.687 272.750 296.187 304.250 379.562 415.468 432.218 453.031 594.375 635.843 664.718 691.562 729.093 830.906 844.281 881.468 900.437 909.937 939.375 945.781 952.656 966.843 1046.000 1081.281 1100.250 1142.687 1150.468 1189.343 1259.218 1267.687 1277.187 1289.031 1407.343 1488.000 1670.875 1696.375 1736.968 1753.625 1758.500 1768.843 1813.281 1836.500 1862.718 1886.843 1959.531 2126.031 2153.718 2203.781 2333.937 2634.687 2760.031 3062.875 3141.093 3203.218 3333.343 3562.562 3621.562 3721.250 3938.812 
22.750 33.187 53.718 60.937 115.187 214.281 260.125 299.875 424.312 431.000 576.718 653.937 698.625 721.031 781.906 844.343 869.250 878.875 903.281 935.343 980.062 1013.500 1038.406 1098.562 1119.843 1131.437 1209.562 1264.937 1294.750 1504.031 1561.625 1591.937 1608.281 1725.281 1789.937 1828.406 1862.125 2201.031 2248.281 2307.187 2431.156 2544.656 2666.968 2805.312 2846.000 2924.875 2969.937 3145.406 3505.718 3711.687 3811.781 
12.500 34.875 43.281 62.125 82.000 113.437 149.312 273.812 359.000 431.156 446.687 474.656 576.093 658.687 685.000 700.906 712.593 845.218 865.625 884.625 890.687 909.218 970.156 1028.375 1041.593 1114.312 1122.281 1138.656 1157.593 1209.250 1235.593 1247.812 1315.656 1452.250 1494.000 1516.718 1578.656 1594.343 1605.781 1625.375 1704.468 1736.250 1780.375 1821.062 1852.093 1859.375 1884.875 1904.968 2200.843 2702.156 2955.000 3172.968 3259.062 3358.968 3485.718 3666.718 3728.500 3777.937 3969.562 
35.625 53.750 61.031 273.281 337.718 420.687 434.062 564.812 593.750 651.906 827.937 864.968 877.031 883.406 938.500 970.187 1002.625 1037.406 1111.718 1153.718 1165.093 1178.718 1190.312 1228.625 1237.343 1272.125 1506.812 1616.750 1673.937 1722.750 1732.281 1744.156 1768.531 1787.500 1833.468 2358.000 2471.281 2529.812 2585.343 2776.968 3161.375 3396.000 3515.437 3668.406 3721.312 3780.312 3963.812 
18.843 27.562 53.906 58.687 68.125 180.781 302.843 367.250 402.593 425.781 430.031 459.406 543.218 574.250 861.000 896.625 910.875 932.093 959.875 983.250 997.187 1012.937 1025.250 1145.625 1156.843 1180.281 1278.343 1287.625 1314.062 1435.125 1503.718 1544.062 1659.093 1689.156 1717.906 1731.343 1742.687 1781.406 1804.625 1814.250 1840.875 1850.687 1886.062 1897.187 2486.687 2534.187 2665.000 2925.437 3481.875 3568.750 3631.437 3699.093 3738.906 
21.562 59.312 122.812 167.375 310.687 413.437 438.687 557.218 585.312 642.093 726.875 872.375 884.093 899.718 925.343 964.593 1022.968 1112.750 1145.718 1211.437 1222.812 1276.187 1550.093 1731.406 1768.375 1804.281 1865.750 1883.125 2840.906 2884.093 2977.843 3207.406 3420.062 3535.000 3631.531 3687.375 3955.437 
33.656 186.781 314.531 413.343 438.281 491.968 562.968 577.593 642.781 672.062 690.562 856.531 884.687 904.562 924.937 937.156 950.093 1131.843 1156.562 1172.187 1221.250 1276.031 1301.687 1437.437 1491.500 1568.375 1594.062 1630.843 1719.531 1733.375 1879.406 1904.531 2031.500 2096.625 2520.718 2755.406 2953.250 3231.812 3581.343 3636.062 3817.156 
18.375 52.968 334.906 421.093 565.156 681.031 709.750 856.875 956.906 969.562 1048.562 1104.687 1179.156 1214.593 1368.843 1419.812 1446.250 1545.218 1705.750 1762.937 1827.093 1871.156 2702.218 2903.437 3108.875 3379.406 3634.562 3884.500 
35.593 46.000 66.125 149.562 286.218 316.000 430.812 554.406 580.187 663.750 711.093 773.000 826.187 856.718 909.531 930.031 964.312 1042.843 1112.156 1137.093 1168.906 1192.062 1394.437 1549.000 1727.062 1837.593 1862.062 2158.812 2303.500 2698.906 2824.093 3525.000 3592.406 
58.437 284.031 425.125 439.093 549.781 899.437 947.781 1138.250 1176.625 1191.406 1276.156 1522.625 1568.781 1798.562 1837.812 1860.093 2326.593 2624.718 2964.031 3064.218 3140.218 
