211.593 220.406 466.625 500.343 589.531 941.843 1657.343 2342.781 3085.312 3747.062 3979.937 3982.437 3983.968 
106.093 343.625 1086.468 1552.562 2195.593 2646.625 2769.906 
1290.656 1304.031 1908.343 2473.937 2637.906 
880.093 3012.843 3069.343 3518.781 3718.375 3725.156 
152.781 594.156 1089.062 2267.687 2685.781 2738.843 2985.468 
93.156 1289.781 1383.468 1435.843 2567.843 2928.062 2934.843 3182.500 
559.375 1331.625 2897.406 3536.718 
514.093 630.375 1147.031 1969.656 3129.500 3759.875 
346.937 395.718 602.437 1003.531 1640.218 2571.781 3930.406 
31.500 159.937 197.625 212.031 271.593 931.281 962.000 2888.187 3211.718 
