21.312 514.000 621.750 1051.031 1074.031 1691.406 1768.437 2471.750 2519.343 3508.250 
210.437 1798.718 2648.031 3093.531 3769.593 3805.500 
15.250 22.843 505.000 603.156 615.406 1101.250 2139.093 2499.031 3240.750 3852.218 3973.031 
251.843 615.312 724.781 2364.937 2935.343 3040.875 3371.750 3380.156 
403.437 718.250 3042.281 
15.312 164.500 916.906 1659.781 3353.437 3357.062 
1280.375 
22.625 92.312 254.093 288.593 513.031 546.687 582.625 2949.875 3307.500 3528.125 
166.468 202.593 917.718 2841.312 3588.812 
15.750 16.750 74.437 160.656 259.000 608.343 1027.437 3326.000 3368.531 
