24.437 67.281 423.437 492.812 594.937 1301.156 2105.906 2114.968 2330.812 2388.406 2738.125 2756.500 3042.562 3241.500 
544.312 695.625 907.093 1154.875 1622.343 2257.468 2266.468 2284.562 2290.500 3165.312 3814.718 
87.000 338.218 500.406 734.156 1369.468 1679.968 2287.937 2394.750 2469.312 3741.562 3775.875 3912.781 
85.156 94.218 233.062 324.093 682.750 728.125 738.718 748.031 762.500 841.250 847.812 907.781 1368.968 1671.593 1739.562 1748.250 1752.812 2456.750 2512.031 2700.781 
303.625 495.937 507.625 530.968 682.218 720.156 731.781 927.218 1141.031 1287.093 1308.843 1336.562 1351.687 1357.218 1420.500 1670.062 1728.281 1735.406 1831.750 2144.812 2612.375 2673.750 3315.093 3488.250 3653.812 3964.968 3975.687 
126.156 158.000 236.875 332.281 614.687 1132.375 1133.218 1180.000 1540.281 1617.406 1683.843 1699.968 2149.875 2154.718 2556.343 2738.843 2995.781 3033.468 3286.750 3592.406 3732.375 3783.218 
36.062 71.750 118.156 365.312 670.093 713.937 1281.375 1463.437 1543.937 1770.125 1772.906 2169.031 2396.906 3162.718 3344.781 3402.500 3751.718 3878.125 
324.250 343.406 358.000 901.406 1190.656 1723.750 1859.906 2311.468 2557.281 2834.187 2983.937 3428.437 3965.500 
181.593 221.375 237.156 777.531 1525.343 1764.718 2357.718 2627.500 2712.156 3155.968 3327.656 3898.062 3919.156 3989.093 
539.312 677.187 681.906 735.781 1717.062 3622.625 
