-1660.219 -1377.250 -653.000 -77.438 40.875 42.531 42.968 58.250 266.812 369.875 540.875 622.406 646.031 674.906 737.406 1644.968 1904.718 1919.781 3580.593 
-1102.000 38.562 40.062 51.093 877.062 1067.093 1407.812 1919.343 2608.062 3130.437 3139.468 3458.750 
-1878.500 -606.094 34.406 36.187 37.687 127.281 392.906 628.187 800.781 801.031 869.500 897.312 910.843 915.812 1073.562 1379.031 1435.718 1536.187 1765.062 2067.968 2234.156 2299.187 2366.031 3295.406 3620.062 
-1373.594 -1339.438 -1317.438 -1308.344 -480.532 -311.250 45.125 461.812 1652.750 1689.093 1697.906 2418.187 2433.343 2654.375 2815.312 3106.625 
-1562.625 -1539.188 -1089.157 -1058.219 -1002.719 -944.594 -912.063 15.843 36.625 40.625 269.812 376.937 1465.875 1601.062 1689.843 1775.218 1881.187 1969.531 2134.156 2134.906 2359.406 
-862.313 -550.657 -424.719 -137.094 -124.188 -117.094 -110.125 -97.438 -13.407 4.156 17.875 290.062 477.468 897.656 920.312 1312.812 1643.375 2065.750 2068.093 2176.500 2235.093 2345.812 2731.843 3844.656 3883.250 3893.000 3923.781 3971.875 
-913.188 -882.375 -463.344 -404.563 34.875 37.187 40.187 49.187 118.468 385.500 680.812 834.343 835.343 912.718 1201.968 1782.656 1801.812 1940.406 2052.000 2075.843 2459.875 2851.218 3287.625 3324.187 
-1769.844 -823.438 36.562 37.156 45.000 143.687 291.656 293.062 615.281 716.593 728.187 859.312 908.875 910.437 977.718 1065.437 1145.281 1584.656 1650.968 1802.687 2058.468 2062.187 2065.687 2318.218 2472.531 2762.593 3304.093 3523.281 3565.031 3617.656 3658.468 3723.718 3780.375 3886.781 
-1729.969 -1390.719 -1210.938 -892.125 -669.407 -338.000 34.968 36.687 47.437 67.093 124.218 281.781 634.968 911.562 1144.593 1393.375 1531.343 1538.187 1660.812 1747.875 1788.968 2069.437 2094.406 2120.156 
-1999.719 -1855.282 -688.813 -44.500 33.187 35.750 56.718 198.937 462.593 612.281 708.312 910.937 912.031 918.968 1240.843 1253.312 1386.937 1541.062 1686.687 1784.750 1786.500 1821.656 1885.187 1914.906 2126.000 2148.125 2220.093 2249.000 2873.562 2874.625 2945.031 2973.812 3109.531 3111.375 3120.156 3336.687 3342.093 3590.531 3607.656 3650.312 3717.062 3723.468 3755.093 3861.812 3914.281 
