-1322.532 -1317.188 -772.188 -767.907 -54.907 589.812 994.937 1099.218 1118.187 1621.875 1796.000 2050.500 2914.906 3201.968 3920.968 
-1587.938 6.625 31.593 241.343 388.062 436.625 657.781 717.875 734.281 796.875 863.062 997.875 1004.906 1323.437 1359.750 1375.593 1429.218 1564.562 1630.718 1662.406 1857.500 2104.437 2465.187 2844.718 
-1151.750 -413.032 31.750 122.156 468.437 921.031 1085.687 1469.968 1770.031 3123.468 3127.250 3139.843 3179.156 
-1009.250 -936.500 -843.532 -282.750 32.343 57.625 246.156 331.312 528.250 939.875 1519.500 1563.500 1763.687 3961.625 3969.406 3993.625 
-1644.782 -1638.969 -1587.594 -1544.032 -1520.907 -1027.532 -981.938 -630.407 34.375 112.875 341.281 955.937 1624.031 1796.875 1885.468 2044.750 2078.875 2089.187 2933.500 3269.218 
-1897.813 -1298.125 -1247.219 -950.000 -689.282 -211.782 -57.532 246.937 440.875 531.437 836.406 1532.125 1605.468 1666.343 1765.812 1876.781 2098.281 2710.562 3039.187 3150.125 3316.062 
-1598.625 -1511.594 -1321.688 -674.313 -617.250 -332.532 -208.157 -181.625 151.125 244.906 337.000 340.093 577.281 907.187 965.343 966.062 1283.656 1302.812 1416.656 1621.437 1630.593 1634.843 1794.718 3277.343 3286.187 3298.187 3527.625 
-1345.750 -1185.219 -1099.219 -283.844 -265.438 -185.875 33.093 148.593 242.875 244.156 332.687 402.656 429.062 457.875 469.125 590.656 815.812 993.468 1425.343 1609.625 1793.437 1892.593 2112.968 2319.312 2752.750 3033.875 3054.281 3622.718 3864.875 3936.312 
-1846.407 -1550.094 -1010.125 -925.750 -924.032 -699.719 -473.625 -431.219 -331.563 -250.938 -220.282 2.062 31.437 32.625 50.750 102.718 143.531 148.343 206.468 336.468 337.593 523.000 583.468 631.218 752.218 824.718 828.062 839.093 989.937 1439.906 1445.406 1489.531 1732.375 2234.156 2355.437 
-1640.407 -1591.875 -1244.344 26.750 31.187 118.437 120.968 242.406 245.593 278.562 334.312 435.218 517.593 671.687 730.687 847.187 1091.531 1408.531 1446.187 1626.062 1632.843 1633.062 2136.156 2606.187 2672.156 2843.875 3202.625 3760.250 3867.968 
