-118.250 -81.188 53.250 85.281 166.937 179.906 375.062 974.500 1204.812 1328.750 1385.281 1543.531 1670.968 2364.593 3588.312 
-1042.532 -792.813 -165.157 -135.188 53.656 56.375 795.000 1133.000 1152.843 1202.937 1382.062 1443.375 1645.062 1846.312 2038.968 2975.968 3882.937 
-1767.407 50.093 52.406 159.343 170.187 735.843 1092.125 1105.000 1676.968 
-1015.125 -303.907 -294.375 -209.563 -206.000 241.156 347.343 360.156 738.531 823.937 832.375 1093.562 1144.968 1433.906 1599.750 1656.937 1862.906 3237.031 3835.312 
-1969.000 -1958.032 -1930.907 -1905.594 -1879.282 -1799.188 -1425.375 -781.219 -675.000 -622.875 59.500 736.125 972.031 1201.000 1319.375 1581.968 1619.937 1623.562 2062.625 
-1608.469 -1569.063 -266.032 -222.938 -213.625 49.093 51.500 62.281 181.531 748.156 764.406 975.656 1459.906 1764.468 3270.312 
-1996.219 -1985.188 -1961.782 -894.563 -783.969 -767.157 -744.563 -275.844 -39.032 -20.875 27.718 52.875 114.312 149.062 173.375 249.093 507.750 512.750 724.468 973.312 1038.031 1091.031 1427.343 1764.750 2202.968 3010.750 
-1970.563 -1316.344 -1122.532 -842.563 -829.157 -714.657 -613.000 -555.563 -492.719 -468.188 -458.219 -437.532 -413.500 -389.844 -362.625 -320.188 -301.188 44.437 45.656 47.000 49.000 67.968 125.562 377.437 383.281 395.812 558.812 724.343 728.812 735.906 743.093 829.468 831.156 856.281 942.593 1621.062 1624.031 1808.562 2177.718 2561.875 2729.937 
-1913.969 -1632.657 -1334.625 -1153.407 -1139.657 -888.000 -813.532 -734.407 -684.375 -470.719 -194.750 45.593 61.562 186.281 504.687 652.437 762.937 843.312 974.062 1193.000 1412.500 1427.843 1445.531 1460.156 1618.875 1621.343 1700.906 1766.125 2192.937 2912.906 2986.312 3138.500 3686.687 3845.875 
-1897.657 -1697.094 -621.313 -590.782 -585.094 -560.438 -44.875 -43.688 -37.750 46.500 47.968 111.062 117.000 299.593 396.500 512.781 650.156 662.062 678.843 693.937 713.750 754.031 963.625 970.968 1200.500 1235.781 1254.312 1300.312 1403.281 1625.562 1934.843 2201.593 2205.718 2443.843 2604.156 2965.781 3529.312 3874.937 3892.531 3920.125 
