-1900.407 -1805.188 -1765.313 -1758.625 -1114.282 -1094.594 -917.750 -247.688 -229.875 -227.500 -190.938 -20.563 30.875 47.937 51.093 110.687 262.375 264.406 272.937 401.906 446.843 562.531 710.468 766.812 796.250 800.250 821.843 903.656 990.750 1089.781 1212.812 1245.875 1246.562 1295.937 1366.718 1399.406 1553.562 1557.062 1579.750 1592.312 1627.093 1649.812 1656.812 1897.906 1932.968 2143.281 2184.093 2186.156 2286.093 2371.375 2772.343 2773.593 3377.281 3572.843 3688.406 3941.906 
-1548.063 -1519.625 -1513.313 -1511.813 -1461.844 -1373.407 -1372.469 -1159.719 -1137.813 -1136.344 29.500 30.500 39.250 111.937 155.718 463.062 723.218 797.843 799.656 1021.062 1116.187 1211.187 1224.718 1237.437 1249.687 1285.625 1552.531 1636.812 1894.437 1979.625 1990.625 2016.531 2087.687 2122.781 2124.812 2128.656 2185.718 2306.968 2395.250 2412.968 3462.375 
-1958.688 -1781.407 -948.907 -573.250 -382.688 -307.438 -139.219 31.218 37.750 446.750 448.437 519.968 705.625 796.906 818.000 1163.343 1226.312 1247.125 1336.437 1554.593 1732.812 1845.781 1989.468 2081.218 2144.968 2189.500 
-1996.750 -1929.375 -1865.657 -1800.125 -1768.344 -1442.657 -1430.032 -384.688 41.437 47.187 78.437 117.156 259.875 346.906 455.312 477.750 503.593 592.031 717.187 801.843 808.093 1095.062 1097.906 1337.500 1366.500 1448.093 1554.906 1744.250 1987.093 1990.156 1995.625 2082.468 2085.406 2088.843 2106.906 2253.125 2308.562 2390.468 2604.031 2743.968 3020.437 3085.281 3556.375 
-1542.688 -1398.500 -960.094 200.250 227.906 339.250 448.968 470.343 471.562 598.250 799.437 809.625 914.625 1172.718 1174.125 1247.343 1320.093 1356.750 1405.968 1451.156 1584.281 1801.968 1927.875 2110.343 2146.281 2183.406 2450.781 3010.968 
-1599.375 -1466.063 -1463.125 -632.250 8.531 46.906 64.968 207.437 218.250 348.718 451.656 714.218 717.125 797.000 803.062 1176.125 1185.906 1271.593 1328.843 1334.218 1350.937 1927.750 1935.781 2036.937 2086.968 2097.062 2178.031 2307.812 2331.593 2337.031 2341.875 2408.906 2470.437 3676.187 
-1261.563 -1053.657 -386.125 29.968 47.093 353.125 450.843 705.187 718.968 801.125 804.531 1103.718 1248.968 1333.843 1442.750 1549.281 1551.156 1846.218 2192.468 
-1759.032 -1752.719 -1579.282 -994.000 -935.813 -633.844 -518.844 197.875 347.031 423.343 465.281 743.812 800.625 823.625 1168.250 1181.125 1444.468 1446.906 1568.218 1843.000 1847.687 2085.031 2086.875 2172.687 2252.312 2308.437 2316.875 2382.625 2639.250 3814.718 
-1943.813 -1796.594 -968.344 -962.032 -848.313 208.781 470.656 471.750 472.312 713.625 909.812 1052.125 1179.812 1248.218 1333.250 1436.500 1547.468 1555.343 1839.718 1931.312 2067.375 2085.562 2176.937 2300.437 2305.093 2308.468 2333.750 3057.375 3114.718 3266.968 3559.375 3828.375 
-1840.969 -1270.844 -903.500 33.812 56.843 204.031 353.531 450.062 466.312 470.937 533.656 712.937 791.312 799.781 850.875 1091.218 1168.187 1176.531 1343.781 1344.125 1428.125 1433.343 1498.937 1556.531 1575.062 1575.718 1577.281 1599.937 1607.250 1844.218 1918.062 1988.000 1990.625 2017.812 2231.343 2303.343 2306.343 2328.625 2377.531 2807.406 2900.687 3728.125 3829.125 
