35.218 335.625 341.562 376.812 383.281 519.125 725.375 1318.406 1367.343 1396.843 1557.843 
295.437 384.625 385.937 390.375 519.625 640.593 705.312 711.625 1281.687 1366.812 1430.937 1455.343 1583.718 1791.812 1848.562 
60.062 292.843 336.531 361.906 372.875 375.500 528.531 706.218 727.125 1172.750 
126.468 251.375 277.562 368.906 387.718 705.375 726.593 736.437 1187.625 1293.843 1363.312 1390.000 1516.468 1771.062 1777.593 
65.187 298.187 364.437 366.875 388.812 390.437 651.843 747.562 1153.218 1293.718 1364.687 1423.406 1425.656 
44.437 128.687 248.437 290.843 363.125 527.062 720.000 1286.906 1311.625 
43.562 45.375 77.875 81.187 162.125 357.312 806.968 1316.250 1360.843 1405.343 1406.781 1425.375 1707.031 1750.906 
35.281 45.968 292.843 324.656 373.375 387.875 390.468 517.250 572.437 1188.156 1285.375 1358.906 1588.125 1750.812 1791.687 
36.468 55.468 132.500 254.750 365.500 387.343 559.843 738.843 1191.062 1416.968 1425.156 1692.906 1815.250 1819.531 
255.406 256.750 327.312 355.875 363.031 382.468 417.000 536.187 1164.812 1174.500 1180.781 1363.843 1431.156 1463.500 
