810.906 822.625 840.031 857.562 918.625 920.125 952.562 979.156 1026.625 1036.281 1054.875 1059.031 1060.437 1127.812 1139.875 1154.312 1315.312 1398.218 1478.468 1599.187 1602.218 1615.218 1727.656 1751.031 
804.906 964.937 972.468 1015.812 1031.718 1112.750 1333.375 1551.906 1613.531 1689.031 
285.093 534.250 847.843 1029.625 1030.312 1057.250 1063.156 1068.500 1369.031 1375.750 1542.781 1546.000 1583.531 1713.937 
128.343 948.093 966.906 1002.375 1057.343 1073.531 1307.375 1386.250 1518.750 1534.218 1596.343 1630.250 1667.000 1713.250 1736.312 1741.281 
277.812 288.812 300.218 748.968 819.812 831.031 850.718 895.781 934.031 947.687 949.031 1011.093 1053.375 1110.343 1127.750 1174.656 1249.093 1364.656 1430.531 1514.250 1547.812 1724.375 
253.593 1002.406 1003.281 1058.187 1072.187 1420.593 1431.562 1551.937 1580.593 1660.968 1731.812 
251.687 518.437 531.437 902.468 966.781 972.343 1019.437 1034.437 1052.281 1122.250 1645.093 1689.500 1729.093 
247.500 304.468 535.656 840.968 854.156 900.531 925.781 928.562 953.218 1016.187 1018.781 1059.562 1070.125 1097.500 1098.437 1133.187 1149.343 1391.843 1410.218 1550.093 1697.000 1705.968 1720.625 
916.562 1002.875 1017.343 1028.500 1029.218 1049.843 1063.562 1117.031 1134.781 1625.875 1651.187 1696.687 1731.250 
531.437 844.781 853.531 979.281 1016.531 1023.656 1028.750 1044.593 1060.031 1069.437 1144.281 1304.781 1412.343 1434.375 1515.031 1543.656 1601.031 1652.031 1720.281 
