51.000 54.843 58.093 69.312 73.218 79.625 91.093 150.531 172.125 234.968 250.812 254.875 260.656 281.281 284.000 365.718 400.093 406.562 450.125 500.625 527.781 535.218 560.625 569.312 577.937 590.500 592.531 630.937 723.250 747.656 785.343 796.500 808.125 812.031 814.843 913.312 920.750 961.187 973.187 1008.812 1022.187 1055.562 1075.250 1122.781 2300.656 3132.781 
29.750 31.593 76.281 90.468 162.718 171.187 172.468 184.187 207.125 233.937 246.906 279.937 283.281 306.968 446.375 460.750 461.718 510.000 556.343 561.281 605.562 721.843 782.125 800.562 813.718 835.250 921.875 933.562 1016.031 1105.437 1124.031 
-1302.782 -428.219 56.312 64.468 74.343 88.062 117.156 134.343 148.906 163.875 170.906 199.343 204.500 208.281 247.625 260.312 282.406 288.937 315.625 371.906 387.781 391.843 407.187 447.875 458.250 459.593 463.562 526.312 529.281 530.250 542.937 571.281 580.250 606.281 679.968 749.562 755.062 760.500 901.250 905.156 908.250 915.156 920.875 930.656 973.062 1013.812 1036.906 1039.593 1040.937 1057.812 1091.406 1094.406 1104.625 1108.812 1123.906 1125.406 1125.781 1134.187 
30.968 52.906 54.687 60.968 73.812 77.500 87.406 123.281 133.187 147.531 175.781 214.687 230.875 238.031 259.343 280.906 284.531 376.781 401.906 459.718 475.750 509.625 510.468 521.187 526.625 597.312 610.093 629.531 750.500 783.812 791.875 810.000 892.875 925.156 991.000 1013.843 1039.375 1101.031 1109.687 1126.093 1142.593 1145.062 2862.531 3316.656 
49.968 68.218 74.281 87.031 134.312 148.937 166.500 192.968 211.968 247.843 259.593 300.656 309.781 380.750 407.812 425.312 504.281 548.718 581.687 598.093 714.187 733.031 750.843 813.687 816.000 836.937 882.812 924.500 1029.750 1056.593 1058.656 1090.875 1130.812 
66.906 81.625 137.812 161.218 198.656 204.218 207.468 215.437 237.187 249.187 258.593 285.218 298.281 311.406 364.125 390.031 394.812 411.687 427.187 437.187 458.656 472.031 478.593 480.875 504.187 527.937 537.218 571.875 581.812 584.000 593.281 599.281 608.250 611.750 614.343 678.781 731.750 737.093 762.125 811.187 811.562 816.843 839.312 910.968 918.343 958.656 963.343 1057.656 1077.500 1105.750 1111.968 1159.093 2704.531 
-1412.688 40.687 50.968 58.500 74.906 89.875 118.250 127.625 140.125 141.250 148.718 151.656 156.687 157.625 214.187 224.843 241.437 242.718 247.781 286.093 297.843 299.187 301.593 307.375 407.343 419.468 423.218 474.750 529.062 540.906 581.187 621.781 657.031 681.187 745.062 755.437 757.875 772.031 797.156 799.562 881.437 889.031 923.468 944.125 951.968 1021.281 1067.437 1075.093 1078.531 1080.125 1090.656 1145.156 1160.843 
26.968 47.125 51.093 74.750 117.125 124.375 134.187 156.593 172.718 186.812 206.906 215.500 227.437 252.468 270.062 367.687 381.718 406.031 406.531 407.500 415.375 424.281 488.312 499.968 501.250 520.906 527.656 560.468 584.437 585.375 639.000 713.093 740.062 820.937 883.593 918.156 921.656 969.656 1017.843 1023.875 1075.656 1083.406 1090.187 1099.093 1101.218 1110.718 3407.187 
27.375 33.312 73.937 78.406 128.750 134.687 144.156 157.156 204.875 211.531 233.437 242.031 244.062 246.093 256.000 260.718 302.406 324.156 405.500 421.218 496.062 513.937 538.093 562.031 578.593 593.093 613.250 622.406 721.000 726.718 751.218 757.156 804.093 806.656 813.750 829.187 835.625 885.281 910.781 911.312 919.625 925.062 996.250 999.812 1035.562 1138.750 1345.093 2735.687 3338.937 
-945.094 48.875 55.343 71.968 86.250 87.562 137.187 138.687 152.156 164.937 166.781 179.343 194.093 212.781 239.812 250.656 265.812 305.000 305.531 322.093 371.343 381.406 386.937 387.875 395.156 409.500 421.156 432.093 453.937 471.343 473.656 497.812 498.656 499.781 512.906 517.906 536.937 544.062 588.500 603.437 622.062 725.437 744.937 803.281 808.625 837.343 882.562 921.031 937.343 970.562 988.000 1021.312 1092.093 1111.062 1125.250 1157.000 2498.281 
-1748.375 -1619.188 48.062 80.875 150.937 152.531 152.843 176.000 208.375 239.906 252.812 381.156 387.031 392.937 396.437 406.718 411.406 419.687 486.593 497.406 514.000 529.781 563.406 589.437 626.281 632.656 679.843 721.312 742.781 750.093 776.718 785.125 879.968 909.500 938.562 968.156 987.531 989.343 1008.281 1017.843 1025.968 1032.218 1038.875 1045.562 1059.062 1074.343 1080.343 1085.187 1089.750 1092.093 1096.343 1101.625 1144.093 1169.781 
49.000 55.500 135.093 178.968 180.062 207.312 211.812 253.406 260.343 281.687 289.718 301.281 315.625 386.250 395.875 405.281 406.718 416.312 423.468 461.250 496.375 512.062 560.281 573.656 578.250 592.093 607.062 610.437 632.812 716.312 762.062 773.656 810.812 818.968 882.843 894.281 906.437 919.593 923.156 926.125 931.687 972.812 1011.187 1016.843 1038.625 1089.281 1090.000 1111.531 1138.187 3461.031 
-1950.000 49.218 54.406 75.562 86.375 117.625 126.406 140.125 161.406 165.218 170.718 194.781 247.468 248.843 259.937 268.250 280.312 282.687 286.093 298.281 319.625 365.531 393.468 398.968 408.125 415.125 498.125 509.968 561.968 576.500 588.218 592.875 606.312 610.875 614.875 621.781 731.312 732.593 765.250 782.250 802.343 805.593 810.125 831.343 839.031 882.593 926.468 942.593 958.812 1016.531 1039.437 1093.968 1097.343 1098.843 1100.593 1105.312 1107.843 1110.062 1114.437 1139.343 3994.156 
-1782.157 45.625 62.875 63.437 77.937 119.843 151.218 153.562 169.718 205.531 217.000 236.812 246.718 254.093 264.218 280.812 307.718 366.968 390.281 396.062 397.593 421.281 462.656 463.031 529.562 563.593 569.468 574.718 588.218 593.718 603.593 606.406 611.875 630.656 728.781 734.000 762.656 792.750 795.468 800.843 803.718 911.062 923.500 936.562 939.218 992.062 1024.281 1061.312 1076.312 1086.531 1091.906 1106.781 1112.781 1129.187 
