10.125 96.031 718.437 819.125 1162.062 1183.281 1263.031 1592.750 1652.750 1815.781 
401.343 656.968 716.031 760.750 898.656 1032.687 1115.625 1263.406 1344.406 1793.875 
58.593 80.906 770.093 915.156 1251.468 1295.531 1381.906 1660.125 1660.406 1794.937 
583.375 893.375 1891.937 
24.000 501.875 
338.031 730.531 821.125 861.562 1077.031 1693.625 1794.656 
504.343 752.218 
32.875 1503.125 1591.562 1817.562 
151.031 606.437 730.000 834.156 1164.750 1660.250 1660.500 
55.375 637.937 822.625 1034.625 1115.468 1263.281 1354.062 1794.312 
