
582.437 805.750 1860.375 1870.781 1928.093 3058.093 3582.343 3608.062 
57.218 522.843 556.625 1226.250 1283.218 1290.593 1296.062 2190.281 2632.343 
17.312 21.187 30.312 1098.156 1191.312 1310.593 2956.937 
17.062 515.562 652.031 750.218 1197.468 1225.187 1286.312 1410.718 2421.843 2462.625 3624.187 
17.218 512.687 513.781 529.843 632.937 1107.968 1286.406 1932.031 3133.906 
17.375 33.375 423.281 515.375 556.281 598.625 770.281 880.875 901.375 1055.093 1077.781 1107.031 1164.937 1169.531 1289.062 2122.906 3408.375 
16.468 23.687 35.218 49.625 308.312 511.500 651.468 691.875 1077.343 1080.375 1094.156 1101.937 1123.937 1357.968 2815.406 3439.968 
18.250 28.343 32.875 97.687 106.531 303.250 512.218 514.312 531.156 540.031 547.218 631.031 651.406 666.687 688.562 741.812 771.468 880.750 1053.375 1063.562 1075.000 1080.531 1204.781 1290.156 1291.843 1293.750 1415.250 2710.312 3381.156 
17.531 18.812 27.062 48.312 96.906 100.437 338.343 520.187 527.781 1090.375 1100.875 1210.812 1286.343 1292.781 1856.218 3963.781 
