1556.875 
69.093 111.031 126.781 398.406 741.593 788.531 1321.781 2679.062 2688.437 2692.343 2696.906 
35.687 55.718 468.000 491.187 572.625 2784.250 2798.531 3796.218 3799.187 3891.937 3927.218 
25.312 36.468 114.375 297.000 855.562 1480.531 1489.000 1518.875 2838.968 3297.375 
35.656 72.218 220.093 236.906 402.343 535.718 1155.968 1505.593 1627.500 3485.906 3519.000 
48.468 217.250 539.875 547.250 565.437 1155.000 1479.968 1484.312 1512.000 1804.718 3534.687 
22.843 36.375 37.531 73.093 399.843 538.843 1153.531 1480.843 1482.562 1491.406 1495.781 1502.281 3045.031 
25.000 36.656 68.125 216.625 362.156 545.843 1154.687 1184.937 1354.125 1483.000 1511.562 1625.187 1721.968 1798.375 
35.656 68.781 139.062 400.031 535.781 546.781 553.343 559.968 772.125 1154.281 1159.812 1483.031 1499.562 1517.375 1673.531 1735.625 2570.843 
36.093 72.531 86.343 223.218 357.750 399.875 548.812 849.531 1153.531 1158.718 1481.843 1484.031 1489.312 1492.812 1501.218 1505.781 1625.875 1627.468 2422.656 2751.937 2757.937 
