54.625 90.281 138.750 190.812 211.937 285.687 310.687 391.718 419.531 502.156 720.812 721.187 794.687 820.843 822.250 893.093 1001.281 1006.031 1032.687 1040.406 1112.125 1271.375 1273.031 1302.250 1532.437 1660.218 1731.093 1923.187 
88.343 118.312 237.687 240.062 257.593 280.562 420.875 421.156 459.218 462.687 501.843 506.750 541.687 608.656 633.343 656.718 669.750 719.562 720.750 757.875 793.968 874.406 937.812 993.625 1033.375 1034.812 1063.781 1125.718 1201.125 1232.843 1296.687 1366.000 1390.343 1438.281 1466.187 1504.625 1512.062 1531.875 1657.500 1660.593 1696.906 1775.906 1820.562 1830.906 1906.312 
55.781 86.312 109.687 118.812 230.062 356.625 357.531 392.156 420.593 423.656 515.656 623.625 717.312 740.750 761.750 769.656 1034.625 1040.375 1066.656 1072.375 1159.187 1189.468 1231.687 1245.812 1332.843 1459.000 1462.531 1568.750 1573.187 1582.750 1681.937 1697.812 1796.562 1812.250 1830.906 1903.625 1905.375 1942.531 1998.968 3423.750 
-191.000 -77.344 140.406 297.343 311.625 355.281 358.437 420.781 436.593 461.125 542.500 568.343 569.687 582.312 584.468 593.062 698.656 717.468 721.656 741.000 758.531 791.125 917.250 933.437 1033.156 1110.531 1155.812 1165.250 1264.750 1296.656 1358.093 1391.750 1466.125 1496.906 1521.031 1528.812 1568.125 1618.375 1658.968 1722.531 1743.656 1816.125 1927.281 
56.125 85.625 119.531 193.125 240.812 292.312 396.031 494.531 726.281 762.906 822.062 823.656 881.843 887.656 894.000 909.500 978.875 1033.187 1034.093 1126.531 1156.562 1390.375 1503.593 1505.500 1521.062 1695.531 1814.031 1975.718 2101.781 2593.968 
-49.875 87.250 97.531 120.406 148.906 282.093 293.125 320.781 606.531 632.687 633.375 637.218 658.843 696.937 725.656 753.125 992.406 1110.312 1231.625 1296.093 1296.875 1348.593 1427.718 1431.593 1512.062 1562.312 1564.687 1660.750 1867.218 1943.156 1992.843 1999.000 3967.031 
82.750 97.437 122.093 137.281 140.218 141.625 148.843 192.343 200.875 281.375 292.968 293.812 324.312 393.562 420.093 435.343 541.468 608.968 633.125 728.125 795.156 824.187 825.843 885.937 887.187 895.156 986.031 1031.968 1041.656 1113.000 1160.781 1272.593 1332.031 1394.437 1431.781 1513.218 1515.031 1520.531 1530.937 1641.562 1742.750 1760.593 1867.125 1941.875 1942.750 1970.093 1976.625 
72.343 86.468 139.156 202.468 236.843 239.718 256.000 256.531 344.062 593.968 608.437 656.875 657.687 875.281 885.125 891.218 1063.093 1160.375 1225.343 1298.187 1435.062 1437.593 1447.562 1519.468 1626.750 1659.593 1892.781 1904.031 1942.625 1968.843 1972.093 3304.406 
53.906 83.968 138.437 256.406 313.812 695.906 726.656 759.406 794.812 863.000 874.843 934.406 952.406 978.187 988.375 1196.375 1229.500 1247.968 1340.968 1438.750 1465.656 1504.687 1508.781 1534.437 1567.562 1573.218 1752.781 1818.281 1942.656 
-1949.157 -220.188 54.062 122.062 139.750 141.218 376.906 393.375 426.843 717.031 794.031 918.937 934.968 944.062 955.656 1033.218 1112.437 1429.843 1437.781 1496.093 1502.781 1574.812 1619.156 1697.031 1905.156 1941.187 2733.218 
