-542.688 125.218 181.250 213.250 222.250 263.250 519.656 1316.343 1317.687 
28.437 35.593 301.687 800.218 1023.312 1593.531 
123.000 459.000 470.937 504.156 530.125 1010.656 1252.156 1359.562 
30.875 31.375 38.187 160.656 257.656 482.031 509.656 538.562 553.468 933.468 1215.718 1550.093 1568.531 
-1472.282 32.937 221.906 228.937 473.968 480.937 482.218 496.656 516.437 540.187 910.375 961.375 1037.593 1285.781 1345.468 1366.406 1367.812 3039.531 3564.500 3799.281 3800.000 3813.718 
66.593 77.843 162.500 268.218 401.843 449.812 512.531 527.843 534.031 1213.281 1265.750 1322.437 1323.187 1345.093 1364.093 
29.281 35.843 39.625 40.250 186.375 366.656 1363.968 2129.718 
37.250 69.468 129.468 191.937 202.875 231.843 272.968 429.500 539.343 680.937 766.937 1119.937 1316.718 1362.593 1606.343 
29.062 185.812 285.281 374.531 427.843 481.281 499.562 756.812 880.312 1074.593 1608.406 1632.781 
30.281 216.875 222.000 381.781 492.218 521.187 539.093 878.187 1012.062 1014.406 1105.406 1285.562 1318.625 1565.156 1921.250 3108.843 
