40.437 41.000 78.625 88.250 95.062 200.218 202.656 276.718 377.312 381.000 384.781 385.875 394.156 430.343 478.375 505.468 509.812 511.343 586.031 587.812 628.812 654.375 684.500 689.531 690.968 893.875 909.843 911.031 917.000 984.093 1020.781 1074.437 1100.750 1102.718 1117.937 1246.968 1248.250 1330.718 1332.781 1356.406 1359.062 1501.343 1544.187 1556.968 1587.812 1668.500 1677.562 1792.531 1820.625 1894.968 1896.843 1998.500 2013.281 2015.375 2037.812 2046.593 2056.437 2084.343 2196.593 2235.875 2236.906 2238.375 2239.750 2240.343 2324.656 2326.000 2346.031 2350.093 2463.281 2476.750 2494.812 2496.062 2538.968 2541.093 2543.156 2719.187 3007.750 3237.687 3438.312 3663.468 3747.187 3763.062 
15.968 22.437 107.125 224.250 380.593 388.500 523.156 626.000 689.062 702.968 704.531 728.031 753.531 909.562 913.718 915.875 948.500 1032.062 1051.000 1076.500 1211.281 1214.531 1336.875 1502.062 1504.218 1508.250 1552.156 1562.531 1657.625 1678.000 1764.812 1818.375 1819.718 1822.312 1842.750 1890.093 1891.343 1895.250 1938.687 1958.562 2037.656 2040.000 2059.250 2061.093 2104.968 2201.125 2204.343 2228.125 2235.406 2236.250 2236.687 2237.343 2240.468 2469.437 2470.187 2495.718 2497.625 2498.875 2500.031 2503.031 2543.312 2687.968 3046.625 3180.593 3501.406 3748.406 
52.968 88.343 253.375 275.812 341.250 378.281 383.156 393.437 516.812 527.000 584.843 589.750 628.750 689.218 839.562 883.687 908.875 909.906 913.468 916.750 977.781 1067.562 1095.718 1212.000 1245.968 1246.531 1334.750 1356.437 1450.250 1460.750 1505.062 1630.000 1678.031 1775.531 1890.281 1891.437 1892.500 1893.250 1893.562 1894.656 2044.875 2225.468 2233.250 2234.687 2236.500 2237.468 2241.718 2342.656 2496.625 2498.281 2499.656 2500.875 2539.500 3032.937 3263.656 3533.781 3544.875 3831.562 
42.062 219.531 377.437 384.250 523.843 587.156 625.218 628.781 629.656 910.593 911.718 913.218 983.968 1028.250 1048.718 1049.750 1050.562 1064.531 1209.875 1211.656 1332.062 1505.187 1550.281 1776.187 1871.593 1889.906 1890.812 1891.468 1895.031 1895.250 2059.562 2062.218 2235.906 2237.093 2237.781 2328.000 2420.343 2479.531 2496.687 2536.843 2732.375 2989.250 3210.375 3253.031 3455.843 3697.000 
34.531 37.062 58.781 95.656 155.656 174.625 311.500 340.281 376.312 387.062 480.406 508.906 515.937 690.281 786.093 814.906 825.250 880.500 911.406 914.437 1050.031 1074.218 1097.531 1209.968 1212.000 1214.781 1248.500 1355.500 1358.687 1503.218 1548.781 1575.687 1677.843 1680.968 1772.937 1818.406 1868.218 1873.937 1890.093 2060.093 2088.562 2089.500 2236.750 2237.531 2243.093 2324.968 2486.906 2495.656 2498.093 2504.656 2543.875 2704.500 
14.968 94.343 344.593 386.687 857.062 906.250 909.156 1050.125 1070.000 1092.437 1246.250 1246.562 1248.468 1331.500 1358.625 1503.843 1509.343 1676.562 1680.218 1707.750 1709.250 1891.156 1892.812 1894.875 2089.343 2093.906 2199.281 2221.937 2235.250 2236.250 2237.656 2240.406 2241.187 2349.281 2496.781 2499.937 2500.781 2538.250 2542.218 2836.187 3010.093 3342.031 
21.812 96.125 217.343 258.781 368.593 487.781 490.656 513.625 515.468 626.250 634.968 678.093 911.187 911.593 914.718 1069.437 1075.062 1098.281 1105.250 1246.687 1249.781 1250.968 1344.000 1356.687 1475.687 1490.031 1503.718 1545.750 1546.937 1549.937 1682.156 1764.312 1768.968 1794.718 1818.343 1891.562 1997.937 2039.531 2041.656 2046.531 2061.156 2234.625 2237.031 2240.687 2482.406 2496.718 2505.031 2538.781 3705.218 3711.375 3970.625 3972.187 3993.375 
52.593 79.156 97.187 136.906 258.500 378.000 380.593 383.718 466.437 468.718 474.312 489.718 588.718 625.562 629.437 818.375 910.625 915.156 948.593 1101.437 1117.406 1209.593 1500.312 1549.843 1681.468 1767.343 1818.593 1897.312 1961.125 2033.562 2199.937 2235.312 2235.937 2236.500 2237.750 2241.468 2489.062 2497.531 2497.937 2500.812 2502.375 3602.281 3861.125 
340.406 344.625 382.625 404.375 589.062 590.125 627.000 630.343 697.781 913.406 1051.937 1075.468 1245.937 1246.406 1506.437 1678.593 1681.125 1764.750 1818.312 1889.812 1891.187 1893.812 1899.281 1941.312 1944.875 2041.562 2104.187 2200.250 2214.218 2238.718 2240.906 2242.125 2479.718 2503.187 2778.562 
390.375 587.000 652.968 688.031 690.093 693.906 694.281 698.937 788.187 911.312 912.437 1069.843 1075.093 1331.031 1545.468 1671.031 1674.062 1858.437 1859.312 1862.687 1958.625 1961.937 2197.468 2201.375 2236.093 2238.718 2239.375 2331.406 2463.343 2498.187 2553.750 3363.000 3372.187 3530.656 3531.031 3537.906 3635.656 3637.031 3760.968 3866.687 
