14.812 19.562 22.843 33.562 99.187 111.000 180.343 262.718 318.781 843.375 844.468 850.562 1077.531 2177.937 2520.906 3143.031 3146.843 3336.156 3338.062 
86.718 334.093 661.312 850.656 882.343 885.156 1123.250 1132.031 2571.343 
16.062 16.656 18.437 86.031 182.000 184.906 225.875 321.375 331.656 847.312 
23.406 187.281 322.593 334.750 2985.000 3021.750 3860.562 3863.656 
15.937 25.218 30.906 86.343 184.656 321.000 333.687 337.531 536.437 846.937 868.250 3448.968 3450.312 
19.406 21.281 22.000 184.531 3687.812 
333.968 3448.218 3753.281 
18.812 88.406 849.437 
23.031 32.187 87.156 92.031 101.281 354.593 781.625 2056.406 3037.343 3041.031 3043.468 3055.437 
86.968 100.375 3219.062 
