-1939.813 -1588.563 -1539.594 -573.625 -371.219 -326.875 -323.532 -313.313 -273.750 -30.125 3.906 95.187 228.156 280.343 522.468 1577.687 1628.312 1652.906 2063.625 2117.281 2259.781 2695.437 2975.437 3045.375 3491.562 3549.843 3648.281 
-1968.250 -1631.188 -1628.750 -1052.250 -1031.282 -934.438 -745.938 -491.563 -37.844 0.375 223.343 723.250 723.437 959.062 1141.062 1522.312 1555.812 1677.343 1869.312 2465.468 2822.000 3169.781 3186.500 3644.000 3687.000 3693.281 3817.500 3821.125 
-1884.094 -1826.625 -1206.375 -1196.344 -1163.375 -264.469 19.937 141.000 641.375 646.218 648.843 1334.968 1376.062 1535.531 1550.093 1557.375 1590.125 1603.656 1623.312 1657.406 2326.562 2410.718 2673.812 2826.937 3305.500 3713.687 3772.875 3776.187 
-1963.500 -1838.563 -1784.594 -1494.375 -1470.594 -1427.125 -679.032 -645.313 -638.688 -587.657 -414.219 -397.063 -318.782 -312.125 -170.907 -129.469 161.718 182.062 493.531 499.937 537.187 626.375 646.625 650.781 658.187 661.187 733.718 1099.125 1113.656 1408.000 1502.843 1590.093 1944.406 1955.593 2152.812 2168.718 2271.312 2302.531 3577.968 3586.468 3624.093 3629.562 3636.093 
-1945.875 -1912.094 -1520.594 -1180.282 -1064.250 407.406 547.531 552.406 709.687 839.218 1172.968 1237.187 1249.625 1309.031 1355.562 1396.750 1459.500 2260.406 2325.000 2329.187 2337.312 2350.625 2499.968 2844.531 3008.250 3183.625 3491.937 3495.000 3542.406 3549.687 3560.375 3599.343 
-1405.813 -607.469 -593.594 -484.125 -476.282 85.281 128.000 231.000 284.562 654.031 1553.187 1819.562 2331.531 2361.375 2376.500 2950.312 2961.437 3290.000 3310.906 3774.812 
-1999.625 -1847.782 -1286.125 -1284.625 -1264.657 -1170.969 -240.469 127.562 164.500 659.875 679.906 692.000 732.687 1117.750 1361.281 1393.437 1667.250 1702.000 2215.593 2353.343 2754.906 2985.281 2986.718 3226.687 3232.875 
-1978.250 -1947.688 -1757.000 -1738.875 -1335.500 -1251.907 -982.875 -969.438 -832.282 -820.125 -486.000 -484.563 -306.407 28.875 410.312 418.750 426.937 1051.500 1101.343 1419.781 1599.750 1928.437 1948.125 2513.437 2721.375 2814.468 2828.250 2831.218 2859.312 3491.562 
-1516.032 -1425.563 -1418.938 -1366.157 -535.657 -385.032 -304.188 -241.750 34.468 260.312 801.093 1065.156 1987.843 2904.687 2976.156 3274.593 3277.343 3320.468 3338.906 3358.468 3641.781 3974.687 3990.343 
-1801.250 -1770.719 -1763.250 -1461.500 -1447.032 -1445.500 -1364.000 -1271.750 -997.250 -994.250 33.968 66.062 154.468 409.093 657.062 693.062 1075.750 1429.843 2286.687 2289.437 2293.968 2302.250 2316.250 2394.375 3373.875 3560.843 3948.406 
