455.593 735.500 738.000 830.968 945.625 985.250 1210.000 1231.000 1495.062 1585.562 1754.062 
88.125 255.500 356.968 738.843 829.562 987.531 1119.531 1207.687 1230.468 1269.375 1270.812 1410.437 1641.593 1752.500 
34.156 116.562 119.156 339.218 478.906 547.187 732.250 824.937 826.531 1114.437 1230.531 1233.281 1586.687 1694.343 1890.562 1892.562 
47.312 115.718 318.437 466.031 544.843 732.812 1233.437 1588.000 1642.093 1818.687 
110.500 312.312 829.187 946.468 1112.156 1583.406 1751.125 1752.875 
47.312 356.468 458.906 829.906 1114.062 1118.312 1230.093 1413.656 1584.875 1887.625 2368.468 2382.343 2383.625 2989.187 3008.875 3018.375 3046.093 3659.062 3663.281 3667.906 3672.281 3674.375 
341.187 477.156 548.937 736.250 776.468 808.906 852.687 1749.593 
30.593 118.968 732.718 1316.781 1452.781 1750.437 1808.562 2727.031 2728.593 3355.000 
149.968 152.250 342.781 392.875 467.062 807.156 825.718 1112.281 1229.000 1582.906 1587.250 1749.437 
829.375 1114.062 1273.031 1590.250 1799.312 2318.375 2339.937 2344.218 3618.593 3634.781 
