17.687 24.843 26.312 33.468 46.312 68.750 72.062 74.781 92.656 100.531 125.000 198.843 214.625 225.187 251.562 257.531 291.093 306.562 309.375 399.312 409.406 412.187 427.531 524.031 555.250 608.031 642.843 791.781 804.781 812.718 829.593 912.906 927.250 955.187 1081.000 1097.531 1159.812 1169.343 1179.843 1195.125 1217.937 1244.593 1294.468 1395.281 1409.937 1428.375 1513.937 1636.406 1680.312 1716.500 1721.218 1968.187 1971.781 2200.875 2248.406 2756.250 3845.718 3996.687 
18.656 19.250 21.312 25.562 48.656 99.281 99.968 128.312 184.281 251.843 258.375 259.531 442.593 451.625 503.093 586.437 642.343 694.843 819.062 877.812 903.500 905.562 932.187 954.968 957.406 1032.937 1040.062 1121.968 1275.343 1428.093 1440.718 1545.781 1553.125 1718.750 1742.062 1933.593 1989.125 2738.156 3457.531 3469.937 3563.718 3591.500 
18.218 20.218 24.718 44.281 48.375 58.031 151.093 178.375 203.312 252.718 391.468 442.781 445.937 492.437 551.062 558.312 583.812 683.000 712.531 756.406 769.062 792.031 798.812 810.906 828.656 874.468 905.562 917.218 926.281 931.218 938.593 954.812 1093.875 1132.218 1224.156 1339.625 1383.343 1428.187 1540.468 1579.218 1600.687 1697.625 1746.281 1751.062 1764.656 1929.125 1972.031 2512.093 
17.406 19.062 21.218 54.781 65.281 130.375 168.218 200.531 250.968 257.218 308.843 327.875 387.093 390.468 490.406 492.156 504.437 586.312 636.031 650.187 702.406 743.031 775.687 821.500 903.968 927.437 1034.156 1063.531 1083.250 1159.187 1160.375 1179.781 1293.281 1324.562 1369.750 1384.343 1385.812 1444.250 1542.218 1587.562 1601.781 1684.343 1742.312 1950.562 1987.906 2238.031 3202.531 3468.218 3820.843 
19.531 35.343 102.312 130.875 165.468 259.906 389.000 398.562 402.968 491.968 584.531 635.875 756.406 830.281 904.218 930.437 949.781 1092.875 1240.593 1309.562 1326.500 1379.750 1411.062 1442.562 1534.031 1723.218 2387.187 
19.968 25.000 223.062 250.343 251.875 446.125 500.156 811.625 818.062 931.093 953.843 955.937 968.625 969.781 1161.218 1179.250 1439.500 1540.437 1586.937 1688.750 3883.531 
19.437 25.843 52.281 128.562 195.750 252.156 472.687 486.562 582.687 622.156 636.125 811.312 955.250 997.343 1383.187 1401.531 1427.187 1428.093 1522.625 1657.531 1719.187 1823.937 1881.781 3853.437 
19.125 45.687 68.937 101.687 171.625 227.843 251.781 363.750 444.468 448.093 553.187 682.375 1034.406 1158.750 1303.000 1715.531 
19.500 43.468 72.906 98.531 132.218 165.281 251.843 359.562 406.468 425.906 634.562 839.375 878.937 1129.281 1179.937 1298.687 1393.937 1395.125 1428.312 1522.812 1697.093 1741.250 1908.625 1943.750 1944.562 1970.875 
19.406 48.593 442.781 486.343 813.312 878.906 914.625 955.531 998.093 1103.281 1429.656 1546.625 1558.562 1873.000 
