13.718 23.812 52.875 60.156 107.968 115.812 123.812 137.781 156.500 169.937 193.031 222.656 225.281 226.437 232.375 259.375 331.531 334.218 391.187 434.062 468.812 470.937 492.906 532.812 540.562 555.156 556.937 585.750 631.906 659.875 672.093 694.343 728.250 810.968 831.625 900.125 1007.781 1036.093 1161.125 1339.625 1344.687 1452.843 1478.031 1524.281 1605.187 1764.093 1776.468 1828.062 1863.656 1906.500 3408.687 
14.343 22.750 52.625 53.875 54.406 89.875 131.687 156.406 222.156 281.437 290.437 356.375 376.593 433.937 439.718 471.187 493.156 519.187 575.500 681.781 697.062 702.781 857.031 958.250 1058.468 1089.531 1107.906 1151.562 1221.125 1368.906 1408.000 1434.562 1547.062 1562.562 1718.812 1746.250 1748.062 1798.718 1952.843 2447.687 
21.250 30.875 74.062 88.687 121.562 123.843 196.625 199.406 210.406 219.625 221.281 234.000 258.812 308.000 329.593 348.968 417.656 437.531 461.812 470.437 487.468 493.343 506.125 519.250 571.312 576.656 580.250 599.718 603.187 610.062 626.218 670.031 681.625 684.843 703.875 734.000 736.656 747.843 796.468 926.250 935.093 962.875 968.718 977.750 1001.406 1032.406 1059.500 1075.656 1203.531 1204.250 1205.750 1206.406 1275.781 1333.593 1345.343 1350.187 1361.375 1409.406 1429.375 1437.468 1454.781 1500.531 1562.656 1646.906 1652.093 1742.843 1806.468 1849.218 1862.718 1922.343 1951.843 3346.187 3637.687 
14.500 15.125 22.156 53.875 92.531 106.156 108.687 117.968 135.031 149.625 162.312 196.562 241.875 387.031 439.437 470.843 520.843 579.500 666.843 684.812 734.906 747.906 751.187 765.000 792.218 817.218 826.531 839.468 889.031 935.281 1006.750 1058.531 1161.562 1169.062 1285.031 1350.406 1409.187 1434.250 1442.500 1449.718 1458.281 1516.531 1639.656 1702.468 1710.937 1849.343 1939.437 2112.468 2910.156 3290.593 3409.125 3799.531 
23.218 27.093 52.750 91.375 106.781 135.687 162.718 214.968 216.218 219.156 270.750 341.281 386.406 392.500 402.312 511.437 551.125 554.343 600.937 625.125 674.125 684.875 690.937 733.843 744.218 747.437 770.343 825.937 874.156 997.500 1008.281 1033.562 1037.562 1155.875 1207.343 1234.375 1283.031 1348.250 1409.218 1459.125 1464.937 1647.000 1662.750 1733.906 1746.281 1749.281 1791.156 1799.500 1847.781 1850.656 1954.406 1981.750 2482.843 2743.125 3124.156 3687.343 
23.687 52.250 116.625 123.187 136.593 156.031 243.062 356.906 392.406 434.000 493.593 554.062 601.875 602.843 666.031 738.468 749.187 758.281 882.375 978.500 1115.500 1206.031 1206.531 1345.812 1389.156 1478.656 1485.437 1489.000 1501.937 1527.531 1561.593 1704.375 1763.187 1770.343 1776.125 1852.437 1912.312 1914.843 3140.843 3213.062 
26.375 52.593 129.781 136.343 143.593 201.250 210.093 269.218 308.281 320.250 347.687 368.781 488.187 547.531 557.000 578.281 586.843 626.218 769.187 774.031 823.718 931.843 934.031 994.937 1031.968 1034.656 1209.218 1222.343 1300.218 1362.031 1365.968 1409.187 1562.750 1662.343 1711.125 1715.750 1745.406 1765.187 1910.562 1931.906 1982.656 1985.437 2649.531 2771.031 3186.187 3490.031 3508.031 
14.562 18.687 22.531 43.937 55.687 88.750 123.187 136.500 155.562 157.375 196.000 216.093 221.187 240.187 298.312 319.781 356.937 369.843 386.968 421.343 434.218 549.343 602.468 604.468 625.187 631.250 700.281 731.812 812.812 826.281 834.281 836.500 874.187 903.312 904.718 944.718 994.187 1001.500 1033.718 1082.562 1115.406 1144.468 1160.437 1277.843 1343.062 1345.343 1379.750 1398.031 1434.687 1456.031 1508.625 1524.906 1530.187 1559.937 1562.968 1665.312 1711.343 1717.875 1720.250 1746.437 1764.843 1787.625 1826.593 1828.875 1851.437 1877.187 1911.625 1954.375 1984.875 2186.468 3111.187 3114.687 3901.500 
21.250 22.625 23.031 52.656 53.843 54.843 81.750 84.406 89.437 156.531 162.968 233.406 244.937 253.187 270.500 301.593 306.812 337.093 355.750 361.437 403.375 461.718 471.250 488.406 499.468 574.125 576.093 599.062 669.531 691.281 694.531 715.468 732.812 734.593 748.718 757.718 762.218 775.062 794.281 827.343 875.562 878.156 881.218 901.281 952.437 982.343 1001.625 1007.125 1101.906 1103.093 1146.562 1160.250 1208.312 1219.625 1250.906 1327.687 1342.093 1362.593 1457.187 1461.093 1507.250 1510.437 1606.375 1634.375 1715.343 1747.843 1764.625 1771.500 1827.843 1828.750 1849.781 1880.281 1902.781 1915.187 1994.656 2379.843 2577.843 2871.906 2877.937 2893.937 3175.250 
13.687 14.218 14.562 22.093 22.562 53.906 70.812 154.406 196.218 199.656 260.312 288.781 295.593 296.656 335.375 339.062 344.468 363.687 371.031 390.156 411.500 413.312 434.656 471.375 488.156 539.343 540.343 553.000 576.468 586.531 590.062 596.250 750.875 791.250 803.125 848.531 880.562 989.000 1007.062 1030.125 1035.093 1058.250 1099.906 1117.468 1153.062 1164.375 1182.375 1184.500 1239.156 1326.656 1415.687 1430.281 1434.343 1439.625 1464.593 1498.625 1554.093 1555.000 1557.593 1664.500 1718.281 1719.468 1799.625 1828.187 1867.187 1980.906 2161.968 2527.875 3194.781 3675.000 3699.406 
