18.062 22.593 23.218 23.562 118.750 178.187 260.562 333.093 434.843 475.593 477.500 496.156 532.093 532.687 587.937 651.781 653.875 698.375 738.687 878.562 973.093 999.750 1002.218 1049.437 1110.437 1110.812 1198.750 1204.312 1245.625 1303.656 1353.718 1356.687 1523.000 1580.218 1667.031 1682.093 1731.718 1746.437 1933.593 3499.875 
15.000 18.250 22.625 387.000 418.968 429.062 476.343 654.062 672.656 763.875 951.906 969.593 1047.656 1301.906 1333.281 1428.500 1436.406 1526.906 1636.281 1652.843 1779.250 1927.218 3916.343 3987.687 
17.406 26.468 152.843 419.437 500.718 513.718 588.812 699.218 765.531 874.375 1002.312 1357.125 1436.375 1523.625 1666.656 1736.187 1778.968 1779.218 3419.187 
15.062 53.375 164.406 190.875 419.062 495.843 589.093 656.281 672.687 700.625 928.125 933.218 969.875 1109.968 1112.437 1199.093 1636.218 1778.375 
22.781 51.875 52.750 119.062 176.031 365.343 414.812 672.375 698.531 973.687 1110.656 1332.656 1581.312 1681.968 1731.781 
23.187 26.875 124.093 300.343 429.125 532.593 672.500 1071.156 1184.343 1359.718 1523.750 1725.406 1731.562 1731.875 
54.687 429.000 496.250 804.906 947.562 1001.468 1048.312 1189.218 1202.312 1245.250 1779.125 
72.218 176.062 209.156 428.937 495.625 588.625 672.937 852.156 1053.156 1154.031 1353.843 1581.281 1731.968 1757.031 
23.281 311.093 429.187 494.062 532.125 603.000 804.718 973.468 1001.062 1070.406 1523.593 1526.468 
15.343 53.062 176.468 300.312 414.531 429.000 496.156 533.593 805.125 1053.156 1110.156 1184.250 1354.375 1635.906 1731.625 1746.468 
