32.375 139.062 161.125 304.843 595.375 644.906 716.937 830.000 860.156 906.718 1075.718 1119.375 1340.000 1362.843 1471.531 1620.187 1664.281 1798.156 1857.312 1857.593 1863.250 
85.500 111.468 134.375 214.937 304.625 326.906 500.718 642.781 668.593 730.531 780.812 830.562 939.062 1017.343 1068.062 1154.375 1304.843 1340.593 1858.937 
43.343 44.937 306.875 327.062 372.093 500.562 513.500 830.437 1017.218 1024.812 1064.468 1304.312 1419.281 1734.750 1990.218 1993.687 2368.531 2856.437 3009.812 3024.093 3075.031 3256.031 
134.031 306.906 327.093 372.937 903.968 906.500 1068.343 1621.031 1735.843 
327.187 500.375 614.812 728.343 816.062 858.531 904.812 1067.625 1665.281 1733.968 1795.781 
27.343 372.250 374.437 394.687 491.718 544.937 642.968 644.937 816.562 963.375 1419.562 1471.468 1664.312 1795.875 1990.250 
139.218 302.687 372.625 394.656 513.375 595.250 839.218 1020.531 1363.406 1796.187 
27.062 134.031 140.937 214.093 327.031 394.125 500.625 540.875 642.593 904.062 1082.281 1300.187 1664.375 1668.468 
27.406 29.781 302.875 452.000 513.343 642.468 662.500 690.500 716.562 830.000 1423.312 1471.250 1666.656 1736.250 
27.218 32.031 1075.281 1339.656 1363.062 1423.562 1445.500 1668.750 
