126.000 173.000 290.781 395.218 459.531 464.687 510.031 643.500 684.375 692.906 743.437 860.687 909.406 1193.062 1350.781 1460.218 1548.218 1553.187 1559.593 1889.062 1962.093 3942.937 
605.031 689.000 845.312 854.781 1338.718 1538.156 1545.468 1945.906 1965.062 2383.468 2721.531 3529.281 
78.125 145.343 165.781 345.500 421.656 844.906 870.750 1094.968 1203.781 1220.656 1228.625 1293.000 1554.375 1577.875 1862.000 2021.562 2754.093 3854.562 
32.062 342.875 349.000 408.875 465.687 516.281 1208.281 1299.125 1470.812 1909.250 2158.468 
104.687 248.781 264.187 505.718 604.968 654.593 730.281 863.968 1064.406 1197.531 1221.062 1231.656 1387.781 1580.562 1780.625 1975.656 2013.937 2180.281 3314.031 
151.562 225.468 350.781 467.656 575.031 592.125 675.687 684.343 934.312 1075.312 1475.812 1634.093 1641.937 1980.875 
335.468 422.625 761.843 1069.187 1218.843 1469.750 1703.343 1782.562 1861.343 2987.187 3102.875 
253.812 503.812 568.437 608.500 1087.468 1296.687 1662.937 3587.125 
357.718 598.875 681.625 815.468 848.687 1299.468 1548.250 1557.812 1857.625 2019.593 2025.562 2741.000 
30.437 96.812 253.281 296.156 387.531 512.968 691.531 1563.437 1803.062 1853.968 1917.781 2012.468 3303.687 
