52.500 187.375 263.500 618.843 1327.250 1510.656 1541.968 2009.437 3096.875 3109.843 3229.218 3508.968 
434.843 594.531 694.718 922.875 1340.375 1519.187 1539.500 1844.656 3715.812 
300.375 417.468 491.093 691.812 700.906 717.468 813.031 933.812 1324.718 1517.312 1612.437 
333.281 409.593 416.937 422.625 459.500 488.500 550.750 571.312 684.562 1000.656 1233.843 1517.500 1609.781 1968.062 3109.812 
58.437 220.062 228.656 294.593 753.312 915.531 994.531 1620.625 2894.781 3612.156 3615.812 
64.062 67.625 84.906 230.687 258.781 312.125 341.531 424.937 692.406 792.125 808.687 884.218 896.843 901.781 1235.718 1325.875 1334.843 1608.593 1617.500 1691.625 1775.281 3417.531 
88.468 314.281 425.750 438.375 580.375 592.375 655.000 697.187 797.375 1514.468 1538.250 1680.531 1730.375 1788.156 1889.000 1997.062 3671.312 
55.625 156.250 372.531 456.125 806.531 951.218 996.187 1130.093 1213.406 1689.875 1717.625 2600.875 
260.312 428.218 803.156 894.375 910.500 1170.093 1236.218 1436.687 1694.281 1836.093 1853.062 
236.437 313.000 577.062 586.625 702.781 786.281 1119.937 1219.250 1236.687 1319.312 1544.781 1610.625 1636.937 1820.218 1843.656 
