121.937 188.312 196.125 379.968 471.687 483.593 579.531 621.687 662.250 760.093 812.812 863.000 871.781 938.250 980.562 1172.437 1188.281 1200.031 1205.531 1488.406 1604.968 1607.375 1629.500 1646.031 1755.250 1882.000 2055.531 2157.312 3589.343 3616.625 
73.656 290.656 369.281 441.218 812.625 869.687 898.718 919.750 952.875 1093.218 1170.218 1180.281 1619.937 1653.312 1987.218 2824.218 3470.187 
394.468 407.062 532.656 549.156 557.375 799.250 1199.218 1833.312 2007.031 
316.156 320.312 419.781 615.843 949.406 1225.156 1253.312 1791.625 1899.500 
188.625 371.812 392.062 671.125 714.187 880.843 1081.781 1104.500 1116.875 1175.812 1202.312 1508.937 1513.968 1655.187 1798.906 3747.656 3759.093 
59.375 283.656 332.843 359.281 475.093 572.812 636.812 667.125 1103.593 1108.968 1125.343 1232.875 1342.343 1791.843 1909.125 2009.281 2349.687 3320.343 
279.875 288.062 421.781 892.625 980.000 1232.375 1599.906 1601.968 1793.250 2054.968 2796.250 2989.093 
73.312 80.593 90.187 280.500 390.468 540.125 823.781 897.468 1180.593 1214.125 1323.250 1523.062 1647.187 1914.218 2006.312 2756.156 
278.625 419.031 531.468 829.218 1202.875 1602.968 3295.937 
207.093 340.593 365.062 382.000 490.500 497.906 501.625 532.031 1175.218 1181.375 1631.625 1648.343 1790.406 3190.750 
