45.625 53.437 108.468 312.250 321.437 339.343 369.531 557.562 663.031 712.593 745.625 820.625 1229.062 1363.968 1435.843 1579.250 1603.281 1713.125 1846.187 1862.656 1878.968 1953.312 2236.343 3863.562 3870.906 
230.156 247.468 252.062 324.343 517.625 523.031 790.406 818.812 881.156 1157.281 1223.281 1256.406 1281.093 1322.968 1380.875 1447.000 1506.500 1913.843 2291.812 2302.437 3168.750 3226.093 3334.875 3706.437 
56.718 344.625 378.218 522.843 528.187 668.625 668.875 2023.312 
82.656 373.812 515.843 532.843 615.937 1157.031 1239.406 1771.062 1782.343 1799.187 
491.093 600.468 824.593 1158.312 1234.062 1495.781 1907.593 3033.718 
148.375 161.687 265.406 518.281 682.468 713.031 784.906 898.437 952.156 968.437 1515.750 1602.781 1852.375 2636.781 2680.375 2918.312 3635.125 
353.875 379.812 513.093 514.843 521.031 613.218 680.125 930.218 1013.250 1337.406 1438.156 1447.281 1496.343 1787.406 3570.468 
160.812 184.843 518.250 822.187 1227.156 1377.437 
189.687 347.312 372.312 522.375 663.687 763.562 883.937 1188.906 1713.531 
252.968 824.968 1184.375 1225.156 1708.937 
