27.968 84.281 113.812 141.187 168.125 215.531 249.937 273.218 367.500 431.937 482.781 564.687 598.656 667.468 751.562 841.906 956.656 1015.312 1163.281 1250.468 1332.625 1434.375 1484.687 1576.312 1609.968 1643.937 1680.031 1710.718 1968.812 2048.375 2104.687 2280.375 2301.718 2343.843 2366.312 3828.312 
118.062 164.937 242.062 298.406 347.218 403.218 512.562 692.593 751.187 811.781 1124.750 1347.062 1603.875 1632.843 1651.718 1675.625 1785.093 1991.593 2063.406 2509.281 3006.968 3448.812 3499.406 3642.062 3655.406 
32.875 66.750 91.218 144.062 173.312 231.187 259.750 331.125 365.281 529.781 580.187 701.843 762.500 803.562 847.406 1062.937 1336.468 1438.812 1510.031 1550.406 1578.156 1615.937 1640.968 1729.937 1947.437 2246.437 3009.906 3071.687 
73.625 100.281 126.937 213.937 442.218 764.906 1509.375 1617.687 1644.062 1698.468 1881.343 1965.218 2308.093 2448.125 2458.812 3025.062 3145.218 3175.375 3248.437 3288.250 3751.781 3780.625 3799.656 3824.312 
8.812 28.750 40.343 65.125 700.812 1305.250 1340.562 1385.687 1518.312 1577.156 1607.781 1659.562 1985.875 2030.156 2110.312 2393.312 3051.875 3202.937 3223.031 3236.375 3251.125 3280.468 3312.531 3331.187 3348.281 3352.156 3448.781 3749.687 
26.500 1097.718 1509.625 1548.843 1577.062 1652.687 1714.156 2008.937 2359.187 3009.218 3431.343 
1538.437 1641.500 1642.562 1681.875 1731.625 2411.593 2957.968 3119.062 3151.437 3447.937 3477.187 3560.906 3909.468 3965.218 
1523.312 1617.000 1631.062 3378.000 3505.875 
292.187 1552.656 1698.125 1864.093 2336.500 2346.343 3837.906 3933.968 3945.468 3963.781 
1993.500 
