111.968 114.781 153.843 173.093 197.468 262.750 323.531 403.031 438.500 503.125 580.562 616.687 662.125 720.312 782.656 830.125 881.937 916.125 947.812 1010.062 1103.000 1209.218 1323.281 1463.687 1488.812 1532.718 1606.406 1672.812 1776.437 1839.437 1881.343 1948.843 1995.750 2528.218 2890.531 2926.000 3428.468 3466.906 3648.718 
91.343 145.968 182.343 262.031 281.062 304.000 332.562 437.187 475.625 540.437 590.750 612.687 640.875 701.375 741.500 780.687 847.312 908.187 938.812 987.187 1177.250 1208.250 1310.468 1596.812 1625.781 1665.812 1727.531 1815.812 3316.218 3822.625 3830.312 3933.250 
106.343 134.718 152.593 185.656 229.625 397.000 516.218 534.343 642.156 732.625 806.718 932.562 1062.937 1232.687 1318.843 1378.500 1399.687 1472.875 1501.250 1593.375 1860.593 1918.718 1978.937 2776.968 2942.812 2962.281 2974.875 2999.000 3151.875 3268.406 3281.906 3296.875 3319.156 3472.656 3656.687 3764.562 3963.906 
20.687 21.625 96.656 146.031 182.500 235.906 349.093 401.656 451.968 537.656 607.968 933.875 972.468 1025.156 1202.281 1246.718 1318.437 1346.281 1381.500 1445.031 1478.937 1554.187 1587.281 1618.156 1669.031 1704.812 3266.593 3375.281 3551.656 3592.781 3618.062 3705.343 3945.593 3957.812 3985.593 
101.656 140.187 200.843 338.875 373.375 410.843 455.437 495.437 599.843 694.562 753.593 799.187 964.343 1241.312 1318.562 1438.125 1482.281 1686.031 1812.656 1852.281 1996.156 2334.250 3035.218 3366.062 3402.968 3827.562 3844.531 3881.468 
103.406 139.093 223.250 794.531 967.781 1193.375 1327.156 1380.312 1516.406 1561.750 1782.312 1939.187 2391.437 2421.843 3186.125 3200.312 3235.093 3958.625 3981.500 
23.218 115.281 155.843 248.968 492.656 542.875 594.500 708.312 802.656 921.500 1213.156 1345.718 1368.437 1419.187 1479.250 1592.531 1626.250 1676.437 1808.000 1904.718 2192.687 3232.562 3268.218 3483.718 3756.656 
20.375 169.687 273.156 642.843 975.468 1320.156 3484.062 3866.531 
20.343 751.750 961.906 1085.937 1348.531 1472.187 1683.531 2676.468 
236.531 3901.531 
