12.500 16.750 97.718 118.937 158.093 165.937 214.281 291.093 369.531 434.125 507.218 622.718 659.375 681.937 804.531 808.468 811.031 822.000 920.906 1216.468 1504.468 1529.531 1687.437 1761.062 2004.000 2018.000 2315.781 3753.593 
123.812 140.750 193.093 214.468 278.906 427.250 674.031 712.406 1156.437 1210.500 1986.562 2241.156 2702.531 3326.687 3756.062 
125.718 175.687 261.281 301.343 367.406 413.875 523.156 828.750 1212.781 1383.625 1496.781 1519.656 1555.625 1755.062 1783.031 2082.281 2190.156 
69.656 150.031 307.468 314.625 409.000 596.187 648.875 1317.312 1355.781 1689.656 1762.062 1779.093 1980.906 2398.781 
86.906 131.375 169.875 292.000 312.843 359.468 855.531 1282.656 1495.031 1770.562 2094.343 2450.187 
409.937 668.437 709.031 1775.000 1781.281 1790.375 1791.937 1988.250 2032.593 2319.125 2856.968 
207.781 409.906 815.812 905.437 1215.750 1342.531 1592.375 1605.750 2013.562 2055.000 2371.968 3780.468 
709.906 1367.312 1538.125 1716.625 1945.718 2585.687 3798.531 
161.093 1591.218 1967.250 2012.218 3949.812 
21.406 292.625 653.718 717.718 1385.500 1493.375 1500.500 2073.687 3743.781 
