-1494.532 -1249.094 -1053.282 -1051.344 -1049.063 -1047.688 -1046.532 -1044.532 -657.407 -643.750 -629.188 -627.438 -535.500 -522.719 -516.500 -259.188 351.062 535.750 648.125 674.250 861.375 863.968 865.968 868.156 1155.781 1215.312 1215.812 1219.343 1620.937 1657.250 1684.843 1706.375 1717.406 1724.562 1726.906 1904.531 1907.531 1911.500 1960.437 2226.562 2262.875 2402.375 3214.625 3221.812 3224.062 3224.312 3231.093 3233.375 3818.062 
-1585.782 -1243.438 -810.500 -807.782 -799.688 -374.875 116.250 400.687 916.281 1445.031 1458.156 1464.562 2134.375 2227.968 2239.843 2245.468 2250.125 2266.718 2272.875 2276.812 2283.968 3861.937 3876.187 3878.281 3892.125 3894.406 3895.218 3897.656 3919.281 3930.562 3964.312 
-941.907 -739.063 -736.344 -174.938 103.937 972.531 1626.000 1643.093 1648.812 1657.750 1708.468 1716.937 2592.156 3878.531 
-1534.500 -1144.844 -972.594 -523.032 99.218 130.187 553.937 600.000 1464.468 1465.625 1902.062 1991.531 2055.031 2250.906 2374.312 2408.468 2409.343 2431.375 3323.000 3515.656 3521.437 3556.718 
-1862.125 -1762.438 -1165.125 -1162.875 -1074.094 -1066.313 -797.719 -33.375 -13.344 1073.562 1101.781 1237.781 1363.500 1556.687 1625.031 1970.468 2023.250 3445.156 3447.687 
-1229.875 -1215.344 -1213.469 -551.844 105.250 428.187 866.500 915.656 933.343 942.343 968.468 1221.656 1231.156 1316.656 1445.000 1628.031 1668.062 1688.843 2182.000 2234.062 2238.406 2473.093 3565.687 3570.500 3960.000 
-1622.125 -1379.094 -1181.313 -259.469 -240.657 -225.813 -209.407 405.906 797.406 870.281 1207.656 1217.281 1367.687 1383.781 1493.062 2204.281 3988.125 
-1384.282 -1375.813 -1363.719 -1352.157 -1302.750 -1294.625 -945.719 -395.813 -384.719 -309.000 854.281 891.062 898.218 924.937 1207.968 1224.687 1440.687 1546.718 
-951.688 -932.625 -329.157 -326.032 -225.375 201.625 1241.718 1265.593 1267.312 1277.375 1795.781 1797.343 2179.250 2874.281 
-1939.844 -1912.782 -756.094 225.468 1632.187 1716.812 2231.375 2922.812 3346.875 3464.250 3473.250 3491.187 3503.062 
