83.968 1098.093 1282.000 2424.750 
263.156 423.812 901.812 1248.968 1314.875 1324.625 1338.718 1348.937 1830.531 1906.781 2471.281 2857.343 3270.500 3297.156 3703.843 
271.656 1302.812 2205.656 3136.281 3348.000 3713.500 3910.843 
1215.343 1333.500 1514.531 1912.781 2053.093 3028.437 3315.062 
264.125 1904.468 1942.687 2386.062 2870.031 2884.000 3794.031 
443.718 1105.718 1455.593 1598.562 1912.843 3290.437 3843.562 
422.156 1284.281 1916.500 3797.812 
47.343 419.156 1288.406 1914.531 1929.187 2023.625 
283.343 1104.812 1187.125 1657.843 1914.312 
1247.406 1372.781 1529.500 1837.593 2429.312 2445.437 3089.468 
