204.687 267.875 394.593 584.281 655.281 724.750 839.531 946.468 953.062 963.156 998.750 1097.437 1210.187 1255.468 1433.000 1709.250 1857.531 1949.031 2070.281 2845.656 2862.625 3993.875 
25.718 147.500 168.375 210.250 262.593 286.343 400.468 835.250 911.781 1096.562 1360.343 1840.937 3777.562 3950.718 
166.562 258.843 261.875 469.437 800.718 1186.250 1754.562 1776.062 1845.968 2078.718 2600.343 3690.156 
128.156 168.562 751.218 951.218 
137.437 372.281 798.875 1975.875 3201.906 
4.937 62.500 1094.593 1504.500 3437.437 
504.906 550.187 577.531 584.437 1588.937 2050.281 3312.718 3317.281 3719.906 
509.031 1336.125 1380.406 
387.093 711.093 1541.062 1836.218 2185.843 2733.375 
45.718 554.875 1381.906 1699.875 
