75.656 228.187 284.687 361.812 381.218 412.125 495.968 741.062 841.343 1007.500 1010.406 1138.000 1240.937 1332.687 1404.656 1609.093 1630.906 1737.812 1769.781 1796.156 1857.656 1858.687 3787.750 3807.343 3810.750 3812.531 
228.781 568.000 743.562 1034.218 1066.343 1122.218 1234.156 1628.312 1936.187 
155.343 467.968 497.562 574.093 926.593 935.437 1074.218 2289.656 
110.281 290.218 414.718 739.593 1147.906 1376.843 1796.750 1881.093 1911.906 
53.343 1641.031 1642.562 1672.750 3400.687 
222.937 362.781 1043.906 
109.812 111.718 1237.437 1298.906 3080.437 
28.656 57.687 531.437 546.062 1501.687 1962.593 
223.750 1067.031 1237.250 1614.468 1620.750 2505.125 3529.750 3709.093 
56.468 81.156 329.187 889.281 946.468 1325.218 1802.562 1966.406 
