25.937 27.312 32.750 44.500 124.031 134.562 184.406 185.156 214.531 215.625 220.187 249.625 289.250 314.437 398.406 421.687 442.531 519.531 558.656 569.781 574.187 655.687 657.968 672.281 691.187 766.000 810.625 821.593 929.375 952.718 1011.781 1039.000 1068.468 1113.656 1132.625 1133.468 1259.562 1323.875 1497.906 1501.500 1510.593 1526.312 1565.718 1606.187 1676.781 1830.187 1901.375 1971.406 1972.562 
27.343 27.656 31.562 56.718 124.343 125.656 184.500 191.875 208.531 209.656 261.718 395.968 406.875 528.781 570.718 635.562 663.062 690.500 741.562 778.250 831.687 929.406 951.062 1016.125 1114.781 1115.531 1130.812 1395.156 1424.437 1502.125 1524.312 1539.125 1555.906 1568.437 1580.125 1590.250 1747.718 1824.531 1904.593 1935.156 1936.437 1969.312 1976.843 
27.000 48.031 131.125 158.343 214.000 246.750 247.343 274.656 284.500 317.812 400.500 443.250 471.093 531.906 629.937 662.437 692.906 694.468 705.781 706.468 808.312 823.250 929.218 935.125 1016.562 1047.312 1056.937 1083.000 1113.468 1258.781 1333.125 1374.062 1424.375 1501.312 1531.687 1555.750 1566.406 1588.781 1589.968 1681.187 1687.062 1825.375 1912.250 
25.937 26.875 27.968 31.968 33.125 51.218 73.062 73.906 152.218 276.437 314.937 397.312 400.187 444.375 526.343 580.093 628.906 629.531 670.843 671.812 693.593 700.562 780.093 811.062 932.218 939.843 1052.281 1087.000 1113.843 1131.250 1264.437 1329.093 1502.750 1514.125 1530.500 1566.937 1580.312 1590.750 1683.437 1718.625 1720.406 1823.343 1903.562 
26.812 28.656 31.875 33.500 79.031 80.468 126.625 184.468 209.281 252.875 326.906 328.875 395.781 402.500 419.281 478.875 524.031 548.156 627.031 627.750 630.687 636.593 636.968 664.062 676.468 709.625 763.375 782.625 798.343 815.906 932.281 1002.500 1068.250 1116.031 1129.593 1263.218 1325.156 1412.750 1503.218 1510.656 1567.093 1578.343 1586.968 1587.937 1740.437 1827.093 1862.687 1909.406 
25.343 26.968 51.281 81.937 124.843 183.906 211.406 214.968 271.156 295.531 399.187 727.562 738.187 739.281 757.750 758.406 930.468 933.031 968.187 1043.812 1048.187 1093.437 1132.625 1149.937 1422.687 1555.500 1587.406 1749.062 1754.750 1825.812 1876.281 1932.375 
25.343 31.000 33.593 50.406 67.656 193.093 207.843 211.031 256.656 305.343 329.062 400.906 525.250 661.750 670.906 677.187 687.781 697.437 716.031 762.031 779.781 794.187 833.000 929.906 934.343 1004.968 1021.593 1130.562 1268.468 1312.843 1422.000 1502.625 1508.531 1543.031 1604.750 1678.875 1687.406 1718.218 1746.875 1831.125 1867.812 1937.000 
25.593 26.750 28.187 32.906 78.500 124.812 130.781 247.781 254.125 277.843 400.468 402.281 442.031 444.125 460.437 556.156 630.125 656.593 658.687 763.562 767.500 776.562 777.625 808.781 819.250 821.062 929.656 951.031 1011.468 1113.062 1260.750 1324.687 1374.812 1416.125 1587.906 1677.281 1862.593 1902.781 1934.531 1966.218 1970.625 
24.937 28.156 137.875 183.250 214.843 248.312 259.406 276.625 398.406 402.125 457.000 565.281 631.687 661.750 672.687 929.375 945.687 1036.406 1075.875 1131.843 1272.812 1325.906 1374.000 1457.875 1501.687 1544.906 1558.437 1560.562 1570.281 1681.906 1688.000 1745.062 1825.187 1905.937 1927.656 1976.625 1977.437 
25.687 26.531 32.625 33.500 146.500 214.812 251.968 274.750 314.406 398.000 405.375 518.812 521.250 631.656 661.750 670.562 697.812 779.343 811.718 823.218 833.312 929.500 932.968 952.500 1016.062 1020.656 1064.000 1068.843 1071.437 1106.687 1114.031 1268.750 1326.406 1397.250 1422.562 1430.343 1501.031 1511.218 1539.437 1541.500 1556.125 1609.312 1677.062 1742.718 1825.593 1931.718 1932.968 
