40.500 53.375 94.031 128.687 189.281 297.843 355.437 457.406 768.468 882.968 
45.250 140.062 254.937 692.437 753.093 905.312 1004.968 1205.843 1368.625 1926.875 2859.593 
76.000 127.000 255.875 335.531 388.750 432.718 494.218 768.312 932.656 1040.375 1049.625 1057.562 1156.156 3306.843 3625.062 
21.843 63.531 115.593 218.562 263.781 316.531 411.656 469.937 773.968 871.968 941.468 1003.625 1154.187 1205.218 1380.281 2431.312 
74.937 316.562 446.375 521.687 753.062 871.531 939.281 997.406 1122.531 1209.218 1303.156 1388.000 1431.093 
47.812 84.156 157.375 187.656 225.500 233.250 235.718 251.843 310.906 383.843 832.968 996.750 1186.125 1382.250 1833.781 3272.593 3650.343 3754.312 3955.968 
135.218 277.125 419.437 518.875 682.687 773.687 958.250 1074.468 1172.218 1248.937 
44.843 98.000 136.562 277.468 356.062 395.187 473.812 725.312 806.156 893.156 1011.312 1172.531 1249.187 1464.656 
58.875 283.500 362.843 430.562 766.656 1461.437 
61.562 181.281 335.750 440.656 482.406 570.906 615.187 700.906 787.781 950.687 1040.562 1380.750 1629.281 3040.125 
