54.125 131.375 153.656 200.687 231.312 283.093 360.281 429.781 468.093 738.718 895.406 1005.781 1054.250 1692.281 
3.875 159.187 217.843 294.031 336.906 342.656 413.062 
54.156 145.125 163.281 193.500 237.875 331.062 876.625 1704.000 3926.406 
126.531 164.281 193.312 236.375 288.312 1272.093 1678.250 3551.562 3611.437 3735.375 
140.875 208.312 311.812 379.406 615.656 1858.000 1957.500 2389.656 2677.125 
43.062 153.843 178.625 219.812 324.218 404.125 448.343 754.562 
47.000 159.968 274.531 344.406 402.156 715.718 1820.562 2755.875 3368.906 
60.687 167.625 221.937 379.718 468.375 
38.875 134.031 169.093 436.125 3450.718 
158.375 248.125 295.750 345.437 424.937 475.406 702.625 875.812 960.406 3884.906 
