107.718 202.437 1720.031 3412.437 3471.406 3491.718 3580.531 
155.062 262.375 528.750 850.343 1026.187 1126.500 1852.125 3965.562 
152.812 262.531 554.781 736.062 3059.593 3505.812 3775.375 3883.375 3958.906 
22.875 149.687 591.406 863.687 1588.500 
245.218 606.156 939.531 1037.750 1220.625 1348.531 1444.250 1491.687 1572.031 1620.812 1686.062 1722.218 1847.750 1884.406 1955.562 2004.687 2307.812 2726.093 2910.843 3109.187 3434.906 3497.625 
156.656 406.812 696.125 1301.750 1427.500 1584.000 1741.125 1983.031 2283.281 2736.968 2943.500 3167.250 3214.562 3317.281 3995.218 
159.625 593.093 862.593 932.781 958.468 1066.281 1113.937 1527.062 1605.281 1815.281 1868.562 1986.906 2796.843 
283.812 609.312 1217.437 1236.062 1482.812 1590.218 1658.468 2994.156 3018.406 3895.562 
49.218 242.750 400.906 584.187 749.437 817.656 935.031 1088.250 1185.406 1249.218 1526.093 1631.093 1851.781 1896.656 1941.093 2270.437 2976.687 3190.031 
83.031 215.906 381.000 627.437 791.031 901.062 980.156 1119.125 1262.562 1335.125 1408.093 1627.843 1709.625 1810.812 1873.531 1912.781 1986.625 2068.000 2274.718 3199.375 3800.718 3888.250 
