16.468 64.750 86.531 96.187 108.875 134.062 156.031 167.437 199.406 240.781 242.750 279.812 309.625 369.843 495.468 510.562 535.812 589.375 708.468 838.218 915.875 935.406 936.531 986.312 1074.562 1100.812 1117.312 1137.562 1255.031 1270.812 1406.562 1490.906 1510.000 1599.218 1620.093 1622.562 1649.250 1718.343 1820.562 1841.250 
64.593 72.125 95.906 98.000 109.562 156.500 179.937 217.437 241.593 341.937 369.593 460.906 476.937 495.062 499.750 511.968 591.593 677.593 734.718 788.875 839.531 916.250 1075.031 1201.937 1273.250 1344.125 1406.562 1491.468 1623.000 1652.250 1705.906 1820.531 1841.593 1954.468 
46.156 64.812 72.062 88.250 96.093 97.906 110.531 156.968 179.375 200.031 217.437 241.375 279.031 340.968 357.843 370.468 498.781 511.468 545.875 591.625 720.125 733.437 790.312 839.125 881.031 935.906 1026.406 1074.031 1116.656 1137.468 1207.937 1216.937 1255.468 1276.000 1373.218 1406.562 1470.125 1511.312 1621.843 1651.468 1698.718 1822.218 1846.812 1953.937 1972.125 
47.500 63.718 85.125 97.031 99.187 110.312 156.125 180.562 215.781 233.156 242.156 312.500 340.875 349.906 496.625 511.375 676.593 722.031 735.656 839.250 879.093 1075.187 1116.031 1138.875 1145.062 1208.343 1271.750 1622.656 1651.031 1720.593 1822.000 1953.000 
16.312 64.906 73.093 97.218 157.437 243.843 269.750 310.937 339.093 493.781 510.187 839.562 879.562 916.406 941.843 1025.000 1100.750 1117.000 1256.093 1464.031 1498.187 1600.156 1623.437 1929.625 1950.843 1972.781 
17.812 46.625 64.656 87.468 96.218 109.375 155.500 180.500 240.593 269.062 280.468 310.187 314.500 434.156 460.531 494.218 511.718 591.375 721.625 735.281 839.406 916.000 1021.875 1051.156 1100.875 1118.500 1206.843 1469.750 1598.468 1624.093 1652.656 1820.625 1841.437 
17.500 72.437 96.437 110.500 157.406 165.500 217.250 320.406 369.937 493.562 512.218 546.437 720.593 839.593 875.531 916.375 1100.812 1135.750 1206.593 1254.375 1269.250 1373.593 1407.843 1469.875 1622.000 1652.843 1805.906 1957.500 
17.218 46.750 64.125 86.031 96.406 108.656 110.656 180.750 216.687 242.687 312.000 511.062 543.843 591.875 682.218 708.687 723.843 839.625 916.156 935.343 1102.093 1139.031 1254.750 1268.250 1317.875 1424.906 1492.343 1599.843 1627.093 1651.468 1720.781 1820.625 1849.312 1951.218 
16.187 63.875 86.562 142.125 180.531 199.843 241.312 269.625 340.968 352.218 370.062 495.687 511.812 536.125 591.250 705.718 790.656 838.468 878.750 915.875 935.656 1074.843 1148.093 1207.250 1255.468 1425.437 1510.125 1600.031 1621.343 1624.500 1650.437 1719.187 1952.593 
64.437 72.718 87.718 96.718 157.750 243.218 269.687 358.781 493.781 512.125 591.156 652.781 935.812 1082.531 1116.156 1202.656 1254.312 1268.781 1539.343 1821.468 
