74.062 178.406 388.281 512.593 630.812 794.843 1273.281 1479.062 1598.750 1733.562 1986.218 2357.843 2565.218 3096.218 3247.937 3330.062 3602.875 3857.156 
76.531 242.343 378.218 387.187 514.000 637.375 796.937 1098.531 1255.187 1485.562 1577.843 1755.156 1918.562 2424.562 2638.250 2721.187 3372.937 3622.812 3912.343 3916.250 3924.312 
19.593 85.531 194.218 398.781 512.843 630.062 660.500 857.968 1103.593 1515.156 1649.906 2146.093 2450.812 2809.031 2814.968 3150.968 3651.000 3810.312 
77.968 101.718 380.531 680.718 852.781 1257.343 1569.125 1778.843 1953.031 2066.093 2106.906 2351.500 2396.343 2790.656 2939.406 3451.562 3712.937 3861.218 
4.187 173.500 311.062 513.968 642.875 880.968 1239.968 1670.937 2459.250 2771.312 2781.312 2808.250 2929.968 3143.656 3407.843 3553.562 
82.937 158.625 287.687 568.687 644.937 739.843 911.093 1075.312 1267.718 1514.625 2102.437 2435.593 2573.937 2839.718 2969.718 3342.125 3533.125 3925.343 
70.531 74.406 186.343 514.062 845.031 928.500 1277.093 1440.625 1570.843 1672.812 1880.625 2242.000 2535.500 2801.375 3094.281 3352.687 3490.562 3745.468 
73.906 79.125 250.718 510.062 670.156 786.375 873.562 1511.968 1954.937 2172.812 2425.000 2439.937 3090.843 3490.968 3615.312 3624.843 
110.375 270.250 412.406 522.625 780.906 1487.062 1598.312 1934.375 2191.562 2945.781 2956.500 3924.750 
70.093 281.531 406.812 670.062 853.875 946.968 1386.656 2523.250 2917.750 3302.406 3313.625 3688.562 
