18.656 20.968 134.218 144.968 159.281 227.125 270.937 293.968 336.718 452.437 531.156 572.250 758.562 767.625 859.281 894.656 970.906 1009.156 1215.156 1326.562 1497.750 1672.343 1796.218 2027.750 2457.500 2995.375 3002.875 3361.281 3828.437 3836.593 
16.062 18.656 21.000 41.031 119.312 138.312 159.750 197.343 249.125 270.687 392.406 432.062 471.000 478.187 539.531 768.468 836.000 870.906 970.343 1004.468 1021.156 1111.343 1173.031 1324.812 1571.875 1669.718 1705.656 1736.562 1780.468 1848.781 1946.937 2015.843 2025.531 2034.000 2392.562 3604.843 3755.812 3815.500 
18.406 20.937 32.000 118.468 135.562 222.062 296.593 529.437 545.781 582.093 766.531 820.593 887.687 914.843 969.937 1004.250 1143.156 1224.718 1327.937 1473.156 1564.156 1699.156 1797.656 1843.562 2019.625 2031.093 2171.812 2180.875 2285.187 2359.500 2368.906 2814.156 
19.468 22.781 26.187 31.968 155.000 282.437 477.687 691.250 767.562 846.250 896.562 965.375 985.593 1008.156 1132.312 1182.937 1473.500 1577.687 1672.687 1690.937 1777.906 1849.875 1884.437 1948.062 2018.125 2052.437 3158.906 
18.531 21.281 32.875 159.656 289.125 403.593 479.125 530.406 757.437 828.156 850.687 892.593 968.375 1009.968 1479.562 1498.218 1564.812 1668.062 1892.906 2021.718 2035.437 3641.062 
23.500 25.656 32.687 119.875 139.062 158.312 212.500 229.375 250.781 277.593 296.562 408.718 444.875 473.031 737.625 761.843 846.250 883.781 909.468 969.250 1007.687 1126.687 1180.843 1207.187 1231.187 1346.937 1465.375 1482.656 1576.625 1664.218 1694.312 2014.500 2035.375 2375.812 2766.343 2773.968 3177.312 3766.343 3856.531 3863.781 
19.093 21.656 27.406 137.312 230.125 284.250 296.687 394.531 478.343 583.031 694.062 857.812 883.500 907.843 1007.156 1015.187 1117.968 1239.156 1483.750 1800.531 1850.312 1879.718 1945.156 2022.906 2052.812 3231.656 3242.218 
19.812 26.718 112.156 226.656 250.781 296.562 379.375 409.000 474.906 530.156 559.000 846.250 884.031 962.906 986.468 1007.031 1151.906 1178.906 1197.968 1312.468 1492.875 1580.000 1670.375 1699.125 1843.500 2013.031 2026.781 2234.656 2238.750 2275.312 2323.218 3369.781 3658.968 3675.812 3825.281 
21.437 25.000 134.625 474.718 503.937 533.187 553.718 762.843 881.875 909.125 972.875 1001.500 1128.718 1422.218 1484.656 1524.375 1566.000 1622.218 1655.156 1738.562 1778.437 1825.593 1848.781 1879.125 1917.000 2024.250 2244.125 
18.812 21.125 130.937 146.718 160.531 223.406 290.468 489.406 538.031 768.312 892.000 947.687 970.562 998.468 1010.031 1140.812 1216.781 1329.375 1465.656 1482.437 1504.906 1571.968 1647.000 1686.812 1777.343 2014.937 2264.718 2435.156 2453.968 3539.968 
