17.500 29.468 151.343 389.062 389.781 705.718 1128.125 1290.500 1327.875 1351.250 1549.156 1587.750 
73.125 252.687 305.406 447.500 670.250 898.093 
16.875 72.281 113.843 874.437 1026.562 
14.656 17.281 23.437 26.593 53.218 71.656 72.312 73.343 149.750 254.500 471.531 567.281 897.656 1153.250 1267.250 1684.562 
15.656 18.875 42.187 72.593 73.187 115.375 229.937 368.406 398.625 471.343 471.687 475.625 709.906 741.906 1063.406 1127.781 1148.937 1246.937 1346.437 1351.281 
71.156 184.156 284.000 468.656 897.250 921.218 922.531 961.812 1059.843 1245.281 1247.125 1266.937 1351.687 1579.406 
24.156 55.468 69.718 74.625 191.000 305.125 364.937 473.656 1060.812 1062.625 1066.281 1129.156 1938.406 1969.312 
29.093 56.875 72.062 184.875 308.718 366.375 435.406 446.875 447.312 474.593 546.656 738.687 897.281 1059.562 1267.718 1298.906 1329.437 1407.937 1590.687 1957.343 1968.000 
11.531 16.500 23.281 24.375 25.031 25.687 50.718 64.843 131.500 257.812 308.343 311.281 430.375 471.687 742.656 746.656 
49.718 60.437 74.093 81.625 185.656 205.968 258.656 290.031 468.312 470.781 897.937 899.156 1247.156 1274.375 1350.156 1352.968 1673.718 
