23.125 134.718 1840.656 
53.000 64.906 140.937 148.687 495.750 500.156 1406.531 1426.468 1844.906 1848.500 
15.343 329.906 438.437 499.031 792.781 910.281 1688.937 1691.312 1824.781 1846.468 
17.718 38.812 493.843 494.625 732.281 747.437 1404.750 
22.843 23.156 59.281 137.062 493.687 499.906 637.468 897.781 1719.500 
225.000 272.937 494.156 498.562 638.593 1125.468 1134.906 1140.250 1163.000 1194.718 1330.906 1355.187 1426.468 1719.000 
58.593 68.156 90.750 93.906 159.031 268.437 281.437 359.968 493.843 498.625 746.000 964.406 1316.843 1401.750 1504.468 1928.968 
15.218 56.343 308.312 360.187 435.406 493.843 497.906 1716.312 1769.875 1972.031 
36.937 91.812 133.312 214.718 305.781 353.531 493.875 1027.156 1059.156 1083.781 1220.156 1501.156 1754.656 
36.281 37.812 40.031 91.937 493.875 499.250 500.500 635.093 1030.968 1128.000 1426.906 1699.031 1951.500 
