21.656 140.656 163.687 356.718 408.625 551.437 746.031 766.156 1117.781 1440.718 1750.343 1839.437 
20.531 20.843 21.093 84.531 237.750 358.843 550.250 748.468 786.187 893.437 1116.500 1153.187 1186.343 1418.062 1724.781 1960.906 
21.281 46.500 49.906 172.500 319.687 555.375 687.062 780.687 862.656 1066.375 1118.281 1188.968 
19.000 22.250 317.875 356.312 356.906 1114.156 1117.031 1315.781 1747.437 1762.281 
20.500 26.062 50.000 405.281 553.031 555.406 980.906 1115.187 1116.250 1417.906 1868.875 
19.968 58.343 81.875 90.781 115.406 145.718 315.843 355.687 412.250 443.093 554.062 600.968 603.625 776.937 818.968 1117.250 1386.156 1438.625 1669.937 
18.312 19.281 19.593 20.687 24.031 145.468 317.875 356.093 356.687 363.562 446.500 467.187 552.468 981.656 1416.406 1508.750 1696.750 1753.406 1838.281 1960.875 
20.437 21.906 34.906 43.687 81.062 198.125 272.625 317.156 319.562 356.531 410.906 548.000 703.875 745.812 822.875 864.031 903.406 996.531 1116.250 1118.062 1153.437 1389.062 1419.062 1476.093 1656.437 1923.781 
20.062 21.468 26.687 47.312 56.062 205.406 269.062 356.093 356.281 356.500 358.812 552.750 643.593 743.531 984.656 1116.750 1684.093 1983.500 
19.406 23.812 149.500 191.000 320.468 357.343 364.937 399.062 823.031 848.781 976.312 984.187 1116.468 1116.968 1417.343 1422.031 1441.031 1663.843 1984.125 
