25.312 36.875 76.062 102.343 121.781 122.468 124.625 186.125 424.312 520.656 563.562 702.906 770.812 803.031 898.406 902.687 903.781 937.750 981.593 1032.281 1069.437 1203.312 1204.843 1283.687 1386.125 1469.843 1477.031 1533.156 1644.000 1811.000 1960.062 
-1530.750 32.187 36.937 41.500 61.250 123.187 125.187 192.062 193.875 268.968 282.156 358.312 359.656 424.687 520.343 529.156 645.968 799.468 809.750 852.656 939.156 959.656 1051.562 1125.468 1186.062 1316.218 1409.593 1416.812 1472.843 1492.843 1525.187 1530.000 1725.187 1786.218 1813.093 1825.218 1893.156 1908.156 
121.812 146.156 194.000 314.843 561.968 704.500 747.218 833.531 1056.218 1061.437 1101.468 1275.250 1328.343 1445.718 1723.062 1878.281 
68.187 83.656 195.218 249.781 301.656 375.656 649.312 701.687 750.125 770.843 902.125 979.406 1101.906 1217.093 1471.687 1649.375 1881.187 1898.968 
38.343 90.875 100.281 121.906 123.906 157.781 196.968 291.531 316.750 349.968 363.312 382.937 440.812 540.718 545.562 550.250 801.250 877.593 880.125 916.781 924.000 1035.187 1183.312 1252.312 1300.593 1470.218 1534.718 1562.843 1589.343 1623.343 1638.406 1707.843 1783.781 1967.625 
55.125 121.718 128.468 168.031 194.812 220.968 264.968 318.375 427.312 429.031 522.937 526.593 527.781 851.062 1005.250 1093.531 1162.500 1310.125 1377.468 1705.000 1743.875 
23.312 35.593 194.062 358.500 368.062 370.937 381.500 433.093 533.812 536.843 549.468 558.406 649.625 701.218 724.562 725.218 726.312 732.781 800.187 805.031 853.437 882.250 981.156 1116.062 1209.468 1275.781 1282.843 1318.343 1327.312 1359.812 1386.125 1496.656 1632.562 1702.406 1766.312 1783.375 1816.531 
-1997.407 -1201.407 60.000 78.562 82.093 87.625 122.687 123.281 225.843 232.125 282.062 339.843 373.625 451.562 489.468 586.281 599.375 633.281 683.343 703.093 778.062 1030.718 1032.000 1099.156 1133.781 1415.468 1532.125 1657.125 1706.250 1725.437 1756.812 1967.750 3257.218 
-507.500 102.343 132.125 170.281 224.281 224.968 254.781 424.343 532.468 697.000 841.437 977.906 1061.500 1165.687 1357.375 1359.281 1419.562 1532.218 1566.281 1663.406 1765.968 1782.625 1819.562 
38.593 45.531 139.937 223.531 236.593 323.593 338.656 376.500 430.531 479.781 489.093 533.531 629.312 679.281 705.093 1032.937 1062.156 1067.531 1089.062 1173.593 1271.406 1326.750 1362.750 1450.718 1466.375 1536.000 1545.781 1550.468 1562.000 1668.687 1670.500 1705.906 1711.375 1788.250 
27.187 37.031 47.531 87.500 120.500 183.812 221.968 256.093 326.593 342.531 433.593 477.218 516.281 632.750 669.093 833.187 876.906 902.281 904.812 988.031 1099.125 1182.937 1361.500 1380.468 1437.187 1466.843 1532.968 1534.437 1656.843 1704.343 1749.812 1873.312 1900.343 1910.062 
88.218 90.156 132.062 179.093 255.156 293.937 301.250 346.937 372.125 560.406 733.062 749.593 766.937 899.625 923.312 961.718 979.312 987.625 1345.656 1532.562 1542.281 1562.781 1563.968 1699.125 1707.343 1723.687 1782.437 1816.843 1821.875 1954.281 
57.781 59.812 84.312 120.218 125.937 132.250 141.593 168.343 175.687 225.937 236.750 340.906 370.187 490.500 528.531 619.156 648.093 772.343 865.343 936.375 959.000 1002.968 1032.437 1061.531 1067.875 1081.562 1174.437 1203.593 1323.312 1326.000 1365.156 1596.656 1624.312 1631.875 1708.593 1817.125 1931.375 
22.750 41.125 74.406 136.437 148.093 178.750 189.187 236.687 239.156 301.531 324.343 326.906 372.281 389.843 426.218 453.562 456.718 481.687 495.281 544.781 560.656 605.906 636.718 734.156 839.343 909.031 915.593 1098.125 1173.156 1179.312 1202.968 1282.375 1293.031 1354.093 1373.250 1450.250 1476.312 1493.718 1525.843 1539.562 1633.562 1677.343 1709.562 1756.531 1761.375 1798.593 1811.093 1873.406 1914.968 
