-1990.532 170.468 236.406 506.093 784.968 1113.218 1265.718 1729.906 3243.343 3246.500 3894.750 
-1635.188 123.937 158.468 173.562 339.031 357.437 424.781 1207.437 1302.625 2808.187 
-104.657 136.593 946.500 1207.468 1212.875 1266.093 1336.781 1403.531 
-919.375 57.093 118.375 144.750 256.625 297.625 667.531 708.906 949.687 2106.187 3962.062 
-1676.313 72.312 120.000 142.343 253.500 1052.968 1241.656 1256.156 1277.000 1677.187 1690.906 3976.906 
123.375 1210.500 
-1681.157 -904.250 68.500 84.000 114.656 143.906 
-1150.188 -26.938 55.406 189.062 905.843 1204.812 1270.062 1560.406 3246.625 
-1870.000 -1319.375 -1309.438 147.062 154.468 163.656 1250.062 2163.687 
1425.781 1676.406 2151.000 
