-1149.532 -1121.750 -1113.375 59.406 268.875 314.531 396.125 3028.562 3892.718 
72.031 216.343 434.781 3249.250 
-1753.563 -1719.875 46.218 114.093 1696.000 
-1310.813 -928.782 -171.625 3311.281 
-1919.282 84.000 114.187 314.843 412.812 1791.531 2645.375 
-781.282 5.812 214.062 824.062 1136.375 1854.218 2050.281 2086.125 
-951.063 217.250 231.406 368.718 419.531 1187.250 3567.406 
-463.532 57.750 58.937 71.781 75.468 423.406 2803.093 3294.968 3754.656 
-144.625 334.312 2076.750 2143.000 3766.687 3821.531 
-192.469 -164.375 62.437 2774.500 3667.843 
