65.031 83.031 314.062 333.562 680.781 1102.312 1143.031 1150.812 1249.093 3498.500 
44.343 73.000 213.500 227.750 385.093 550.593 582.906 675.656 716.718 760.156 779.000 898.875 959.312 1145.843 1151.375 1312.437 1360.812 1393.781 1561.562 1570.312 1884.843 3242.812 
67.812 196.843 210.593 215.718 226.750 343.937 351.593 496.875 529.843 555.156 674.718 685.656 744.906 899.062 952.750 970.187 1146.281 1150.312 1311.968 1363.125 1367.375 1491.312 1535.781 1536.062 3446.500 3448.031 
64.656 74.187 188.343 217.031 448.562 613.093 624.250 645.406 716.187 723.625 944.812 948.218 1068.312 1192.250 1198.343 1221.281 1311.656 1512.031 1581.843 1603.500 1767.187 
67.031 231.500 286.125 385.875 446.156 516.093 558.281 567.218 605.812 675.937 728.218 873.000 912.750 1104.156 1149.500 1224.531 1246.125 1269.031 1315.218 1341.187 1370.093 1377.093 1475.031 1489.625 1562.218 2165.093 3605.218 
76.531 98.187 352.000 461.718 503.250 676.000 677.406 848.843 899.062 900.281 1124.562 1131.437 1144.812 1151.781 1216.281 1273.031 1371.718 1430.031 1492.968 1536.250 1538.625 1872.968 2129.968 
188.937 324.312 334.656 360.062 447.625 449.250 459.156 576.250 606.156 710.125 765.968 913.406 1096.187 1152.843 1247.000 1313.281 1364.250 1408.781 1481.250 1555.468 1926.156 2274.468 3779.531 
45.343 64.125 217.906 302.968 314.656 488.687 490.968 513.187 620.500 762.281 900.187 948.281 1084.812 1144.531 1153.343 1159.250 1272.968 1363.656 1554.750 1857.593 2461.375 
225.343 447.656 457.531 555.281 578.375 639.843 676.125 736.062 1033.187 1127.593 1136.843 1143.250 1169.656 1276.093 1283.468 1311.937 1314.781 1432.750 1500.437 1536.781 2011.531 3827.250 
71.687 214.781 234.687 488.125 523.281 539.625 626.312 634.468 798.000 1136.031 1159.687 1223.750 1314.187 1362.562 1398.781 1406.250 1408.781 1481.218 1536.875 1537.312 1602.968 2842.750 
