12.906 41.250 178.156 456.500 950.750 1060.906 1076.750 1223.125 1238.375 1256.281 1296.218 1357.968 1359.718 1463.375 1623.000 1640.562 
41.156 162.593 337.593 501.375 577.343 604.406 626.875 703.562 753.781 756.468 950.312 1012.562 1095.093 1135.781 1223.062 1317.875 1358.093 1489.437 
80.625 376.625 377.375 439.593 448.093 540.625 579.218 698.343 851.250 1061.218 1090.812 1091.937 1092.687 1222.343 1230.187 1238.406 1294.687 1457.125 1479.781 1648.750 2819.937 2925.437 
57.281 155.312 157.500 157.750 194.750 503.031 712.562 753.156 986.500 1001.000 1116.000 1119.500 1279.656 1312.625 1358.562 1382.593 1524.906 1591.093 1592.875 2357.375 
33.781 52.062 276.187 334.906 447.781 449.437 721.968 754.406 791.718 852.843 952.000 1014.625 1114.812 1138.062 1358.468 1384.125 1412.500 1422.312 1464.125 1524.906 2093.312 
19.968 34.312 45.406 115.500 154.718 185.093 269.906 357.218 423.000 448.312 458.875 521.593 542.593 720.125 754.500 767.500 829.781 830.437 841.375 981.031 1055.968 1121.812 1234.781 1295.093 1358.718 1359.718 1375.656 1397.125 1408.812 1473.281 1517.343 1591.593 1594.625 1625.687 2293.093 2668.468 
44.500 152.500 164.937 194.031 280.656 326.781 445.562 608.218 626.468 724.812 831.218 1062.687 1075.656 1118.968 1119.312 1244.531 1294.093 1358.093 1417.625 1472.375 1487.093 1592.187 1593.437 2506.375 
53.031 176.718 347.500 433.718 481.593 556.531 607.687 791.562 843.093 878.312 946.906 978.687 980.250 992.843 1013.937 1063.937 1136.812 1223.187 1280.843 1281.593 1372.812 1403.750 1482.125 1518.656 1591.468 1637.906 1652.750 
35.843 53.875 62.125 156.406 165.687 185.718 259.781 429.937 448.000 460.531 480.531 487.187 847.812 948.218 1054.031 1120.281 1293.468 1318.406 1359.375 1477.781 2171.437 2383.187 2681.250 3123.125 
35.375 157.531 165.718 185.062 459.031 496.968 540.250 626.000 733.218 880.531 1083.437 1361.968 1373.593 1422.437 1592.593 2185.656 2435.812 
