-1897.313 -1818.532 -1593.594 -1149.563 -1106.938 -1029.625 -941.594 -910.813 -825.532 -816.563 -652.469 -496.188 -406.125 -170.375 19.250 26.500 55.218 58.062 67.593 111.125 126.937 148.281 170.093 183.843 220.468 226.406 236.406 237.187 239.500 299.531 333.750 340.437 373.906 452.687 468.250 476.125 487.406 496.812 513.187 552.593 576.937 617.625 619.500 741.281 752.843 791.687 841.718 860.437 871.062 887.000 911.062 927.093 936.375 1026.093 1031.031 1061.187 1114.437 1123.031 1126.281 1169.343 1231.062 1237.093 1277.281 1319.656 1418.250 1469.656 1503.156 1549.750 1606.125 1627.625 1676.343 1693.687 1757.031 1836.031 1860.031 1914.937 1956.343 2047.937 2366.343 2450.718 2554.718 2711.406 2953.687 3059.718 3111.656 3646.156 
-1751.407 -1451.907 -1438.563 -1191.407 -913.313 -555.375 -174.688 21.156 27.500 37.406 50.906 66.156 93.906 110.968 114.437 127.343 128.500 131.968 136.531 176.875 186.843 216.375 222.968 227.781 237.312 270.468 274.031 285.906 310.718 333.656 344.593 364.593 411.625 421.187 469.906 476.468 478.906 510.718 533.062 597.343 605.906 615.687 636.843 699.062 720.437 750.968 755.406 777.000 790.937 807.875 815.218 822.562 837.093 854.406 857.312 861.062 877.125 900.718 908.406 911.406 927.812 932.031 942.375 975.062 978.031 994.531 995.375 1000.375 1020.343 1032.843 1039.406 1061.250 1080.687 1099.156 1104.593 1142.125 1144.875 1148.250 1161.062 1164.906 1208.687 1215.156 1233.093 1253.625 1333.250 1371.093 1380.531 1395.093 1439.500 1470.843 1480.781 1590.687 1605.812 1628.437 1631.531 1634.343 1677.718 1725.187 1782.406 1794.468 1853.437 1854.218 1877.718 1941.343 1953.687 1954.625 1987.656 2044.437 2128.156 2560.531 2861.500 2958.593 3308.687 3397.593 
-27.875 24.187 25.468 28.593 35.093 44.250 45.281 53.656 55.093 61.531 80.250 122.218 128.968 149.062 180.093 232.625 283.875 317.562 404.937 423.218 464.750 511.562 551.781 555.750 583.625 593.843 618.156 636.093 691.531 699.062 755.656 769.031 784.531 856.468 877.062 908.312 911.218 1061.468 1080.687 1105.468 1122.281 1161.750 1184.875 1218.125 1312.906 1322.250 1335.156 1335.781 1395.500 1421.843 1485.125 1568.937 1590.250 1596.218 1665.937 1715.687 1722.187 1744.625 1791.687 1836.031 1843.875 1918.312 1951.531 1984.781 2177.968 2353.875 2551.687 3268.312 3895.187 
-1065.469 43.062 65.750 84.343 84.625 127.312 135.062 169.562 176.312 193.062 194.343 226.437 233.937 276.343 284.000 307.312 310.687 336.218 354.750 364.468 387.625 404.437 433.875 438.218 471.406 500.437 517.312 617.375 666.781 690.281 752.312 777.031 788.218 833.812 877.343 904.187 910.625 994.718 997.406 1083.625 1100.031 1137.687 1143.968 1252.875 1272.562 1274.343 1360.406 1456.781 1497.968 1525.843 1567.656 1653.343 1782.875 1833.968 1854.656 1909.312 1926.843 3089.500 3402.125 3500.500 3687.562 
-1947.625 -1348.094 -764.157 -736.407 -131.594 52.687 59.906 110.343 113.937 132.906 142.875 287.156 374.250 413.437 459.625 487.218 493.125 530.250 556.906 592.750 609.968 632.718 635.562 654.562 686.031 693.031 749.906 763.875 776.062 783.000 785.250 843.375 893.312 926.281 976.687 1019.000 1083.781 1091.156 1093.062 1133.062 1176.437 1419.218 1524.093 1526.531 1753.125 1880.156 1893.437 1976.500 2785.312 
-1971.282 -1641.219 -969.875 -331.313 37.187 41.531 58.093 98.937 125.000 132.562 172.000 182.593 232.437 249.781 261.968 266.093 282.500 292.531 325.687 326.062 332.843 351.250 374.812 409.093 453.312 491.843 499.031 615.468 632.687 661.781 691.718 692.343 709.000 716.531 746.531 832.156 860.562 915.687 937.531 1009.687 1065.562 1125.281 1143.843 1170.562 1209.625 1224.781 1275.218 1386.218 1396.406 1412.093 1442.718 1465.750 1491.062 1520.656 1532.343 1592.562 1596.000 1632.406 1678.187 1741.500 1792.156 1883.312 1950.593 1958.250 1993.375 1996.375 2548.812 3907.531 
-1371.219 -1191.063 -974.563 -581.657 -108.157 -51.188 22.843 25.562 176.781 184.687 205.937 218.656 221.812 234.218 235.968 242.156 276.437 317.468 338.468 379.437 575.187 592.125 618.218 634.781 725.375 762.312 784.437 825.593 831.937 842.250 996.656 1018.218 1048.906 1141.500 1150.718 1292.093 1370.062 1417.843 1584.375 1592.156 1695.843 1698.781 1717.812 1842.125 2000.875 2279.718 2291.812 2592.062 2791.843 3405.906 3725.250 
-1747.532 17.625 43.718 47.156 98.968 104.125 149.531 191.531 260.125 355.343 471.093 484.187 491.531 570.750 708.625 725.593 763.531 784.406 805.437 813.406 820.968 871.281 979.562 1063.656 1115.687 1137.281 1141.312 1163.468 1298.625 1353.906 1462.937 1481.500 1482.000 1537.125 1554.125 1632.031 1654.031 1682.281 1696.218 1737.437 1780.625 1804.031 1837.031 1841.937 1910.031 2537.406 2748.187 3060.875 
-126.938 24.093 91.500 108.406 148.625 151.187 154.250 191.750 282.031 398.625 448.687 472.875 475.218 490.625 496.531 510.031 516.312 588.281 619.593 638.718 674.093 783.812 941.843 1157.687 1293.812 1331.843 1335.593 1382.062 1458.125 1468.593 1541.125 1575.000 1608.718 1632.250 1674.656 1682.625 1691.156 1832.093 1941.656 1948.718 1952.812 1965.312 1982.156 
-1331.375 -1236.750 25.531 25.718 52.687 72.468 85.375 92.625 147.468 168.250 275.812 301.718 309.625 385.375 529.562 602.718 638.468 663.312 669.000 685.125 809.468 809.875 813.093 995.468 1035.937 1076.250 1106.781 1161.343 1189.343 1253.187 1413.562 1442.562 1484.906 1492.468 1569.093 1625.937 1676.906 1700.718 1747.250 1780.593 1862.687 1968.937 2626.218 3426.281 
-1597.188 36.031 53.593 176.093 292.625 307.031 309.468 490.187 519.156 580.812 609.625 657.656 661.750 836.437 856.656 887.812 890.187 1008.593 1026.343 1089.875 1151.687 1159.500 1191.875 1242.218 1251.562 1252.500 1309.468 1601.437 1652.125 1720.312 1752.062 2734.843 
-1243.094 -367.594 -134.063 40.531 49.062 83.218 118.156 156.468 173.593 240.468 300.343 323.500 409.875 440.406 489.156 556.812 590.250 623.437 990.125 1024.156 1113.937 1166.187 1316.812 1374.781 1377.062 1386.156 1423.781 1461.687 1520.281 1649.656 1698.968 1751.062 1756.531 1837.343 1857.343 1959.937 1960.656 3189.937 
-1460.969 59.750 109.656 185.093 208.093 284.125 308.218 374.687 378.750 422.625 474.125 506.062 517.062 558.125 679.375 684.937 700.843 704.906 733.375 833.500 924.406 978.312 1017.000 1021.843 1041.437 1091.281 1100.156 1317.500 1351.281 1358.312 1424.781 1634.343 1701.218 1757.812 1801.843 1808.062 1878.625 2000.937 3084.375 3300.343 
-357.250 -207.032 -199.719 33.718 37.093 59.031 75.937 92.968 149.968 152.937 173.812 227.406 267.406 311.531 315.656 333.500 410.781 451.937 522.125 559.531 576.031 752.875 756.593 773.250 793.250 809.750 866.718 876.562 961.125 1050.250 1107.218 1127.187 1132.437 1187.593 1213.781 1216.906 1259.218 1290.125 1354.687 1370.812 1400.218 1440.718 1442.593 1443.343 1493.218 1523.093 1526.062 1542.937 1549.906 1761.531 1800.437 1992.468 3743.968 3905.437 
