-1804.750 -1756.157 -1726.782 -1597.032 -1575.282 -1535.657 -1348.375 -1306.657 -1209.282 -1139.094 -966.313 -692.344 -622.657 -579.344 -505.344 -466.438 -121.282 -76.188 -37.875 21.437 27.281 54.062 66.031 133.218 145.250 172.406 194.812 217.312 224.906 280.031 285.593 334.375 341.062 359.500 371.125 417.531 460.531 487.750 519.843 550.875 621.406 647.062 711.468 776.781 800.218 860.125 889.687 896.125 928.656 943.343 967.093 980.781 984.187 1067.625 1084.187 1100.406 1102.437 1117.156 1150.250 1193.406 1209.781 1278.937 1300.937 1322.187 1324.812 1334.000 1367.437 1370.468 1373.812 1388.531 1393.250 1414.312 1525.218 1592.718 1593.468 1601.500 1619.281 1667.281 1744.343 1906.656 1926.062 1927.437 1943.406 1956.937 1976.687 2133.000 2254.375 2346.593 2394.750 2559.812 2682.500 2751.437 2776.500 2830.875 2916.250 3161.906 3600.343 3659.875 3700.156 3717.125 3745.812 3958.562 
-1450.907 -1090.282 -927.344 -827.188 -715.469 -594.469 16.562 34.281 38.843 39.093 54.000 59.437 68.687 90.718 164.375 189.906 226.125 241.718 244.500 246.843 255.937 280.625 301.250 315.125 385.093 391.437 416.781 443.218 464.812 483.937 497.375 513.687 544.343 547.406 557.343 656.250 664.343 672.500 681.031 694.343 700.906 722.468 725.125 727.531 739.125 757.250 789.468 823.718 829.250 830.312 861.281 872.968 968.250 1002.218 1046.093 1056.250 1098.906 1101.718 1140.031 1147.687 1158.906 1234.281 1247.875 1267.687 1270.906 1342.875 1351.812 1367.062 1446.812 1494.593 1510.531 1513.937 1563.937 1586.593 1602.937 1652.187 1656.781 1722.593 1780.531 1781.593 1823.218 1823.937 1841.125 1880.500 1924.187 1929.500 1951.218 1974.531 2747.312 3339.843 3798.000 
-1806.844 -818.969 -809.532 -350.813 17.593 24.656 28.468 43.468 73.500 90.437 92.093 132.781 157.437 161.281 206.375 208.625 226.312 242.562 250.750 272.437 296.937 359.250 370.187 388.593 412.812 416.062 416.531 423.812 435.031 436.625 466.093 471.156 487.281 590.750 616.250 683.437 706.875 749.375 750.281 790.000 796.187 873.687 890.375 916.125 961.625 1066.000 1082.750 1095.625 1122.812 1133.250 1177.500 1192.312 1220.406 1240.531 1253.500 1299.250 1300.906 1323.812 1388.625 1407.687 1409.156 1411.000 1427.906 1465.750 1473.812 1520.812 1523.093 1599.250 1657.468 1674.281 1776.031 1799.000 1839.656 1847.093 1849.687 1870.937 1973.687 2482.500 3123.843 3266.093 3340.281 
-1705.188 -503.313 47.281 60.843 79.906 110.562 113.187 153.437 162.781 178.593 246.656 256.437 288.906 297.562 305.906 422.656 437.250 443.625 446.500 466.125 546.593 580.437 650.406 822.906 826.625 951.750 972.468 1146.062 1172.187 1183.125 1204.968 1205.937 1305.250 1323.031 1349.218 1368.218 1523.281 1629.343 1723.218 1734.437 1748.843 
-1700.657 -180.532 44.468 90.781 110.031 112.000 163.437 169.156 245.781 246.906 343.093 377.437 555.156 693.968 792.562 802.968 826.531 853.562 880.406 929.500 943.687 1001.156 1109.500 1130.906 1143.437 1210.562 1370.593 1422.843 1443.250 1519.562 1619.437 1702.375 1719.656 1721.875 1773.843 1910.343 1954.093 1969.468 3619.687 3961.187 
-1302.719 -329.688 -139.219 14.562 16.437 20.500 42.468 60.625 72.125 91.718 94.000 110.718 153.906 158.312 164.281 199.718 250.187 286.093 291.781 465.531 533.312 594.531 647.562 650.218 719.437 767.593 770.125 793.843 836.218 911.125 911.812 919.312 936.093 1003.218 1094.031 1148.625 1193.812 1271.218 1319.531 1386.406 1393.781 1651.468 1652.531 1719.937 1841.218 1843.968 1876.781 1914.093 1954.625 2093.812 2147.968 2637.343 2995.875 3643.531 
-1625.625 -1149.938 16.687 33.281 34.000 67.906 73.843 104.375 107.906 141.000 153.812 160.062 217.187 286.718 298.406 424.000 483.531 557.656 580.000 593.062 620.343 674.281 683.156 699.812 727.687 757.375 783.375 807.343 824.218 833.500 838.656 912.437 1051.250 1083.125 1110.031 1183.343 1216.968 1316.843 1324.156 1370.656 1474.250 1494.281 1507.375 1582.906 1600.375 1633.187 1700.031 1804.250 1830.593 1974.437 2000.093 2274.656 2590.656 2637.875 2886.187 3021.156 3266.531 
-1296.594 -989.875 -865.563 -639.969 -188.969 -132.469 21.250 42.718 71.062 90.531 134.312 144.843 160.437 161.687 182.000 184.375 226.718 227.687 243.437 338.375 360.437 443.125 467.406 490.500 539.687 548.406 553.375 560.312 576.562 601.718 620.187 684.281 895.781 943.281 973.968 1054.937 1117.125 1143.906 1175.531 1250.593 1317.250 1412.375 1650.875 1695.000 1700.812 1723.000 1776.343 1784.156 1871.968 1937.187 1984.531 2005.812 2289.687 3426.468 
-1584.594 -1268.188 -1010.969 -837.938 31.781 32.312 35.906 73.000 74.968 108.343 135.781 158.968 165.250 178.968 222.656 249.875 278.562 284.968 289.781 338.937 342.781 399.375 439.250 440.750 564.656 615.093 652.843 723.218 765.000 865.750 881.406 898.062 1039.000 1048.781 1067.218 1076.593 1084.937 1089.781 1132.250 1169.781 1214.843 1240.031 1256.093 1272.593 1406.562 1498.781 1499.468 1576.406 1582.187 1632.468 1755.531 1782.093 1932.156 1955.656 2089.281 2889.687 
-1680.219 -964.813 -956.532 -839.969 -446.407 -14.000 19.937 60.375 76.218 136.218 145.000 218.750 240.468 270.968 293.218 302.843 340.375 409.781 426.562 453.531 502.218 502.687 569.343 577.250 619.937 719.187 726.593 1059.937 1081.843 1186.531 1202.218 1215.625 1310.031 1390.281 1393.187 1453.906 1535.593 1563.937 1576.750 1599.781 1623.375 1623.968 1652.187 1653.687 1760.250 1780.718 1797.156 1926.843 1976.250 1986.312 2049.656 2126.593 2619.031 2676.343 
-395.875 -198.938 50.937 67.531 84.187 134.031 213.218 226.281 317.500 354.875 483.750 576.687 650.468 749.593 766.750 810.062 824.687 859.656 901.000 918.031 984.875 1067.250 1117.812 1123.156 1142.906 1153.093 1200.406 1250.343 1292.531 1308.031 1443.250 1491.062 1559.625 1599.906 1616.937 1628.281 1650.562 1682.750 1720.843 1817.281 2081.093 2442.531 2875.781 3036.875 
-335.563 -268.938 -252.907 87.781 94.875 134.843 159.156 164.281 195.187 210.718 214.812 217.750 227.125 240.750 247.625 268.125 278.781 290.343 317.750 357.000 380.937 389.781 390.437 400.156 431.000 440.687 464.312 497.718 580.843 664.500 673.250 773.343 840.375 851.312 939.750 1164.468 1231.000 1280.875 1295.687 1324.437 1341.687 1373.593 1387.218 1399.125 1440.250 1448.718 1490.062 1525.406 1597.750 1623.812 1697.375 1724.500 1804.875 1806.343 1810.093 1824.406 1840.718 1880.687 1924.625 1930.750 2343.781 3281.000 3524.031 3723.187 3761.781 3770.843 
-1391.938 -775.969 -726.188 -319.657 16.656 61.593 63.343 66.781 67.187 73.781 90.593 157.125 223.937 249.406 267.250 306.406 350.093 375.312 390.593 418.187 482.875 521.125 524.500 593.500 594.625 596.718 599.437 616.562 657.250 674.437 683.093 699.375 723.968 761.968 767.031 784.000 795.062 849.031 999.812 1013.531 1255.687 1321.187 1382.593 1408.781 1423.718 1440.593 1490.375 1498.312 1600.093 1653.656 1719.656 1779.281 1783.093 2599.343 
-1084.657 -551.407 18.375 65.062 66.750 99.750 141.875 155.812 225.906 249.250 265.750 357.625 358.625 370.718 382.062 395.312 417.781 448.750 499.593 525.531 648.625 748.781 765.281 824.218 875.093 934.750 941.250 965.593 981.656 1034.093 1132.093 1141.968 1145.125 1274.781 1453.437 1593.750 1625.343 1724.437 1799.031 1925.218 1958.093 1959.187 2681.312 3424.625 3815.562 
