45.125 46.875 48.625 51.781 201.125 202.843 346.812 348.593 350.687 506.312 508.031 880.843 882.468 996.125 997.875 1000.000 1255.468 1257.062 1317.562 1319.500 1443.500 1445.343 1484.062 1485.906 1488.031 2301.093 2302.750 2311.781 2313.812 3425.375 3426.906 3434.718 3436.500 
65.312 67.031 341.156 342.781 360.343 362.250 364.406 405.843 407.843 984.906 986.593 988.312 1031.812 1203.968 1205.531 1520.500 1522.218 1784.031 2735.156 2736.750 2745.750 2784.437 2786.375 3062.500 3064.093 3754.968 3756.593 
94.406 96.093 98.000 99.843 207.375 209.062 210.906 1000.937 1002.500 1028.093 1033.406 1106.843 1108.625 1378.781 1380.406 1387.531 1389.593 1407.312 1409.406 1411.531 1418.562 2393.156 2394.687 2861.250 2862.843 2864.593 3482.937 3484.562 3486.437 3488.343 3544.156 3545.875 3547.843 3550.000 3591.968 3593.906 3596.062 3599.875 3962.281 3963.968 3965.656 3967.687 
18.906 20.531 22.250 24.093 98.312 346.562 348.312 350.187 394.093 395.968 747.125 748.781 750.468 753.312 1106.937 1108.562 1110.343 1612.875 1614.437 1616.218 1618.093 1620.281 1643.500 1645.531 1647.843 1653.125 1654.531 1656.812 2851.968 2853.531 2855.343 2857.093 3270.093 3271.750 3273.375 3275.343 3876.406 3878.156 3879.843 3883.406 3885.187 3927.468 3969.875 3971.687 3973.562 
57.218 58.812 60.750 63.062 83.062 190.625 192.312 194.125 196.218 339.875 341.656 343.468 345.500 378.218 390.156 398.500 401.000 403.156 428.781 430.843 741.218 743.000 744.875 1110.625 1112.343 1116.093 1160.562 1162.656 1164.875 1305.750 1307.562 2628.531 2630.250 2632.031 3197.218 3198.968 
61.625 63.343 85.656 88.500 217.812 219.656 267.937 270.187 586.218 587.937 1003.312 1005.031 1553.468 1615.781 1618.843 1680.656 1682.468 2544.437 2546.125 2550.218 2586.656 
81.687 83.562 85.250 198.562 200.218 315.375 316.875 319.375 330.468 429.125 430.906 896.500 898.156 1108.406 1110.125 1128.062 1131.187 1143.468 1163.468 1165.312 1556.750 1558.625 1568.187 1584.656 1593.218 1611.343 1615.062 1685.687 2517.281 2518.937 3071.531 3073.156 3139.531 3141.750 3521.718 3523.437 3525.375 3548.937 3550.906 3556.406 3611.312 
27.250 29.000 30.906 55.625 68.625 70.375 321.093 330.656 343.687 346.937 348.781 351.062 382.062 1022.156 1023.750 1025.343 1164.187 1378.625 1380.437 1384.093 1951.281 1953.000 1954.656 1956.875 1973.781 1979.781 1998.312 2000.218 2943.562 2945.156 2946.906 2975.000 3884.968 3886.750 
68.343 70.093 95.250 1305.375 1307.093 1309.156 1311.031 1379.468 1381.156 1526.781 1528.500 1530.343 1558.750 1560.718 1568.218 1575.937 2324.656 2326.250 2909.500 2911.125 2927.781 2933.968 2938.968 2950.062 3387.687 3389.312 3391.031 3394.062 3795.937 
84.437 207.375 209.312 211.031 357.906 359.531 519.625 521.375 759.437 761.125 763.218 806.125 808.031 822.156 833.875 1093.031 1094.781 1683.093 1684.812 3503.687 3505.312 3506.937 3707.968 3709.843 3711.531 3713.843 3716.937 
