65.093 83.531 197.687 387.562 467.281 622.843 762.156 773.812 1462.500 2015.406 2304.062 2346.218 2782.218 
66.406 203.468 265.218 342.718 651.843 1003.968 1388.531 1676.781 1963.656 2243.968 2360.406 
62.062 341.031 490.593 679.281 1074.781 1515.750 
68.343 935.812 1432.968 1805.750 2049.968 2379.937 3137.687 
115.062 215.593 360.312 493.812 1385.968 1431.062 1494.187 
629.156 1092.125 1185.843 1403.593 1454.718 1466.468 2319.250 
653.312 1006.062 1099.593 2013.031 2824.062 3356.406 
2016.875 2653.906 


