-916.938 -859.813 -834.532 -816.250 430.062 658.781 1314.375 1353.562 1424.312 1450.093 1507.031 1544.218 1575.875 1745.156 1796.656 1846.531 1871.968 1940.687 1964.562 2109.156 2732.312 3851.843 3875.718 3917.218 3944.468 
-1292.782 -1236.625 -1178.782 -1154.313 626.250 671.218 868.781 1300.875 1955.656 2056.468 2094.750 2136.156 2488.593 2589.968 2804.562 3034.156 3219.437 3446.000 3534.937 3738.562 3763.093 3787.812 
-1434.688 -1106.125 -480.094 -447.907 -261.219 -252.438 -240.657 -158.094 -142.688 22.437 29.968 1042.968 1108.312 1738.500 1952.968 2085.750 2145.843 2982.031 3384.687 3528.937 
-1897.344 -1393.563 -1352.000 -1159.282 -255.532 -249.313 -248.219 -200.563 -172.719 -98.469 -65.657 -60.719 -23.719 -13.063 52.093 109.250 208.281 1520.843 1982.500 2097.656 2275.781 2988.625 3470.718 
-1758.094 -1096.657 -1080.750 -1079.094 -1078.625 -1059.125 -1055.063 -1040.532 -967.125 -550.282 -6.969 58.750 263.281 692.968 820.750 945.375 1092.281 1405.843 1699.750 2071.250 2103.625 2908.500 3468.625 3705.125 3786.687 3897.125 
-1375.438 -1274.219 -1047.157 -456.750 -302.469 -27.407 579.406 969.093 1325.968 1499.562 2017.218 2170.812 2380.812 3082.656 3505.343 3517.125 3903.437 3909.406 3957.156 
-1854.375 -1827.594 -1789.532 -1788.000 -1778.313 -1516.625 -1412.969 -1362.063 -990.094 -861.563 -821.750 -146.594 -110.844 -99.657 -45.000 208.937 640.156 855.531 1191.937 1529.468 1796.750 2103.656 2486.968 2490.062 2922.875 3026.250 3057.062 
-1612.563 -1032.844 -1015.563 -971.719 -956.563 -931.250 -907.313 -897.188 -889.219 48.906 180.843 669.718 1028.125 1476.843 2104.437 2278.656 2975.906 3354.531 3606.187 
-1615.907 -1480.282 -787.344 -699.688 -697.188 -665.938 -515.407 -60.875 -42.407 468.625 551.906 553.625 585.093 766.593 998.937 1509.875 2127.906 2344.750 2916.718 2968.468 3000.343 3173.375 3176.125 3185.593 3352.031 3735.187 3779.281 
-1115.500 -253.875 -117.532 274.937 407.468 572.093 594.593 616.406 812.062 1228.500 1534.593 2067.500 2793.906 3296.718 3456.125 
