-1743.188 -1621.407 -1517.282 -1313.594 -1267.313 -1220.688 -945.688 -921.313 -700.375 -648.625 -210.719 -176.000 969.437 976.312 1093.062 1142.312 1646.437 1739.531 1836.343 2150.750 2682.875 2739.437 2985.593 3377.000 3419.843 3462.375 3478.781 3484.187 3780.031 
-1513.969 -1501.657 -1280.469 -1205.594 -1036.000 -651.938 -606.282 -114.750 158.156 163.531 1336.625 1373.093 1768.656 1977.437 2227.406 2460.500 2717.281 3556.500 3587.031 3593.562 3873.500 3907.937 3976.937 
-1999.313 -1864.750 -1763.782 -1248.594 -1231.532 -672.313 -568.438 -548.250 -500.063 -278.969 354.781 639.281 649.531 998.375 1126.906 1150.500 1393.312 1698.718 1767.625 1840.562 1927.718 2514.781 3024.718 3047.593 3660.000 3915.968 3940.437 3942.343 3948.562 3950.312 3973.343 
-1694.532 -1652.000 -1579.407 -1552.500 -1535.500 -1272.532 -776.750 -121.688 -104.782 -66.438 -57.375 -53.094 30.343 392.125 1830.562 1891.312 1958.093 1967.031 2030.968 2067.031 2643.937 2688.250 2849.250 2853.937 2863.000 2957.593 2984.031 2986.250 3025.000 3056.281 3472.125 3625.656 3764.218 
-1101.219 -995.750 313.500 755.468 855.250 1643.031 1734.750 1869.375 2040.625 2136.593 2176.812 2248.281 2936.843 3177.000 3964.656 
-1948.469 -1826.657 -1823.313 -1532.688 -754.875 -478.719 -292.313 -277.657 -102.938 -55.875 -37.563 1492.718 1575.968 1710.500 1747.937 1793.531 1864.500 1920.437 2101.968 2184.031 2556.031 2903.625 3421.218 3798.687 
-1266.157 -1180.813 -1170.594 -1142.250 -1137.532 -1125.469 -1034.750 -2.094 33.718 649.562 887.656 1735.468 1744.750 1943.843 2037.062 2088.250 2857.093 2966.375 3660.750 3768.281 3841.812 3948.187 
-1896.188 -1795.032 -257.469 434.406 542.031 633.656 848.500 850.125 1408.062 1709.062 1810.906 1854.125 2853.375 3727.906 3886.468 
-1609.844 -916.000 319.062 333.968 767.062 867.562 902.562 965.343 2176.531 2187.875 2610.468 2748.750 2834.375 2855.250 2879.500 2897.093 3016.687 3583.656 3677.125 3732.406 3879.718 
-1992.063 -1672.063 -1192.750 -1135.219 193.968 1011.218 1377.156 1379.937 1794.781 1815.156 1837.093 1901.031 3847.500 
