21.437 54.875 127.593 171.562 207.250 264.906 270.281 298.218 396.062 398.156 399.281 411.593 522.625 565.843 665.781 726.468 843.812 962.562 1128.250 1132.218 1199.656 1467.437 1488.625 1491.531 1511.187 1513.812 1563.656 1777.375 2818.000 2823.500 3678.250 3682.781 3883.593 
23.343 24.656 27.343 31.406 35.781 39.187 41.812 139.687 168.656 198.500 206.531 239.531 248.687 265.875 268.187 292.375 378.500 389.062 434.687 465.531 496.625 589.968 634.500 653.843 654.218 655.562 657.375 662.125 726.656 734.875 784.656 808.781 821.000 970.718 1052.250 1070.625 1107.343 1322.312 1349.593 1488.250 1520.656 1524.875 1698.531 1969.500 1999.906 2067.468 2818.750 3192.718 
36.656 83.656 102.750 115.843 204.562 238.281 240.593 244.250 260.593 267.468 270.843 274.187 339.906 439.187 442.781 455.093 586.156 587.562 627.812 648.687 652.468 664.875 726.437 818.468 819.437 859.625 919.093 930.875 935.718 944.593 961.531 974.281 1052.656 1094.468 1115.187 1209.937 1331.437 1348.593 1414.906 1485.093 1666.906 1680.375 1737.625 1877.937 1933.281 2960.343 2993.562 3589.437 3710.375 
21.625 25.062 27.968 28.500 32.062 35.906 54.937 99.968 127.968 208.000 218.250 264.250 264.656 269.062 274.031 279.593 291.343 292.062 318.343 396.593 434.843 528.968 530.250 589.937 653.156 750.531 858.468 934.562 972.437 1359.468 1489.031 1496.687 1512.937 1519.218 1554.500 1586.875 1587.718 1606.468 1658.062 1955.937 1958.031 1978.687 2385.500 2514.250 3148.875 3340.281 3653.500 3990.531 
26.375 48.593 59.687 83.500 191.687 251.781 290.531 294.750 397.937 405.812 435.187 456.125 468.937 476.031 497.687 539.093 562.843 565.500 590.562 742.218 754.718 811.187 811.875 844.000 846.875 885.125 889.656 931.000 1104.687 1109.187 1111.875 1113.593 1132.156 1201.906 1233.125 1249.906 1301.875 1302.375 1310.031 1328.000 1350.375 1464.187 1489.968 1552.968 1586.468 1606.406 1619.781 1677.187 1738.781 1872.031 1876.906 2321.031 2367.281 2582.218 2587.000 3128.000 3167.875 3246.500 3428.812 3486.375 3579.562 3583.468 3956.000 
29.093 44.343 46.218 123.906 211.781 218.968 240.687 248.187 268.125 290.656 396.031 407.437 442.062 453.906 522.656 587.062 588.375 653.781 656.656 703.562 724.000 730.968 736.187 812.625 914.062 963.562 1062.812 1114.281 1131.562 1133.000 1302.906 1462.843 1486.625 1491.406 1568.062 1612.750 1873.375 1942.062 3164.437 3169.281 3496.000 3639.437 3697.406 
22.937 25.125 29.156 87.125 237.781 242.000 268.750 394.718 446.437 576.906 579.687 588.468 589.937 632.468 645.031 724.187 742.562 757.781 1078.156 1079.531 1128.937 1133.125 1207.343 1265.937 1301.500 1408.625 1462.593 1484.843 1487.812 1493.562 1509.843 1556.750 1566.062 1697.000 1906.625 1949.000 2004.656 2542.843 2545.500 3218.406 3223.000 3438.906 3455.812 3856.343 3867.437 
22.093 22.312 27.750 31.718 35.718 39.281 42.562 55.875 83.031 198.281 208.968 234.500 290.875 332.718 432.937 450.281 455.218 496.781 520.000 536.093 578.718 655.250 679.406 741.468 812.156 813.031 816.062 820.000 856.718 866.156 931.812 1082.375 1203.250 1263.500 1265.937 1276.968 1347.531 1366.062 1489.625 1518.468 1616.031 1666.125 1808.375 2845.343 3220.156 3712.468 3774.875 
14.500 28.937 33.250 33.687 140.125 187.281 221.750 267.500 271.625 274.562 294.687 411.500 434.750 450.625 454.281 495.593 501.781 564.843 573.125 587.437 588.562 624.593 726.281 821.031 933.687 1202.000 1205.812 1264.468 1276.500 1304.875 1455.875 1485.125 1511.156 1518.937 1550.781 1563.906 1567.343 1662.125 1698.125 1746.531 1979.343 2001.656 2669.531 2961.656 3127.187 3486.906 
28.187 28.562 35.656 38.531 84.875 131.843 186.812 219.218 238.156 267.718 270.968 273.781 394.406 454.875 465.062 529.125 535.937 539.281 578.593 724.750 731.531 814.875 962.406 978.000 1018.000 1131.468 1132.062 1271.375 1285.000 1351.281 1456.781 1471.093 1557.375 1606.437 1679.781 1685.968 1777.500 1908.250 2363.000 2888.468 3412.593 3430.062 3621.906 3636.531 3870.843 3873.812 3932.468 
