40.906 43.093 152.343 394.468 398.437 405.937 697.250 734.187 795.312 1136.375 1174.406 1196.312 1425.250 1444.593 1465.187 1783.937 2318.437 2544.812 3314.593 3646.218 3669.843 
85.406 288.343 343.687 370.750 383.687 390.875 408.062 533.093 565.406 686.031 741.000 756.031 1184.437 1283.250 1286.125 1430.781 1449.031 1456.937 1464.468 1639.906 1682.718 1783.718 1810.406 1872.218 2444.093 2803.687 3326.375 3345.531 3349.468 3408.781 3552.218 3777.531 3779.937 
48.812 376.687 388.937 392.937 393.625 399.468 411.281 514.187 722.656 727.250 760.593 791.500 1181.031 1185.125 1202.093 1401.812 1419.375 1426.562 1437.437 1522.031 1711.031 1793.093 1800.187 2431.812 2432.562 2435.218 2442.937 2445.593 2446.531 2451.093 2493.937 2616.718 2623.218 2668.125 2973.406 3008.718 3016.468 3025.218 3044.812 3162.718 3245.312 3474.062 3556.875 3572.531 
42.093 91.687 166.343 179.906 399.093 426.031 535.343 792.250 797.406 1180.156 1229.250 1460.312 1770.968 1773.843 1774.312 1789.437 2371.250 2373.968 2379.656 2386.812 2392.062 3088.187 3089.062 3092.312 3096.062 3116.937 3123.000 3148.531 3168.531 3559.156 3733.812 3741.062 3876.031 3927.062 
75.250 199.312 424.218 580.375 692.562 743.156 769.156 1183.000 1198.062 1448.843 1459.343 1462.312 1467.843 1779.000 1788.343 2251.281 2259.500 2263.875 2299.187 2314.000 2348.343 2406.718 2435.250 2873.750 2886.968 2890.906 2915.750 2993.687 3036.125 3465.437 3477.250 3482.500 3500.343 3578.531 3586.718 3670.312 3820.125 3826.750 3841.562 3923.531 
42.562 42.937 395.718 411.656 427.625 580.343 693.375 737.062 769.156 815.062 1164.843 1185.093 1262.968 1279.312 1415.375 1427.343 1448.531 1450.281 1784.687 2299.968 2314.687 2755.250 2758.968 2830.375 2837.156 2859.843 3148.531 3553.875 3595.187 3602.062 3602.718 3604.187 3619.906 3629.875 3674.343 3769.968 
71.531 75.281 177.031 390.468 391.781 451.937 522.593 556.250 731.375 771.718 782.687 801.687 803.343 1195.343 1260.218 1261.656 1426.750 1432.593 1498.468 1623.312 1788.000 1852.750 2737.687 2740.125 2875.937 2891.218 2898.250 3196.718 3198.125 3505.812 3519.812 
67.062 403.468 409.406 416.843 422.000 428.312 586.875 590.531 657.906 697.750 724.937 731.343 763.687 1139.250 1162.500 1421.375 1434.718 1465.562 1574.125 1641.093 1650.187 2884.125 2887.468 2891.812 2904.437 2906.031 2908.156 2963.875 3052.343 3435.125 3678.156 3807.468 3810.593 3815.125 3857.218 3868.906 3893.687 3953.250 3965.875 3974.218 
55.031 79.500 159.281 392.531 400.062 417.062 1111.781 1120.593 1446.187 1466.750 1617.562 1778.187 1797.093 2223.250 2329.062 2881.125 2882.187 2922.656 2965.812 3249.468 3260.312 3519.781 3610.031 3767.218 
51.937 68.812 73.000 74.250 74.781 79.312 180.250 400.906 409.593 558.656 580.343 735.500 751.843 1179.500 1184.156 1191.593 1241.718 1397.406 1426.250 1430.875 1433.718 1438.531 1444.750 1448.281 1468.156 1554.718 1797.718 2955.656 2983.562 3567.343 3572.625 3582.937 3593.125 3790.625 3798.750 3803.687 
