20.593 21.843 27.062 29.437 44.843 45.500 48.156 113.437 299.750 431.062 492.937 568.500 600.906 767.531 779.093 1088.593 1197.250 1749.187 1881.250 1929.812 1960.593 1963.156 2052.875 3331.687 3636.218 
20.437 21.625 28.187 45.406 47.125 53.156 213.656 300.500 303.187 305.062 414.562 421.250 423.500 815.531 838.500 1194.031 1196.187 1477.875 1682.750 1719.000 1771.312 1824.437 2721.312 2993.906 2996.500 3370.687 3373.468 3376.312 3380.843 
29.218 44.875 206.218 211.000 455.375 562.531 667.062 680.593 1003.125 1005.187 1096.718 1258.593 1503.531 1782.125 1824.968 1837.843 1978.312 
23.906 27.906 42.625 219.156 357.812 487.750 554.562 574.687 578.843 580.781 819.031 1110.031 1579.156 2254.625 3091.187 3787.562 
21.656 26.656 28.468 42.843 46.281 136.093 144.281 147.562 297.156 435.093 549.812 573.218 574.437 587.281 700.843 1002.718 1249.875 1621.593 2955.031 3648.406 
22.750 25.468 28.406 28.968 42.781 44.812 135.312 295.437 434.406 547.812 734.812 763.562 1566.906 3365.125 3400.031 
24.750 43.843 207.562 297.156 301.062 578.593 591.062 1668.906 
212.968 293.187 298.062 550.375 815.000 1256.500 1624.781 3437.593 
41.812 54.500 293.968 297.906 419.093 422.812 998.062 3343.812 
53.968 58.781 59.750 63.250 65.718 111.250 295.656 393.312 479.562 552.812 577.343 592.312 595.000 619.375 624.031 816.031 910.656 998.250 1092.718 1197.750 1374.937 
