-1003.969 -636.375 51.062 85.437 348.656 461.812 548.812 584.062 702.750 703.406 790.593 872.031 873.531 951.750 1251.437 1435.468 1449.281 1679.625 1987.031 1989.843 1992.406 2105.750 2168.718 2342.218 2377.093 2402.343 2447.781 
-173.688 23.000 24.031 35.093 195.468 203.531 237.781 465.750 482.093 528.500 593.281 614.750 709.156 794.875 813.531 873.687 889.937 1546.000 1576.656 1837.812 1925.500 1988.812 1989.593 2040.250 2088.843 2168.937 2177.656 2192.125 2372.937 2403.281 2424.937 
197.375 202.281 456.718 512.750 530.531 613.312 614.625 790.718 834.718 922.000 959.343 1238.812 1626.437 2014.531 2166.437 2169.937 2226.375 2335.687 2449.750 
76.593 396.218 443.062 535.000 796.625 840.687 888.812 912.656 959.968 1239.437 1247.718 1268.968 1492.156 1594.531 1620.062 1921.281 2146.625 2168.125 2334.312 
31.906 339.156 872.875 946.812 1165.468 1234.843 1397.781 1614.656 1633.031 1665.781 1937.968 1967.031 2167.125 2178.781 2241.156 2333.625 2358.437 2379.187 2420.562 2447.562 
-1444.000 485.468 610.812 877.500 936.343 939.312 1164.000 1233.468 1360.156 1367.156 1381.437 1542.468 1710.625 1919.593 1933.156 1987.687 2211.968 2396.375 
56.531 92.500 207.312 532.968 534.156 548.500 587.500 703.062 793.093 876.468 1088.406 1228.062 1392.500 1543.781 1550.093 1649.687 1688.718 1694.875 1983.593 2168.625 2186.906 2214.062 2301.062 2399.281 2450.625 2481.312 
-586.875 43.281 72.593 91.375 337.000 347.125 511.562 549.968 734.593 835.031 935.437 950.031 1121.812 1164.812 1272.093 1441.843 1678.093 2096.281 2138.656 2140.781 2179.000 2244.750 2303.593 2356.843 2359.968 2408.031 2425.750 3797.937 
52.312 78.781 217.937 245.375 442.562 522.625 574.406 739.250 1086.000 1235.468 1367.187 1455.718 1483.937 1544.031 1545.218 1587.343 1661.468 1836.625 2028.218 2081.375 2122.187 2298.093 2448.906 2450.500 
-1003.688 95.937 196.781 241.687 468.187 477.031 547.781 576.406 704.406 713.343 933.906 963.250 964.312 1088.468 1436.437 1646.343 1696.031 1722.906 2004.625 2123.937 2168.875 2427.468 2437.156 
