435.531 668.625 668.843 1237.875 1316.562 1429.156 1432.718 1494.187 1519.625 1571.562 
155.500 328.187 615.187 686.625 1129.093 1236.125 1445.250 1495.687 1625.500 
-497.375 43.343 665.000 1131.187 1140.437 1154.812 1352.781 1373.187 1403.000 1493.125 1576.687 
55.843 318.968 460.000 1010.156 1415.937 1458.531 1493.406 1550.125 
-1127.000 31.531 48.937 152.500 444.125 461.343 690.562 1020.593 1162.968 1346.937 1367.000 1498.156 1613.312 
31.031 152.718 155.781 348.750 637.500 1117.343 1308.531 1403.062 1536.656 
443.906 638.593 666.968 708.062 1033.187 1329.281 1386.406 
30.906 34.562 318.781 336.343 710.906 1139.656 1427.718 1524.500 1536.031 1597.937 1602.781 
38.843 421.343 635.312 687.281 696.750 720.875 1312.093 1456.468 1493.218 1583.687 1649.062 2711.031 3672.781 
31.375 458.750 1494.843 
