-1439.500 38.093 55.718 73.031 166.718 257.781 384.062 460.437 469.625 516.812 557.250 604.218 686.218 899.562 1195.281 1305.750 1346.625 1374.687 1599.343 1716.468 1792.437 
23.125 24.031 28.375 118.468 167.593 172.281 222.250 246.781 464.218 607.468 722.218 863.250 886.031 932.781 997.000 1069.218 1152.625 1265.625 1445.656 1510.343 1622.781 1697.875 1874.406 1923.250 1990.187 2954.156 
39.468 84.250 134.343 138.968 284.562 471.187 559.000 638.187 698.125 734.500 812.531 822.125 845.843 913.312 1104.156 1157.937 1283.062 1446.406 1483.250 1485.062 1700.937 
20.656 37.093 42.812 108.750 128.343 132.812 151.437 164.906 193.375 203.781 266.031 428.125 470.968 553.062 695.906 737.781 917.500 1029.625 1043.375 1242.250 1560.343 1587.718 1731.718 1836.375 1884.593 1950.218 
65.156 94.750 148.125 185.625 247.468 285.843 298.906 336.312 383.500 485.968 557.875 695.500 845.250 912.468 928.156 931.250 1164.593 1199.437 1452.468 1510.093 1581.781 1621.562 1793.187 1801.187 1835.062 1876.500 1885.375 
21.843 53.906 89.625 196.562 339.781 554.593 595.812 731.312 734.625 763.656 806.656 899.937 928.781 1219.875 1447.562 1620.781 1623.312 1735.312 1796.875 1936.250 
19.468 34.843 41.656 55.125 122.843 156.125 196.031 197.437 305.625 321.000 431.562 484.562 511.218 569.656 696.125 703.750 789.437 928.125 988.968 1129.406 1194.437 1253.968 1269.406 1322.343 1432.375 1446.968 1490.218 1578.875 1663.312 1701.093 1717.343 1766.937 1769.343 1835.625 1842.312 1949.812 
26.750 35.812 58.093 69.625 259.156 385.218 431.125 483.343 557.937 611.156 711.437 784.281 929.656 932.718 1126.500 1222.031 1268.500 1318.000 1370.843 1551.500 1587.343 1719.593 1760.781 1787.781 1880.468 
22.031 74.250 95.593 102.343 194.218 195.343 259.593 468.750 556.437 763.343 844.218 948.781 1029.812 1102.375 1126.031 1229.281 1399.468 1562.312 1833.468 1944.000 1978.031 
19.281 20.875 53.312 88.781 161.406 167.843 195.812 297.250 299.093 367.500 413.718 606.656 698.343 760.406 897.812 985.875 1102.000 1132.937 1375.156 1562.968 1605.531 1619.875 1769.000 1881.812 
