27.562 47.937 59.156 68.906 103.250 111.281 139.218 151.250 187.406 255.968 285.156 298.031 304.812 313.656 364.593 439.375 471.281 500.281 515.437 521.343 524.093 527.187 565.718 596.625 607.093 675.843 680.375 734.593 900.812 913.281 915.843 1020.843 1028.406 1058.687 1065.343 1067.968 1097.343 1243.250 1246.812 1268.062 1272.156 1274.250 1321.875 1324.562 1328.812 1330.906 1336.125 1407.468 1416.656 1489.781 1663.375 1667.906 1741.187 1745.531 1802.656 1888.718 2254.093 2614.843 2623.500 2744.468 2958.718 2990.062 3126.812 3341.718 3533.125 3541.937 3588.812 3641.937 3649.031 3721.062 3723.437 
18.781 51.593 81.656 99.500 115.531 146.906 150.031 154.125 184.531 216.843 249.843 292.593 301.500 308.406 319.281 353.750 378.093 381.968 399.500 474.031 513.531 522.625 526.906 560.812 607.750 628.468 645.093 676.750 689.125 781.093 808.781 867.500 935.875 975.781 1012.562 1026.125 1076.218 1097.218 1100.062 1123.093 1167.562 1237.875 1316.000 1321.218 1324.750 1340.218 1346.781 1458.750 1479.625 1819.156 1858.625 2168.562 2174.531 2189.031 2227.906 2253.187 2714.031 2721.000 2844.125 2846.937 3131.875 3138.375 3172.781 3174.968 3180.000 3464.843 3473.687 3653.312 3680.531 3778.218 
24.656 36.937 48.562 55.781 64.500 80.312 107.375 125.718 155.812 159.812 253.031 256.937 313.750 319.906 337.625 340.562 379.250 396.937 473.031 477.937 516.906 523.000 555.093 597.937 607.875 612.531 657.937 674.906 682.000 703.250 780.937 814.593 820.281 858.343 1019.625 1033.000 1040.343 1056.937 1063.468 1112.781 1136.812 1147.281 1201.968 1221.125 1241.500 1245.562 1248.156 1300.093 1316.125 1321.718 1329.593 1382.968 1389.437 1419.750 1424.625 1446.312 1644.593 1794.906 1873.468 1879.062 2146.312 2256.562 2342.250 2713.000 2782.656 2805.343 2828.468 2846.031 2848.593 2895.656 2911.875 3175.968 3210.656 3547.625 3619.593 3979.625 3984.718 
16.125 44.906 56.093 87.031 142.375 149.875 158.875 185.250 293.312 303.906 309.593 324.187 344.812 385.656 392.093 434.468 526.250 554.250 606.656 615.406 627.343 784.156 798.156 818.937 860.812 919.218 1030.843 1091.531 1113.625 1201.500 1215.843 1234.562 1245.343 1286.062 1326.906 1330.187 1723.125 1728.375 1732.531 1762.187 1767.656 1809.156 2277.031 2286.312 2441.218 2670.718 2690.406 2844.125 2852.000 3718.625 3785.031 
23.843 49.062 114.531 138.781 154.750 160.843 167.656 171.968 181.250 185.500 280.312 291.437 316.218 341.718 392.718 409.000 477.062 606.781 625.531 761.437 818.500 984.312 1009.781 1025.250 1059.031 1082.031 1112.906 1162.343 1221.843 1241.062 1321.437 1326.031 1344.812 1352.031 1386.500 1403.218 1409.375 1449.312 1454.625 1631.843 1951.593 2036.281 2161.437 2421.906 2435.281 2927.625 3042.343 3298.156 3415.468 3587.281 
80.281 176.656 322.656 519.125 567.156 782.718 860.406 1031.531 1062.156 1423.531 1979.031 1983.906 2211.093 2287.906 2305.750 2969.531 3880.187 
46.781 64.500 156.187 339.750 525.250 819.375 855.687 918.593 1316.500 2216.593 2458.031 2675.562 3551.156 3637.875 
26.500 303.968 597.843 1275.375 1329.656 2243.375 2802.531 3235.187 3238.906 
130.562 522.625 1073.000 1387.250 2960.906 3259.156 3965.812 
2.937 125.562 161.093 522.312 626.843 1277.281 1328.687 1476.750 2836.625 
