11.406 59.187 103.812 114.281 125.125 135.312 140.656 148.375 153.093 160.437 260.093 284.281 305.187 320.750 339.625 343.750 345.562 348.656 411.875 449.656 484.687 502.312 585.187 598.968 645.093 658.593 775.812 790.468 795.937 826.000 858.187 868.000 916.406 927.843 933.500 967.843 1008.750 1049.750 1068.000 1072.843 1075.031 1079.937 1125.281 1144.468 1168.531 1245.125 1263.406 1267.562 1269.812 1289.062 1299.750 1330.312 1345.687 1372.750 1400.281 1407.656 1416.781 1584.312 1718.062 1737.375 1769.781 1773.031 2192.812 2200.843 2209.625 2689.500 2779.343 2990.562 3011.750 3016.937 3255.531 3330.875 
23.281 47.781 65.687 111.718 120.750 129.250 133.656 146.625 152.312 157.281 217.593 282.718 292.656 303.781 337.593 444.031 450.187 474.437 483.562 490.625 510.812 609.031 619.656 778.531 813.375 823.281 831.843 855.812 882.562 896.937 926.781 934.125 936.968 1055.218 1055.843 1068.062 1070.062 1075.656 1092.906 1142.468 1267.812 1308.000 1312.093 1338.406 1353.187 1359.687 1369.531 1379.000 1411.718 1415.500 1419.312 1422.250 1426.843 1428.812 2003.687 2137.156 2452.531 2936.375 3159.437 3287.343 3294.687 3516.468 3795.468 
26.156 95.562 101.531 146.750 149.531 155.562 286.093 304.843 323.031 332.468 349.718 401.968 407.500 441.406 465.531 489.375 504.968 515.406 572.062 624.750 754.937 779.156 817.468 827.562 870.343 888.937 904.718 912.906 919.968 923.625 924.218 927.625 931.093 932.781 1045.656 1051.812 1071.843 1275.500 1279.812 1291.125 1310.875 1314.062 1339.937 1352.437 1358.281 1379.500 1382.500 1537.375 1776.750 1799.781 1888.968 2025.312 2256.000 2771.125 2853.718 3196.687 3519.375 3571.000 
61.562 120.843 131.812 135.093 143.375 150.093 157.375 166.687 185.406 191.843 285.875 294.281 297.125 325.968 330.375 396.968 410.250 437.406 460.406 468.031 472.625 479.531 490.062 495.375 511.656 575.125 599.718 607.843 621.156 635.093 641.750 658.937 749.406 783.812 786.625 796.562 798.593 912.250 922.218 928.781 1037.187 1065.500 1077.031 1120.812 1128.375 1141.656 1244.781 1255.312 1288.500 1317.062 1331.125 1337.156 1356.125 1367.031 1369.750 1384.437 1628.093 2116.218 2295.562 2734.687 2737.250 3244.343 3248.718 3251.125 3254.281 3409.656 3862.906 
47.437 82.031 98.500 102.281 119.406 132.531 145.625 149.093 150.562 154.531 157.906 161.625 204.937 224.062 238.250 249.937 255.218 265.406 325.593 333.906 338.187 415.937 436.750 461.937 470.687 542.031 558.375 623.656 675.093 682.312 691.093 709.812 790.375 795.187 827.218 836.718 842.500 859.031 879.781 931.437 1019.593 1066.281 1067.906 1186.562 1294.218 1296.937 1303.875 1325.656 1386.812 1681.406 2581.000 2689.343 3169.000 3940.937 3954.125 3984.843 3989.687 
46.437 55.000 65.656 99.250 123.093 143.906 147.375 149.312 224.187 244.312 257.468 283.562 287.531 294.875 443.187 446.750 458.625 470.406 490.187 530.000 532.500 557.500 572.750 576.187 619.406 634.812 742.531 799.562 813.187 881.437 886.750 922.437 932.312 946.437 1023.718 1044.125 1057.468 1060.812 1066.375 1094.593 1161.093 1256.906 1263.593 1280.531 1293.593 1303.250 1339.343 1381.531 1691.281 1704.093 1709.843 1910.656 1968.406 2308.843 2320.218 2502.906 2749.437 2755.156 2939.281 2947.343 3324.437 3473.093 
26.750 88.000 97.656 100.156 122.968 126.281 130.937 133.250 139.187 145.218 229.000 243.500 280.125 292.531 300.062 320.187 330.093 428.093 435.343 440.437 448.437 459.531 466.468 470.312 482.718 493.781 502.093 573.343 581.406 603.187 626.625 633.406 634.437 642.218 778.718 784.125 795.937 817.687 824.750 829.750 854.375 862.593 880.343 885.218 927.687 933.875 1015.843 1019.156 1043.375 1065.812 1069.000 1089.000 1146.687 1256.312 1278.625 1286.468 1402.531 1477.562 1662.531 1671.843 1673.937 2066.062 2080.312 2131.750 2142.750 2331.812 2367.906 2376.843 2914.125 3011.656 3285.687 3470.375 3474.687 3484.531 
0.031 53.437 57.312 97.906 100.968 103.187 131.156 154.000 163.093 222.843 248.718 285.437 292.750 314.843 323.937 334.781 387.656 398.812 405.406 416.218 450.750 461.187 469.218 576.718 590.968 609.500 616.375 636.937 645.937 739.812 750.781 782.968 786.281 812.187 823.156 826.843 851.000 861.281 876.812 890.343 918.281 926.500 933.187 947.000 950.875 1015.625 1051.093 1057.406 1064.937 1068.437 1070.250 1136.906 1150.156 1167.875 1174.531 1251.875 1254.531 1262.468 1331.187 1339.812 1342.406 1373.687 1385.625 1692.718 1724.812 1910.781 1981.875 2450.562 2898.062 3322.843 3332.375 3625.625 3772.500 3922.468 3958.562 3959.843 
26.687 52.218 64.187 81.312 111.187 128.437 130.375 146.781 151.625 158.906 168.312 175.750 218.375 242.562 261.906 285.718 316.906 450.718 463.281 469.281 472.000 477.250 490.500 493.093 503.437 526.593 536.781 604.500 609.906 617.593 624.625 635.906 642.031 749.062 779.687 783.468 791.718 797.250 799.968 825.406 863.500 865.500 871.468 873.843 882.562 889.437 901.093 958.687 977.531 1015.531 1062.250 1068.406 1125.281 1137.875 1144.406 1149.375 1234.875 1266.531 1276.906 1309.281 1338.750 1358.906 1366.937 1380.062 1386.593 1398.062 1399.875 1544.562 1901.031 1976.750 2500.031 3171.375 3213.125 3274.468 3524.843 3735.375 3740.656 3897.718 3910.968 3919.906 
34.531 57.093 86.281 100.375 102.562 106.468 118.937 132.062 137.843 148.437 153.250 163.781 199.468 257.125 264.312 269.187 279.781 287.281 294.343 298.812 321.406 335.406 383.000 404.500 440.562 449.562 463.312 467.406 470.375 472.562 477.906 494.625 508.250 545.500 556.437 597.906 604.781 614.437 645.718 652.156 654.593 671.687 750.593 780.312 786.343 788.281 816.843 822.781 825.500 830.968 865.500 874.218 883.156 888.906 901.500 907.781 928.218 936.656 944.250 1010.312 1048.406 1054.437 1060.875 1068.093 1073.718 1076.875 1121.000 1145.812 1167.468 1231.187 1268.625 1274.562 1289.406 1292.093 1330.031 1342.656 1349.468 1356.437 1364.718 1436.343 1485.718 1489.156 1523.125 1526.625 1529.843 1656.843 1851.750 1862.000 2075.031 2374.312 2445.218 2515.625 2798.593 3359.750 3408.000 3409.468 3853.343 3885.781 3899.156 3956.843 3963.218 
