33.187 90.250 106.125 172.906 245.125 251.062 267.406 278.125 637.843 735.687 749.125 941.718 966.718 987.312 1117.062 1270.843 1482.125 1890.781 1898.718 1954.500 3519.125 
25.718 90.937 193.781 230.843 373.531 570.468 587.593 989.031 1010.062 1013.125 1264.781 1282.343 1293.125 1395.156 1816.093 1911.906 3809.125 3896.781 
28.906 105.000 130.843 142.125 173.187 184.187 248.468 270.343 311.218 584.937 636.687 941.437 950.937 973.843 992.750 1010.531 1269.250 1282.187 1292.843 1312.562 1389.437 1468.750 1631.968 1724.062 1751.718 1810.093 1909.531 2413.250 2498.406 2516.875 3652.000 
26.875 50.687 106.500 248.500 277.875 655.062 728.750 991.406 1245.062 1278.000 1397.093 1789.250 1904.343 1926.406 1944.750 2398.093 2403.375 3708.218 
227.312 231.718 242.781 369.812 574.437 635.812 1180.468 1269.437 1278.062 1289.062 1372.125 1378.031 1400.156 1640.843 1890.875 1894.343 1910.562 3380.812 
25.906 29.937 50.218 90.500 94.187 127.093 150.281 191.812 219.343 232.687 246.062 371.750 618.937 988.218 1455.218 1558.843 1691.500 1918.500 1925.000 1948.406 3238.562 3305.093 3313.500 3774.125 3780.281 
22.812 25.437 31.593 57.812 191.968 254.500 375.843 482.187 489.062 636.437 965.531 987.281 1089.718 1180.906 1192.906 1249.875 1292.281 1385.750 1641.687 1878.906 1879.750 1885.281 1903.468 3418.750 3700.656 3703.562 3710.437 3928.437 
30.156 52.625 81.718 247.656 257.687 272.718 276.468 360.250 546.093 559.593 570.281 587.687 615.250 702.312 1101.718 1242.531 1268.906 1269.187 1292.343 1399.218 1786.625 1894.312 1900.562 1918.843 1921.968 1938.437 1942.406 1943.187 1956.093 1982.968 2009.218 2144.281 
104.718 110.375 169.500 257.718 273.218 317.468 321.281 376.343 430.062 965.625 966.468 1245.875 1382.718 1392.937 1643.218 1660.218 1690.062 1895.031 1917.781 1924.656 3448.937 3514.406 3862.593 3868.843 
52.843 90.656 101.375 244.000 247.375 267.750 584.656 592.000 612.531 635.625 989.656 1264.625 1323.031 1397.375 1602.718 1607.281 1744.187 1894.343 2020.187 2024.812 2132.843 2274.968 3322.406 3326.218 3330.093 3336.125 3767.562 3855.250 
