46.750 66.250 115.375 136.437 170.562 228.468 252.875 339.000 381.468 409.062 455.875 489.437 574.906 620.562 640.875 686.781 710.375 731.718 754.875 796.062 1024.500 1079.562 1108.875 1180.406 1193.562 1194.468 1209.375 1232.718 1261.593 1269.500 1287.812 1365.156 1483.843 1563.281 1636.062 1675.750 1699.968 1719.906 1798.281 1836.218 1885.375 1977.437 2064.781 2117.156 2225.656 2280.625 2334.687 2360.187 2387.000 2403.437 2509.031 2519.468 2911.593 2942.500 3009.500 3081.531 3460.187 3462.375 3470.125 3517.968 3648.218 
50.531 101.656 118.656 139.906 156.468 220.656 243.875 283.062 310.625 379.187 396.687 444.906 474.093 553.343 570.125 592.437 651.843 718.750 747.562 906.281 931.875 976.406 1001.343 1080.718 1102.812 1150.656 1169.781 1196.718 1221.968 1241.812 1250.187 1257.250 1268.062 1280.593 1291.218 1368.875 1474.218 1594.343 1665.031 1717.781 1819.062 1836.687 1868.656 2140.281 2209.343 2344.156 2367.500 2400.875 2513.656 2778.187 2998.593 3100.593 3271.187 3379.312 3471.500 3483.625 3516.437 3629.968 3866.343 3908.875 3937.531 
0.500 72.031 119.750 140.812 283.187 371.312 382.031 397.218 445.875 466.468 508.406 536.500 586.187 619.125 638.593 663.218 699.031 719.718 746.906 787.500 860.312 878.031 899.750 978.468 1048.187 1105.500 1123.125 1167.718 1186.750 1214.656 1237.750 1259.312 1274.468 1286.562 1359.843 1369.093 1466.781 1564.875 1617.718 1672.812 1704.218 1727.875 1802.312 1811.531 1845.843 2063.406 2097.812 2200.343 2317.000 2331.625 2345.843 2371.375 2431.187 2509.750 2521.031 2825.187 3188.250 3443.031 3843.687 3862.156 
38.968 56.781 75.468 97.562 131.437 159.656 186.031 219.093 249.781 291.968 356.687 375.593 393.750 407.843 439.125 467.468 484.468 581.500 594.250 604.468 621.156 639.406 702.937 719.750 747.125 765.437 797.718 890.875 959.375 990.562 1023.843 1073.312 1100.968 1172.156 1199.281 1237.343 1250.375 1256.343 1270.437 1281.343 1306.593 1360.687 1378.000 1460.968 1491.000 1532.718 1585.250 1659.062 1680.562 1711.125 1732.937 1796.531 1813.156 1854.343 1978.562 2065.031 2081.031 2174.312 2209.656 2267.656 2275.312 2352.812 2386.250 2405.125 2500.375 3190.375 3216.687 3359.468 3624.437 3633.625 3645.250 3677.281 3862.875 3875.281 
21.906 34.375 60.125 86.656 111.375 136.687 152.281 260.437 339.343 360.468 390.093 407.750 450.375 494.500 579.093 592.812 620.000 701.281 719.750 759.343 937.093 965.937 1103.718 1154.750 1172.593 1207.593 1229.531 1243.843 1262.750 1363.093 1552.093 1589.375 1672.281 1707.750 1723.812 1795.125 1823.687 1846.093 2010.312 2055.656 2071.093 2201.906 2278.593 2315.281 2342.062 2407.500 2499.500 2787.968 3330.000 3344.843 3360.281 3584.843 3627.375 3797.218 3805.281 
56.218 109.125 131.437 148.125 224.656 247.406 266.968 344.625 375.093 414.468 448.187 485.062 537.125 559.281 574.718 592.812 692.968 704.437 723.625 736.031 787.281 915.687 967.781 1009.718 1078.843 1098.875 1196.218 1224.156 1247.281 1266.125 1277.906 1329.781 1363.250 1469.500 1482.875 1570.062 1673.250 1692.875 1722.250 1791.000 1819.250 1837.343 1992.812 2181.281 2265.593 2283.750 2320.031 2347.843 2377.406 2430.562 2513.406 2989.406 3000.812 3033.500 3202.281 3410.812 3482.562 3816.906 3825.000 3832.156 3864.468 3899.375 
71.718 135.968 150.281 264.281 289.125 332.687 454.406 475.000 534.718 576.593 596.312 702.718 726.281 769.000 808.468 893.562 955.187 1067.781 1172.000 1197.656 1231.125 1265.812 1283.312 1469.593 1498.187 1624.031 1639.843 1688.781 1836.906 2288.531 2323.125 2349.625 2379.312 2545.843 3040.406 3320.125 3348.781 3507.687 3578.093 
51.031 74.218 140.812 151.625 258.062 304.218 324.625 370.375 397.187 432.625 451.906 476.218 495.843 518.875 578.218 623.250 651.687 688.843 723.875 742.500 768.875 813.781 891.437 986.031 1108.812 1127.937 1178.593 1209.812 1232.218 1238.843 1255.250 1272.187 1319.781 1388.250 1431.500 1536.187 1647.937 1690.687 1794.531 1835.406 1993.781 2053.218 2178.375 2297.312 2328.375 2351.937 2372.843 2810.281 2811.343 2836.437 2861.062 3114.656 3121.062 3131.843 3151.031 3193.125 3459.500 3562.125 3573.031 
50.500 111.625 120.406 137.812 191.500 232.812 258.125 269.500 346.968 366.343 390.562 423.250 450.937 474.781 500.593 526.156 550.781 583.156 606.125 647.281 695.593 712.843 770.156 909.843 938.812 986.031 1037.468 1090.375 1114.531 1130.718 1195.656 1219.968 1251.406 1280.281 1458.000 1570.093 1645.531 1675.906 1706.406 1802.125 1849.250 2001.937 2032.906 2064.906 2178.218 2222.093 2268.718 2320.437 2359.656 2386.812 2494.875 2510.781 3077.718 3104.625 3280.468 3389.281 3425.187 3791.093 3834.687 3939.593 
57.093 97.000 137.281 147.187 164.250 255.718 273.375 325.187 363.250 388.718 416.656 438.187 470.343 511.000 560.781 577.906 591.562 613.031 645.062 693.312 726.656 771.156 834.343 889.031 908.062 963.500 997.750 1069.875 1116.250 1174.375 1204.843 1226.343 1236.906 1260.250 1270.375 1291.843 1364.937 1377.437 1454.687 1529.250 1550.781 1669.593 1682.218 1810.187 2016.218 2033.656 2061.656 2152.281 2248.031 2339.156 2355.718 2380.593 2522.625 2775.500 2805.593 3519.906 3670.593 3735.125 3748.437 3765.000 3791.531 3869.375 3995.156 
