13.187 14.031 53.437 73.000 118.906 225.968 252.875 374.093 415.781 452.250 459.093 550.656 588.843 703.625 730.656 806.437 933.468 1223.500 1386.437 1587.000 1606.062 1992.843 2000.000 2438.250 2452.718 2594.625 2924.750 2940.093 2954.000 3285.718 3291.406 3311.718 3472.687 3657.468 
99.218 126.750 211.468 238.468 259.562 339.000 385.218 452.656 471.250 512.281 543.375 570.000 610.093 656.312 701.968 717.656 725.187 815.281 888.781 932.843 1156.593 1187.187 1406.187 1575.531 1587.625 1944.781 1972.781 2003.187 2283.250 2299.968 2320.281 2767.437 2776.906 2796.031 2841.750 3162.562 3172.406 3297.687 3458.687 3853.718 3871.843 3895.937 3940.312 3966.625 3982.875 
79.218 143.406 191.031 218.437 247.031 265.875 338.656 355.531 388.125 411.125 501.375 535.812 593.250 623.812 673.468 728.843 744.562 758.312 789.343 808.468 1210.406 1227.375 1376.500 1420.812 1467.843 1622.187 2090.718 2111.156 2226.281 2464.625 2499.906 2673.000 3487.406 3649.906 3675.125 3780.312 
56.312 75.500 90.562 134.781 221.062 249.531 286.375 341.843 366.250 395.062 448.625 532.531 593.531 637.093 692.875 714.500 753.437 779.281 870.531 891.625 933.906 1129.406 1183.937 1200.312 1235.250 1345.781 1370.375 1420.468 1585.875 1621.250 2347.218 2369.406 2532.250 2962.468 3325.656 3338.468 3358.843 3613.000 3614.156 3625.562 3636.718 3649.093 3658.156 3680.593 3850.656 
9.000 81.437 117.593 209.187 238.156 256.562 363.343 379.750 389.968 416.156 435.375 482.000 500.625 540.250 559.250 586.562 610.375 701.531 715.968 767.593 791.000 819.406 839.750 840.875 892.500 918.093 964.812 1033.281 1136.531 1215.125 1243.250 1318.937 1349.375 1370.750 1413.375 1468.625 1512.187 1578.000 1606.187 1941.437 2266.375 2611.968 2857.687 2941.718 3438.531 3581.531 3825.250 3836.375 3853.843 
7.906 35.750 96.906 122.750 199.406 223.968 253.750 319.562 352.468 390.218 422.281 488.062 518.531 566.968 590.968 635.781 683.125 704.343 731.187 756.906 771.031 823.031 859.906 931.156 1110.531 1135.906 1164.781 1205.125 1224.562 1288.625 1474.781 1545.500 1619.250 1660.531 2334.843 2510.906 2780.687 2885.437 3008.875 3025.031 3136.625 3174.625 3348.093 3720.093 3729.218 
70.843 94.031 129.406 206.312 250.062 343.687 446.906 544.156 563.437 582.250 704.781 749.500 769.218 835.906 887.781 934.218 1139.031 1191.156 1216.093 1243.437 1403.843 1509.312 1596.187 1641.281 2622.156 2643.500 2850.125 2862.843 3025.500 3123.968 3480.625 3492.500 3508.750 3524.968 3607.468 
82.687 210.843 227.250 246.500 336.062 372.500 406.750 481.156 512.187 541.968 567.750 726.406 768.000 791.718 812.093 913.156 1138.343 1161.250 1201.031 1280.406 1359.593 1478.812 1561.375 1587.625 2475.031 2483.187 2496.718 2515.281 2539.062 2770.343 2890.718 3021.656 3555.843 3584.343 
12.406 43.656 92.500 118.312 165.562 217.781 253.906 295.156 344.031 378.000 392.937 434.687 491.281 523.437 544.781 606.812 651.375 684.562 712.656 729.718 759.531 796.937 817.968 865.937 906.593 979.843 1210.750 1315.437 1356.343 1409.625 1468.156 1515.406 1590.656 1626.218 1903.531 1913.343 1925.593 1962.937 2505.968 3270.375 3601.031 3619.125 3626.687 3705.000 
72.562 79.781 97.281 118.812 141.031 222.125 241.406 265.968 338.031 373.531 403.406 483.406 531.562 552.843 610.750 656.781 684.750 715.312 740.968 776.500 797.281 848.906 1131.250 1227.906 1245.593 1309.156 1363.718 1454.500 1557.906 1587.312 1942.937 1962.781 2026.437 2212.968 2598.125 2711.281 2900.812 2912.531 3280.687 3297.718 3307.312 3340.562 3396.281 
