-993.282 255.406 258.093 437.375 446.031 526.625 535.250 633.250 715.000 967.937 1312.937 1578.656 1671.937 1686.656 1830.312 1839.375 
37.218 55.656 59.718 367.218 440.468 597.937 810.531 947.625 1074.968 1121.062 1899.843 1909.593 
37.343 68.656 161.468 255.093 385.281 609.625 642.593 843.062 845.093 871.843 890.750 964.593 1108.156 1245.312 1378.218 1665.468 1750.375 1755.625 1868.406 1900.312 1968.187 
255.687 377.687 580.781 718.906 815.687 816.437 872.093 1117.281 1298.343 1370.781 1405.875 1410.031 1480.750 1630.875 1638.031 1824.468 
145.968 443.093 524.781 845.062 874.593 1042.968 1307.500 1488.250 1846.375 1951.156 
37.656 328.062 346.781 642.781 789.500 791.750 816.062 947.656 1029.593 1307.718 1320.062 1504.781 1639.437 1748.906 1757.125 1848.281 1877.500 1900.843 
38.125 268.156 507.781 536.843 654.875 684.375 790.031 813.562 844.968 875.812 956.906 1308.000 1500.218 1596.125 1637.968 1776.000 1870.187 1878.187 1967.187 
538.750 843.968 871.312 966.656 1076.187 1292.562 1308.062 1370.312 1517.093 1868.562 
132.875 158.375 171.343 257.218 301.937 442.968 537.687 586.250 675.156 792.781 952.406 1038.281 1300.656 1587.781 1881.156 1911.437 
60.468 165.093 334.093 438.031 1146.781 1148.312 1473.531 1489.093 1512.968 1631.218 1766.031 1843.875 
