19.468 20.656 21.312 24.125 58.281 63.562 73.000 137.718 181.750 196.625 219.281 288.343 301.031 308.593 318.343 418.562 433.937 439.906 563.843 591.937 622.406 664.031 690.718 732.437 739.625 742.718 787.125 794.593 811.968 891.000 894.843 905.125 924.187 1137.843 1225.937 1505.687 1529.000 1531.906 1789.031 1922.531 1931.218 1985.062 2473.000 2485.375 2498.437 2605.718 3162.031 3175.656 3182.281 3224.781 3240.656 3877.687 
19.531 19.968 22.093 72.281 136.812 171.187 183.250 237.500 278.281 296.625 305.031 387.593 423.968 431.343 435.593 472.156 542.343 580.281 629.062 643.375 742.343 750.593 818.625 872.906 882.125 884.593 887.750 888.406 909.812 1288.656 1344.843 1414.375 1461.562 1469.000 1538.718 1553.375 1566.500 1609.937 1714.187 1723.125 1757.156 1758.687 1958.937 2559.562 2746.343 2756.031 3221.718 3335.375 3337.156 
39.500 40.187 73.531 105.062 121.093 164.562 186.500 197.125 253.937 268.906 280.531 318.375 371.937 426.281 444.062 472.250 740.843 748.281 828.375 897.468 908.312 938.812 950.750 962.593 1121.937 1143.593 1172.843 1375.437 1469.343 1501.562 1536.375 1629.437 1635.906 1723.375 1726.062 1731.750 1737.687 1757.656 1926.687 2027.468 2058.093 2080.218 2612.500 2640.812 2650.593 2662.000 2665.625 2735.937 2737.281 2847.218 
14.687 19.625 101.218 128.312 276.625 293.781 308.250 308.500 317.812 318.625 358.250 410.343 435.687 629.218 638.312 682.125 748.375 779.750 836.718 869.312 871.062 906.468 929.281 938.531 979.656 1289.687 1501.156 1536.906 1545.531 1547.625 1605.875 1641.000 1642.656 1668.968 1743.531 1789.687 2268.375 2292.000 3449.250 3453.656 3463.281 3495.812 3506.937 3508.062 3510.000 
19.437 20.812 22.062 24.343 84.593 102.500 196.343 278.250 285.250 309.500 445.406 540.875 636.593 640.875 746.906 750.375 777.718 881.843 893.406 895.875 933.781 1091.593 1361.343 1366.500 1466.343 1535.343 1538.281 1552.000 1756.812 1789.781 1952.406 2532.468 2537.281 3140.812 
19.750 25.468 57.781 113.875 165.375 179.687 282.125 306.593 307.812 312.218 318.093 318.468 431.500 525.812 539.843 738.687 746.906 801.250 803.781 886.875 907.875 1114.875 1176.906 1284.468 1531.687 1570.781 1649.156 1689.656 1724.125 1726.656 1727.187 1732.812 1952.687 3129.468 3149.218 3152.375 3197.062 3238.343 3350.906 3397.937 3610.656 
20.500 33.000 65.125 80.843 100.093 101.531 159.187 188.375 200.343 211.968 214.062 223.562 308.125 317.156 536.875 637.875 658.093 677.281 716.531 725.468 736.937 744.281 799.187 890.687 911.718 932.812 940.593 981.093 1286.750 1290.687 1369.625 1432.156 1512.906 1571.781 1597.812 1724.281 1731.625 1792.718 2055.750 2331.093 3355.281 3375.468 
20.093 22.968 25.468 39.625 73.656 102.781 106.750 109.656 184.750 189.562 211.125 234.468 267.843 276.343 317.468 318.875 433.406 498.906 511.437 629.593 749.718 771.968 900.562 921.406 985.468 1091.437 1134.781 1175.687 1318.468 1356.812 1380.062 1725.156 1753.781 1760.781 1792.656 1848.187 1935.687 2020.968 2992.906 3000.093 3162.812 3994.000 
8.312 20.093 20.312 20.656 61.531 65.562 69.343 72.750 102.687 111.906 114.156 181.250 201.593 282.031 291.968 311.218 312.250 313.281 315.187 434.656 479.031 500.906 532.375 536.812 579.531 638.875 712.093 759.656 770.937 771.500 773.500 885.312 888.156 933.937 1131.937 1359.875 1565.750 1595.500 1599.875 1857.406 1984.031 2042.250 3345.125 3358.968 3374.531 3402.562 3405.437 3429.093 3433.750 3900.531 3901.062 
19.875 24.250 79.656 87.031 96.937 180.750 203.000 298.281 308.125 311.062 317.031 391.281 392.718 547.656 636.031 639.000 747.531 752.218 767.687 780.406 889.500 893.562 1097.906 1124.625 1131.625 1254.156 1502.000 1584.875 1645.531 1757.250 1792.375 1860.000 1946.906 2070.656 2758.843 2763.500 2772.375 2788.875 2848.812 2863.312 3597.656 3636.343 3653.968 3981.343 
