31.812 39.500 79.906 134.281 306.937 618.250 623.031 733.187 851.968 910.000 1120.406 1142.000 1167.000 1290.218 1307.343 1342.781 1406.875 1585.562 1639.187 1641.750 1773.968 1795.750 2105.937 2118.781 2201.218 2446.281 2508.687 2542.812 2599.187 2651.812 2787.843 2824.968 2859.125 2907.468 2972.593 3155.093 3164.875 3258.000 3364.156 3394.375 3475.031 3481.093 3494.937 3599.500 3607.937 3611.687 3626.500 
137.156 241.500 251.406 254.468 262.875 802.687 970.875 981.812 984.656 994.250 1071.687 1152.468 1160.750 1163.406 1169.343 1206.406 1289.687 1610.375 2140.500 2428.656 2445.781 2547.875 2878.750 2996.031 3000.531 3794.718 3953.250 3955.781 
49.906 56.468 71.062 237.687 288.906 344.375 352.406 547.968 558.437 564.718 870.593 955.281 977.281 1027.125 1157.687 1166.312 1167.468 1185.375 1193.312 1196.843 1198.468 1456.718 1543.375 2080.656 2110.218 2133.593 2235.281 2287.875 2319.812 2547.281 2645.906 2714.625 2726.406 2778.437 2865.656 3149.625 3421.750 
351.375 356.906 364.343 778.250 1140.968 1155.093 1161.812 1425.281 1435.093 1438.718 1442.343 1476.062 1506.968 1509.218 1527.500 1529.031 2104.906 2105.656 2149.968 3253.968 3274.750 3328.031 3900.062 3905.000 
91.093 263.625 305.875 384.437 430.250 611.312 624.218 1023.000 1184.531 1278.531 2172.718 2194.468 2195.500 2199.093 2433.218 3671.656 3871.218 
36.218 142.906 180.531 627.062 630.156 1177.250 1208.406 1910.406 2189.812 2420.843 2445.625 2465.500 2467.781 
33.281 65.750 312.531 313.781 438.437 449.312 467.843 770.812 819.281 987.562 1181.843 1199.062 1251.718 1758.000 2102.812 2105.250 2128.343 2150.281 2153.218 2407.031 2959.968 2973.406 3802.593 3813.250 3867.968 
1.593 18.593 23.093 69.562 103.718 125.937 176.281 230.812 465.500 517.468 565.125 593.093 914.875 1075.187 1116.062 1160.531 1175.156 1187.625 1200.312 1202.343 1228.906 1250.250 1501.468 1506.500 1513.343 1574.593 2075.781 2087.343 2161.218 2183.093 2201.062 2214.187 2220.531 2508.843 2543.906 2555.187 3027.593 3780.687 3856.343 3884.875 3945.437 3947.781 
22.531 107.781 157.343 175.812 296.562 405.437 422.093 429.656 448.968 566.656 661.781 689.250 721.531 755.781 886.625 889.843 1123.062 1127.375 1154.531 1155.093 1157.906 1164.593 1167.562 1176.218 1588.125 1613.812 1645.843 1732.656 1750.656 1808.093 1961.468 1995.593 2184.812 2303.718 2613.750 3110.937 3144.218 3923.125 3926.656 
18.937 70.125 72.500 78.031 194.062 314.343 357.156 461.937 782.656 801.343 810.062 1034.500 1067.750 1071.062 1150.437 1192.250 1199.656 1203.406 1254.937 1258.281 1430.062 1437.968 1668.625 1712.593 1810.812 1840.562 1841.500 1946.468 1989.187 2011.812 2160.031 2169.843 2438.562 2448.218 2466.156 2480.843 2512.437 2583.750 3104.437 3107.875 3179.218 3202.937 3630.468 3813.250 3820.625 
