66.281 68.687 126.968 155.218 361.312 459.906 535.000 590.156 632.781 643.250 764.968 793.437 814.562 841.656 905.906 935.062 1087.187 1301.156 1326.531 1369.531 1400.312 1451.437 1512.281 1529.562 1601.406 1615.875 1741.000 1775.218 1825.000 1854.625 1857.593 2058.125 2119.687 2124.937 2267.656 2826.437 2830.437 2905.906 2970.187 3000.343 3001.093 3015.500 3019.906 3026.250 3220.093 3224.750 3280.937 3651.125 3990.187 
75.843 123.906 139.187 142.812 152.375 188.875 226.781 364.343 462.312 552.343 611.593 896.093 995.750 997.718 1069.062 1071.468 1326.562 1331.843 1561.406 1611.375 1773.781 2064.031 2813.000 2818.406 2964.281 3432.593 3488.562 3628.875 3707.375 3851.906 
20.968 183.718 571.125 597.031 704.812 739.625 932.187 944.062 995.156 1173.687 1337.500 1554.687 1788.906 1864.093 1877.812 2542.562 3329.218 3340.375 3418.500 3432.687 3732.093 3913.718 3974.156 
313.468 462.500 618.281 1162.031 1165.843 1339.718 1671.937 1931.062 3233.250 3298.750 3319.750 3473.031 3575.250 3594.375 3604.031 3663.343 3686.656 3953.250 
80.562 138.937 781.375 824.781 919.656 1150.906 1443.187 1456.187 1548.031 1815.562 2662.312 2943.906 3264.718 3533.781 3988.781 
29.031 98.718 1288.468 1290.843 1560.906 1586.500 1606.968 1608.468 1740.437 1747.875 2544.656 2778.093 3163.843 3950.031 
91.250 102.718 123.875 152.875 158.531 772.406 1831.125 1900.937 2981.218 2986.000 3004.375 3129.968 3450.718 
42.656 102.062 125.875 134.875 380.781 402.062 431.625 824.093 862.062 1032.312 1260.125 1544.968 1584.156 1601.500 1833.312 1861.812 1862.812 1900.968 2161.281 2902.281 3213.656 3292.781 
73.281 79.750 93.000 151.250 153.875 366.468 515.218 552.187 559.156 706.187 741.500 1175.187 1233.968 1305.031 1341.812 1376.000 1396.468 1452.625 1461.593 1556.718 1568.250 1593.406 1687.125 1716.406 1727.687 1971.843 2747.281 2753.718 2755.156 2763.718 2860.875 3070.281 3236.937 3264.406 3273.812 3284.000 3290.687 3525.187 
19.406 21.031 24.656 25.812 366.062 383.062 398.281 398.906 466.875 471.687 777.312 807.750 826.250 833.593 853.062 857.406 872.687 892.781 933.531 1094.500 1174.375 1546.187 1552.687 1556.062 1562.468 1654.593 1803.343 1965.406 3362.250 3709.500 3758.125 
