-1965.438 -1958.000 -1079.188 42.687 49.281 274.812 748.312 755.312 833.781 879.343 940.125 941.437 1019.343 1735.656 1766.468 1886.968 1909.406 1929.875 1950.968 1997.593 2008.750 2016.593 
-6.250 48.000 436.625 441.781 456.687 516.968 670.000 677.968 729.375 736.781 746.093 833.375 854.406 1002.468 1021.812 1074.468 1082.562 1171.281 1397.625 1656.875 1853.968 1894.906 1897.468 1963.312 1997.750 
110.562 467.343 560.000 948.187 984.437 1062.656 1110.093 1139.000 1159.968 1180.468 1188.687 1203.531 1251.843 1320.156 1388.968 1587.281 1698.062 1720.375 1774.125 1858.093 1859.593 1962.468 1983.937 3877.875 
-395.188 41.093 92.843 447.812 537.593 601.562 678.875 717.593 976.062 1100.406 1142.250 1203.437 1250.843 1297.562 1468.937 1498.062 1758.593 1775.562 1841.125 1882.281 1921.437 1948.656 2375.500 3738.843 3840.687 
-1780.563 63.093 214.750 593.000 610.437 612.156 721.781 876.156 884.156 901.468 927.031 937.156 988.062 1033.593 1075.375 1182.000 1188.937 1307.125 1580.156 1601.125 1712.343 1826.562 1859.031 1968.718 2871.468 3225.812 
-1264.407 -110.000 -8.375 98.906 264.156 431.468 438.437 608.250 646.406 666.718 745.781 1140.656 1157.468 1168.406 1355.250 1670.468 1881.718 
268.312 274.312 418.062 611.843 684.000 702.437 780.875 802.156 834.593 901.156 917.406 921.687 949.187 1030.125 1036.406 1130.968 1204.062 1251.031 1297.093 1477.875 1520.031 1595.781 1618.875 1706.343 1758.000 1951.156 
-1178.657 -637.657 -327.282 -196.844 33.906 43.531 112.937 231.625 458.875 518.031 580.687 601.343 636.593 646.468 663.625 776.625 852.375 1038.343 1040.156 1082.750 1182.031 1202.625 1373.156 1520.531 1596.656 1632.000 1874.968 1931.531 
-1744.094 -1305.750 -153.125 -42.219 42.406 78.062 198.281 212.812 402.968 588.187 736.375 841.281 863.312 904.250 936.343 985.125 1018.968 1122.406 1157.062 1194.437 1354.375 1621.656 1632.593 1664.812 1684.718 1685.625 1693.031 1702.218 1758.562 1841.843 1876.562 1937.593 1997.562 2405.250 3243.281 
42.250 91.375 541.906 589.218 637.781 750.750 855.281 922.125 948.812 985.031 1076.593 1089.781 1091.218 1128.031 1228.906 1301.375 1508.437 1669.156 1679.593 1724.031 1870.593 2029.343 
