-1516.282 -1508.563 -988.282 -904.250 -594.594 -392.782 -199.438 29.187 31.000 98.312 1601.062 1999.875 2842.718 2889.718 3086.937 3267.937 3341.750 3863.500 
-1763.688 -1756.407 -1503.594 -1155.125 1732.375 2354.468 2588.437 2614.343 2911.875 
-522.688 -511.250 858.312 1216.531 1496.750 1568.656 1708.406 1721.937 1785.531 1835.406 1878.218 1930.031 1958.625 2432.250 3169.656 3203.718 3377.531 3545.906 3995.156 
203.562 423.187 883.812 924.687 1391.562 1561.937 2583.375 2700.281 3094.937 3114.187 3323.750 3545.937 3564.093 3678.968 3830.843 
-1927.594 -1787.157 -1760.657 -1715.313 -980.000 -772.344 -252.719 -48.625 265.656 284.093 355.437 851.812 1039.468 1040.500 1088.000 1479.906 1720.750 1930.062 1981.125 2584.531 2695.218 2802.093 3621.437 3705.062 3832.968 
-1663.407 -1076.125 50.812 196.343 337.187 1014.312 1031.468 1038.000 1585.406 1656.187 1670.406 1803.500 2407.031 2794.718 3258.187 
-1917.282 -735.375 32.187 39.656 355.906 833.312 1375.250 2003.843 2510.250 2949.187 3811.156 
-1819.532 -1760.032 -1695.250 -1443.407 -1113.750 155.156 504.093 891.500 1300.156 3051.562 3787.593 
-1962.344 -1930.250 -1362.250 -898.688 349.750 476.968 523.468 924.875 1028.562 1147.000 1775.000 1948.625 1966.312 2122.281 2971.843 
-314.469 -155.625 33.031 532.656 959.375 1389.312 1445.031 1572.312 1768.687 2216.093 3066.875 
