17.000 48.593 172.218 295.875 312.937 627.281 738.843 754.781 1044.406 1165.375 1278.812 
177.125 430.000 595.937 876.625 1168.875 1403.375 
190.500 215.187 299.343 417.562 508.093 594.593 651.187 739.031 765.406 962.406 1163.812 
435.750 515.125 627.250 627.531 717.500 1164.125 1343.593 1403.593 
46.093 218.500 505.000 556.625 625.531 1164.437 1165.343 1198.968 1280.187 
48.062 58.375 177.250 332.250 519.093 586.812 598.406 627.562 632.937 647.687 738.750 858.531 887.625 1074.718 1164.718 1192.062 1281.093 1291.875 3464.843 
26.312 54.281 189.625 429.812 504.562 506.937 594.562 630.218 631.093 1053.968 1132.593 1134.531 1204.062 1317.343 1403.437 
26.843 51.750 168.406 284.250 506.843 702.125 748.125 858.718 893.687 1130.281 1404.468 
283.156 309.906 436.312 501.218 503.718 510.937 594.812 627.906 853.687 1131.625 1164.906 1211.531 1405.250 
740.875 744.093 796.468 1181.031 1192.187 1404.000 
