60.281 63.031 187.562 373.968 575.281 623.656 1294.750 1366.093 1716.593 2054.406 2060.656 2100.781 2102.406 2352.093 2411.000 2497.093 
728.156 863.093 1068.312 1069.437 1072.937 1117.156 1246.343 1361.312 1708.093 1710.062 1809.343 1889.218 2088.562 2353.843 2499.343 
373.406 654.156 745.156 753.687 910.250 2059.687 2102.031 2167.031 
60.937 305.031 427.843 545.406 830.343 1113.281 1641.937 1722.156 1808.375 2053.156 2058.375 2245.343 2355.562 
14.406 77.937 145.218 919.906 931.968 1411.531 1503.281 1755.750 1799.375 1816.875 1894.812 2107.593 
166.687 178.343 429.781 671.437 674.125 733.812 910.250 930.781 1068.406 1075.406 1115.656 1358.656 1371.750 1504.562 1707.750 1816.812 1938.906 2048.375 2053.343 2106.625 2354.125 2503.093 
650.687 734.593 910.281 992.875 1072.750 1307.625 1361.031 1403.875 1503.218 1514.843 1817.281 2048.593 2102.750 2164.125 2234.843 2498.250 
152.187 179.656 727.437 910.281 1068.125 1113.625 1396.718 1503.312 1508.562 1644.718 1893.750 1950.250 2386.718 2393.000 
306.031 306.906 374.312 727.937 735.593 910.125 959.750 1138.187 1195.906 1252.375 1980.593 1981.875 1989.187 2051.968 2054.343 2100.937 2102.093 2236.250 2350.812 2351.843 2498.125 2519.843 
373.093 544.812 622.531 656.218 728.468 821.093 853.312 861.125 1075.593 1116.500 1130.343 1146.000 1356.781 1361.187 1363.343 1802.437 2108.593 2272.875 
