203.000 341.718 508.656 534.281 616.281 683.125 743.625 760.937 830.562 909.187 911.593 1085.000 1087.437 1094.875 1241.875 1396.031 1425.843 1537.375 
92.156 201.156 202.000 556.593 578.062 678.812 711.468 761.593 1159.937 1201.531 1314.343 1426.281 3291.593 3297.906 
50.875 82.500 341.718 502.312 572.718 933.437 1136.593 1159.375 1193.062 1229.031 1238.718 1315.812 1316.875 1382.750 1417.312 1425.906 1459.218 1563.906 
45.125 193.875 214.718 474.812 725.218 743.562 899.562 937.718 968.093 1087.500 1163.250 1164.718 1199.437 1238.468 1347.093 1370.031 1377.781 1378.656 1417.250 1426.187 1459.875 1536.875 
44.250 83.531 207.250 352.468 367.875 453.500 488.406 680.968 723.406 744.687 903.906 905.656 1183.625 1211.343 1314.656 1340.562 1423.187 1443.812 1489.937 1540.187 
54.218 238.406 360.687 488.750 557.468 581.437 762.093 853.312 958.687 1321.468 1397.718 1417.687 1421.062 1473.718 1539.718 1545.593 1604.406 2948.937 
82.750 95.562 190.375 344.500 449.937 508.156 532.875 581.000 634.593 641.406 937.031 970.343 1164.156 1315.125 1315.750 1536.500 1538.937 1542.375 1584.281 
43.406 54.093 85.968 349.875 674.468 761.937 904.000 1345.343 1457.750 1569.812 
51.562 85.125 500.875 583.875 677.843 682.125 870.187 930.281 1323.500 1377.812 1445.937 1452.218 1488.562 1541.312 
84.312 104.812 221.875 228.531 335.343 337.218 456.000 581.625 635.843 677.406 679.125 832.812 898.125 920.906 1142.187 1163.843 1270.125 1322.468 1415.062 1463.125 1540.843 
