423.843 588.781 761.250 895.375 1077.812 
112.406 418.750 454.031 748.312 
75.875 579.000 1067.218 
89.687 259.687 268.281 278.781 574.531 849.156 
106.187 262.437 447.593 738.062 743.437 836.000 869.812 1103.125 1252.625 
113.593 574.468 575.500 748.093 1004.062 1043.687 1087.343 1218.625 1323.406 1384.687 
87.812 260.562 273.125 459.625 579.531 736.718 835.625 880.500 1266.406 2419.343 
79.250 89.500 97.093 579.875 734.812 1022.531 
129.156 734.500 737.843 1217.406 1368.375 
67.593 113.656 261.375 433.406 586.125 772.906 1071.250 1217.218 1290.125 
