68.406 103.593 112.437 516.562 632.687 915.437 923.656 973.250 976.093 1072.156 1073.375 1290.531 1334.437 1335.593 1380.250 2474.187 
254.562 549.875 568.125 619.812 1000.843 1072.250 1072.781 1246.718 1286.875 1336.875 
119.312 251.718 259.812 292.718 309.312 564.625 633.625 676.218 915.781 924.281 974.625 987.375 1286.093 1304.406 1338.500 1394.625 1394.937 
120.156 134.343 197.593 253.656 255.281 351.031 574.125 612.250 915.343 971.687 975.812 
98.562 252.062 253.187 567.593 976.406 984.312 1072.625 1109.187 1203.812 1267.562 
196.906 249.812 258.781 293.343 298.500 458.687 657.750 831.437 989.281 1267.968 1361.218 1372.031 1378.218 1379.250 1386.906 1393.437 1394.375 
251.375 254.843 307.468 364.062 461.406 969.031 1392.531 
64.531 105.312 249.500 253.125 258.531 294.468 971.218 976.375 
252.375 291.937 349.968 365.062 617.468 828.906 829.437 970.750 973.687 996.718 1242.312 1286.437 
269.468 661.031 672.937 1164.750 1181.125 1265.656 1344.187 
