23.875 39.343 76.656 219.843 545.468 583.468 586.125 931.125 1308.468 1317.281 1397.218 1520.062 
274.468 381.875 513.656 586.250 590.875 606.750 632.968 851.000 1215.687 1250.343 1600.968 
19.156 52.562 69.031 114.500 180.656 263.718 345.125 348.562 446.562 538.093 1202.312 1333.406 1416.562 2252.500 
-1705.563 11.625 184.093 266.875 388.125 816.468 852.843 991.000 1037.781 1107.093 1334.312 1371.875 1416.406 1582.343 1677.312 1698.718 
122.500 171.875 215.968 261.843 839.531 1103.312 1374.218 1382.593 1413.875 1427.000 1445.156 
-291.844 35.156 179.468 516.562 718.031 739.656 1168.968 1275.187 1499.281 1509.093 1755.093 1807.281 1916.156 1919.625 
11.562 32.312 38.250 51.562 54.375 73.250 222.812 262.218 293.250 333.250 394.125 540.656 582.187 775.562 1109.406 1794.187 1967.250 
97.218 139.250 243.406 314.000 517.906 556.187 1004.968 1043.843 1245.218 1333.593 1801.625 1871.593 
-722.657 120.718 132.468 174.656 193.718 216.156 422.812 682.187 733.843 742.656 1085.562 1088.750 1168.906 1265.781 1327.843 1358.312 1797.375 1874.343 1913.125 1919.656 1946.406 
12.718 17.718 154.531 179.593 214.593 316.281 348.343 421.625 467.062 481.812 510.156 512.531 717.843 993.125 1060.406 1446.312 1593.468 1916.906 
