23.843 30.187 37.250 48.000 57.187 69.562 81.093 105.593 129.562 141.343 159.375 185.781 202.906 241.781 326.187 387.406 403.562 460.406 483.968 567.062 603.250 763.281 903.468 924.937 939.937 957.593 967.250 1040.281 1051.656 1067.281 1074.406 1075.531 1095.437 1240.968 1294.750 1321.593 1454.562 1455.687 1598.093 1708.250 1713.937 
13.750 23.375 34.312 48.406 58.500 69.437 71.156 83.843 161.312 237.843 275.843 286.656 292.687 392.093 418.187 496.937 515.437 619.687 621.000 686.687 708.562 822.750 857.000 863.125 890.375 942.687 1048.781 1308.812 1340.875 1361.656 1364.125 1456.281 1485.468 1581.875 1689.093 1858.125 
30.093 39.468 62.843 81.656 123.593 125.718 143.812 171.343 216.531 222.812 229.968 277.250 292.687 371.500 387.468 490.406 513.000 558.218 561.937 718.437 720.000 734.500 796.750 970.093 1082.687 1097.093 1159.031 1306.062 1339.375 1382.625 1446.656 
39.000 49.218 125.875 143.781 175.250 254.968 291.593 370.937 373.718 387.593 459.125 468.687 489.906 513.625 722.843 736.937 764.968 831.343 933.968 1003.937 1155.843 1205.406 1241.593 1297.781 1486.812 1646.968 1657.375 1858.875 1928.781 1960.343 1981.750 
32.406 43.843 83.625 90.281 187.468 203.750 229.625 240.406 252.312 269.656 345.062 367.406 392.031 419.406 507.812 512.937 541.000 563.656 567.156 594.875 657.468 720.406 745.156 818.468 873.843 930.375 1104.500 1332.968 1361.812 1419.375 1422.187 1486.250 1531.062 1536.000 1543.000 1578.687 1641.187 1830.375 1855.781 1948.093 
9.812 30.125 37.406 55.906 78.531 82.281 227.968 258.500 263.125 291.500 369.343 405.812 458.500 459.312 518.468 541.125 558.250 579.218 620.468 719.250 952.875 954.500 1005.937 1027.625 1138.625 1143.625 1238.500 1243.093 1388.968 1415.781 1420.625 1480.000 1501.625 1543.093 1583.531 1627.500 1641.937 1786.406 1788.875 1799.156 1855.843 1967.687 
32.250 40.781 86.250 126.000 203.468 216.781 218.656 281.312 283.375 366.812 403.656 405.406 417.500 470.468 488.031 517.312 596.187 680.687 682.250 686.656 735.562 761.062 907.093 956.468 957.187 1204.093 1238.437 1254.687 1357.218 1457.218 1649.093 1657.406 1722.156 1781.531 
12.156 50.750 80.093 90.812 97.312 166.312 172.937 214.250 243.093 277.968 281.437 284.156 355.187 358.500 379.906 457.625 556.125 572.718 662.500 708.687 722.875 769.656 818.156 895.968 956.562 996.968 1007.750 1008.562 1117.500 1137.593 1181.687 1241.750 1397.500 1417.187 1418.000 1517.781 1657.531 1788.625 1845.843 1967.531 
20.187 44.250 67.656 70.781 93.000 169.750 182.750 214.625 215.500 226.250 239.125 268.593 281.843 318.625 328.625 378.375 419.562 510.718 573.000 582.656 662.562 682.312 683.843 710.500 722.500 763.562 848.656 954.593 1295.500 1346.250 1387.000 1503.500 1520.000 1751.218 
20.968 22.812 38.468 80.312 94.375 202.812 213.406 214.375 230.250 239.062 377.968 456.812 457.562 459.375 460.468 556.125 630.937 632.000 658.593 752.062 941.625 952.843 954.531 1183.437 1183.906 1215.593 1275.875 1455.250 1539.718 1542.000 1582.531 1679.718 1681.312 1691.687 1718.531 1762.750 1781.562 1846.250 1918.406 
