27.218 380.218 1009.937 1212.593 1751.812 1869.000 
225.718 275.000 950.281 1504.750 2811.218 
19.406 26.093 922.031 1333.281 1353.531 1581.625 1964.812 
19.125 22.250 25.000 25.281 25.687 379.687 2247.750 
21.906 97.312 417.625 2889.093 3690.625 
20.906 21.218 3322.937 
18.843 25.250 653.562 695.312 1124.156 1501.843 1966.937 
21.875 24.562 26.187 96.625 950.718 1641.468 2795.437 
23.531 222.406 298.406 876.187 1012.625 2553.593 3312.093 
19.000 24.906 25.531 232.781 234.562 923.250 1109.281 1215.875 1300.875 1401.718 1582.000 1769.125 1832.531 3164.218 
