80.843 82.468 88.437 91.750 160.656 180.562 195.531 330.375 348.156 359.468 364.625 546.843 557.375 720.968 727.156 738.625 751.687 754.250 964.687 986.843 1036.718 1042.156 1051.500 1071.312 1286.250 1297.218 1410.750 1438.750 1464.281 1473.937 1484.718 1675.343 1684.125 1745.281 1821.125 1861.843 1866.656 1874.031 1875.875 1881.843 1974.781 2214.281 2306.468 2321.906 2573.468 2584.531 2610.093 2647.250 2650.156 2791.093 2812.875 2822.656 3289.093 3311.937 3318.468 3326.437 3328.968 3331.375 3340.187 3347.593 3351.687 3490.218 3498.531 3720.156 3733.500 3941.625 3971.562 
37.875 80.156 194.750 359.843 366.812 397.843 551.500 629.375 714.468 718.562 725.375 736.437 740.093 748.250 757.156 764.406 766.093 972.281 1101.500 1104.281 1112.343 1113.062 1122.906 1123.750 1340.718 1416.562 1501.843 1831.625 1863.187 1872.593 1882.093 1896.875 2203.218 2233.000 2635.750 3122.718 3462.656 3478.906 3567.468 3568.093 3895.093 3921.687 
37.437 38.156 59.656 72.593 99.687 124.468 200.218 220.750 241.562 247.656 289.125 328.781 390.750 519.656 531.875 710.343 715.187 721.593 729.062 739.906 967.437 1030.562 1033.500 1038.718 1050.968 1247.468 1257.843 1306.125 1307.406 1341.406 1353.218 1433.468 1436.406 1448.843 1515.625 1558.968 1672.187 1672.687 1742.187 1858.250 1858.906 1867.375 1874.656 1913.343 1923.250 1949.718 2228.031 2259.593 2592.062 2594.125 2619.875 2760.687 2789.906 2822.937 2841.187 2899.718 2973.343 3021.468 3035.312 3231.343 3248.250 3254.093 3260.812 3398.750 3412.562 3444.062 3702.312 
35.750 45.187 50.156 157.531 237.718 358.218 464.656 517.656 693.031 720.843 729.718 744.812 753.125 765.781 833.031 998.687 1023.031 1036.062 1098.437 1110.750 1311.812 1349.031 1382.406 1415.875 1534.125 1554.968 1649.250 1731.312 1737.375 1745.843 1842.843 1854.187 1863.468 1866.250 1903.156 1919.843 2089.750 2285.343 2690.281 2721.687 2865.218 2883.187 3047.781 3072.468 3286.562 3315.531 3320.000 3650.218 3769.468 3778.687 3785.843 3837.156 3908.406 
38.312 87.781 135.531 347.187 364.375 717.093 761.937 769.437 770.625 1051.781 1057.250 1096.656 1288.437 1293.718 1318.406 1354.656 1487.437 1497.250 1568.343 1699.906 1714.656 1878.750 1883.656 1895.156 1896.812 2184.281 2490.312 2498.406 2519.000 2580.687 2629.156 2701.375 2734.406 2871.000 2901.843 3162.468 3292.718 3451.343 3825.750 3848.906 
56.687 70.531 104.125 521.031 556.562 713.687 719.531 732.187 752.562 765.187 796.468 991.437 998.531 1129.968 1229.375 1347.593 1396.125 1485.718 1548.125 1841.031 1860.468 1874.093 1975.156 2040.062 2125.875 2421.218 2435.781 2493.718 2563.250 2708.875 2790.343 2813.656 3389.968 3390.500 3411.875 3719.812 3790.687 3795.781 3807.218 
33.875 82.093 128.406 146.531 190.843 349.406 355.062 369.781 455.531 717.562 727.062 736.687 737.156 745.500 746.000 761.125 966.406 982.531 988.000 1001.656 1089.187 1341.906 1372.625 1386.406 1389.968 1732.343 1829.125 1852.687 1864.062 1865.000 1871.250 1878.093 1895.312 1907.437 2310.562 2317.906 2344.000 2646.187 2702.250 2705.937 2720.406 2720.781 2842.812 3129.875 3174.250 3196.343 3226.156 3681.437 3694.875 
86.750 120.562 269.468 480.656 735.875 756.593 767.687 835.468 990.125 1120.968 1253.843 1271.281 1426.093 1431.625 1436.625 1653.250 1662.062 1689.718 1690.093 1723.656 1879.000 1910.906 1951.468 2451.125 2462.812 2523.656 2651.343 2764.000 3030.625 3062.875 3175.218 3543.812 3767.406 3778.187 3882.812 3963.406 
13.750 32.156 122.875 210.218 385.781 557.843 709.375 718.625 731.718 757.468 765.656 1043.906 1092.656 1107.125 1123.187 1130.250 1274.718 1381.750 1477.031 1483.718 1533.593 1615.156 1649.843 1652.000 1656.312 1844.281 1847.031 1863.500 1883.218 2250.312 2376.125 2413.593 2467.062 2711.218 3112.812 3206.812 3284.812 3291.812 3316.625 3444.125 3470.562 3689.093 3691.968 3698.218 3734.968 3735.156 3760.843 3847.906 3958.875 
32.625 128.812 135.343 207.781 240.593 355.406 446.218 552.625 725.062 728.937 733.906 739.625 758.250 835.937 841.875 1001.781 1004.812 1051.656 1058.843 1106.031 1297.781 1332.968 1355.125 1366.218 1412.250 1489.031 1495.000 1512.968 1563.750 1676.906 1846.437 1866.406 1869.250 1871.187 1882.156 2084.937 2206.625 2321.031 2608.656 2616.875 2624.906 2660.281 2775.406 2789.906 3282.968 3283.500 3326.437 3336.656 3342.437 3346.218 3487.375 3500.500 3514.187 3636.062 3794.312 3840.156 3883.437 
