151.312 163.375 247.062 252.156 399.156 406.093 412.968 413.687 462.562 470.187 516.562 564.281 609.750 649.281 801.937 831.312 934.656 1146.125 1330.781 1363.531 1374.625 1488.062 1694.437 1709.625 1719.031 1737.343 1758.718 1763.968 1772.375 1931.687 1931.968 1939.781 2209.343 2328.656 2333.125 2609.312 2828.718 2858.968 2880.375 3084.750 3443.500 3463.125 3533.562 
86.968 193.031 214.968 320.500 341.875 433.218 465.875 625.687 756.093 762.937 766.937 808.468 978.187 982.781 1093.406 1106.593 1118.937 1147.843 1384.750 1424.281 1450.812 1495.000 1541.312 1544.781 1554.343 1690.031 1738.468 1789.406 1794.562 1817.406 1989.218 2083.406 2098.750 2101.312 2110.906 2306.687 2507.437 2516.906 2572.687 2838.593 2844.812 2847.968 3153.625 3183.218 3212.562 3224.718 3225.812 3245.968 3253.062 3264.500 3268.781 3380.343 3457.812 3468.187 3469.656 3716.562 3816.125 3958.218 3966.406 
106.406 174.406 199.156 211.218 230.187 240.718 252.968 263.187 384.718 406.500 411.093 411.562 425.062 455.531 462.437 483.218 632.468 647.968 708.812 732.718 764.437 816.031 822.687 837.812 839.593 845.250 943.250 1003.843 1035.500 1126.937 1151.562 1187.000 1197.218 1351.656 1362.875 1391.281 1412.812 1483.562 1489.218 1541.562 1547.125 1567.343 1752.375 1772.031 1801.062 1818.125 1905.500 1925.343 1939.500 1942.812 1946.687 2080.625 2094.125 2104.687 2300.406 2310.468 2311.375 2325.000 2333.468 2347.750 2405.843 2421.250 2626.968 2995.187 3007.812 3013.843 3175.593 3195.500 3285.656 3332.531 3336.625 3385.687 3386.750 3406.562 3452.750 3637.781 3700.937 3720.187 3893.250 3914.875 
13.906 47.406 56.156 78.031 134.687 148.656 157.468 159.781 165.031 183.625 188.125 229.312 378.468 383.656 388.937 407.375 417.000 423.406 431.250 466.062 469.375 470.093 516.281 527.312 627.906 651.187 709.187 774.531 778.812 853.250 882.312 883.125 1013.312 1031.843 1044.500 1059.906 1124.968 1134.812 1244.656 1259.750 1350.875 1359.468 1364.000 1366.781 1380.468 1406.437 1409.312 1470.281 1494.656 1544.218 1545.437 1584.468 1693.906 1724.062 1764.406 1895.250 1935.312 1946.562 1960.218 2063.468 2116.437 2121.562 2208.593 2230.000 2630.156 2690.718 2703.718 2715.312 2773.218 2787.750 2789.312 2801.562 2803.343 3040.906 3060.218 3077.187 3079.093 3100.468 3116.125 3127.875 3140.312 3289.406 3292.218 3342.656 3359.812 3570.656 3578.593 3580.468 3604.875 3610.687 3613.156 3623.468 3627.625 3691.375 3712.562 3732.343 3758.218 3930.250 3955.468 3957.218 3982.781 
47.187 136.093 149.750 292.937 338.000 400.843 466.250 475.281 757.156 774.500 838.625 849.968 871.250 943.250 943.500 996.468 999.156 1015.656 1129.468 1187.875 1364.812 1397.406 1472.937 1489.531 1504.687 1551.968 1687.781 1722.437 1732.593 1746.906 1753.656 1900.937 1925.062 1946.875 2125.812 2156.750 2179.343 2182.125 2202.875 2224.062 2257.406 2307.656 2458.562 2486.656 2725.937 2795.250 3332.343 3689.781 3791.187 3913.156 
48.343 55.375 71.125 79.406 136.531 180.750 184.031 189.531 214.968 231.093 236.687 242.750 243.468 251.687 254.875 255.875 308.031 415.406 476.593 540.093 552.125 675.875 869.218 877.625 978.812 990.500 1034.125 1159.062 1161.687 1167.750 1170.531 1228.000 1248.312 1318.906 1328.125 1379.343 1390.250 1473.656 1541.375 1556.906 1573.187 1575.781 1611.000 1674.031 1692.468 1770.968 1775.375 1839.281 1908.437 1924.343 1935.687 1966.250 2123.125 2128.093 2143.687 2449.468 2464.593 2537.437 2787.187 2800.968 2809.718 2821.750 2847.312 2852.218 2854.562 2893.687 2908.593 3174.031 3370.812 3382.750 3557.218 3660.343 3703.968 3709.531 3863.093 3939.875 3952.562 
31.375 41.125 65.375 174.281 186.937 211.656 237.468 244.937 253.312 272.531 284.312 284.906 383.875 407.093 449.218 604.718 753.093 794.468 810.062 812.843 877.468 944.343 954.718 1009.531 1145.718 1149.218 1187.031 1192.062 1211.312 1380.343 1384.093 1445.750 1459.812 1491.937 1498.281 1557.156 1580.312 1591.250 1613.000 1681.562 1724.437 1790.343 1797.656 1828.781 1936.156 1947.281 1975.812 1987.281 2070.281 2240.312 2266.406 2646.781 2672.312 2674.187 2674.718 2783.687 2827.281 2828.531 2840.937 2899.843 3192.531 3208.312 3215.125 3237.750 3268.437 3613.968 3621.343 3630.062 3739.062 3750.843 3780.500 
74.187 159.687 166.500 184.687 191.468 235.250 248.125 293.312 313.937 394.468 403.875 414.812 471.000 533.000 648.437 670.468 705.718 716.625 730.156 751.468 773.187 932.218 943.187 955.375 958.031 1122.843 1189.093 1224.125 1234.968 1245.250 1323.187 1459.187 1470.250 1487.656 1563.687 1583.125 1589.750 1671.281 1692.562 1716.187 1752.625 1761.468 1837.718 1922.468 1950.250 1965.875 2187.343 2243.468 2279.312 2405.187 2419.156 2437.093 2439.656 2472.500 2494.187 2502.218 2511.531 2735.281 2819.562 2878.875 2938.968 2979.468 3436.218 3450.343 3459.312 3529.750 
27.218 39.656 50.406 99.281 236.375 246.562 252.968 259.000 309.718 389.875 396.281 419.593 445.593 615.062 669.906 754.281 802.437 835.281 1012.906 1189.000 1236.750 1254.968 1334.968 1365.187 1471.093 1483.062 1496.562 1562.812 1567.781 1670.500 1712.625 1721.062 1765.093 1827.375 2157.968 2222.187 2428.000 2457.312 2520.968 2543.406 2739.968 2820.250 3025.718 3213.125 3237.781 3392.593 3450.031 3462.468 3677.500 3844.687 3876.937 
29.437 39.812 52.250 155.906 182.468 188.750 303.812 312.093 391.968 419.343 501.156 539.218 626.562 802.062 809.718 923.562 1003.531 1026.125 1122.031 1134.156 1150.093 1319.531 1322.687 1348.937 1393.843 1402.750 1454.218 1477.187 1487.843 1492.250 1527.812 1554.375 1585.281 1672.750 1684.812 1706.406 1758.375 1797.718 1799.843 1917.500 1929.062 1950.406 1964.218 2068.875 2100.718 2406.750 2412.843 2651.906 2676.656 2744.812 2826.062 2860.125 3108.250 3146.781 3178.125 3194.125 3285.000 3471.312 3473.562 3612.843 3621.812 3634.218 3645.906 3731.500 
