28.343 38.375 49.843 52.468 251.437 259.093 259.687 265.968 293.500 318.031 358.875 439.750 465.062 473.687 632.031 637.625 653.250 671.000 706.656 770.687 878.531 881.593 887.093 898.937 945.562 1057.125 1061.187 1070.781 1097.656 1265.906 1355.500 1379.500 1411.375 1440.218 1755.187 1957.125 1957.375 1961.906 2030.500 2055.093 2104.406 2115.750 2549.250 2621.906 2891.250 2903.312 2938.875 2947.156 2974.687 3059.218 3373.718 3519.625 3552.312 3552.531 3557.750 3559.437 3579.625 3608.656 3934.531 3948.656 3951.000 3977.343 
44.656 73.500 123.281 218.218 271.875 309.593 326.093 384.406 459.343 469.625 485.468 638.812 650.968 865.468 871.000 878.437 1059.406 1074.218 1095.562 1357.062 1364.343 1418.250 1625.406 1791.531 1944.750 1988.656 2033.312 2068.656 2577.156 2593.093 2864.625 2876.406 3148.875 3161.218 3410.250 3414.500 3529.312 3600.187 3865.312 3879.375 
44.531 55.531 138.093 206.468 236.406 257.531 282.406 303.250 312.375 445.062 461.437 472.000 499.843 639.281 648.062 662.093 914.812 1111.781 1137.250 1158.000 1230.500 1243.968 1249.000 1250.343 1365.218 1373.531 1614.031 1622.125 1639.281 1766.875 1784.875 1974.281 2014.625 2019.906 2031.843 2225.625 2233.843 2290.750 2561.406 2566.312 2572.125 2603.875 3042.437 3322.500 3995.906 
58.906 227.968 244.093 267.156 299.906 303.281 462.812 470.437 472.531 496.000 637.875 646.406 660.125 689.437 899.281 909.437 937.218 952.062 954.468 983.625 1064.062 1070.593 1079.281 1320.656 1389.000 1400.468 1763.781 1779.375 1798.062 2032.812 2390.031 2395.250 2473.312 2475.437 2596.937 2900.156 3071.625 3102.875 3112.343 3118.906 3120.250 3152.250 
228.375 240.187 266.031 331.906 474.781 475.656 482.437 577.375 682.125 706.718 814.437 887.281 892.843 901.375 1056.750 1065.562 1351.062 1352.031 1360.812 1367.718 1419.156 1422.156 1444.843 1446.250 1776.687 1783.593 1801.656 1868.468 2047.375 2487.406 2519.562 2581.281 2595.937 2632.625 2657.625 2770.000 3005.125 3265.656 3293.656 3337.812 3449.312 3641.718 3841.000 3847.437 
173.187 202.687 292.406 383.031 480.781 493.687 497.562 529.156 648.000 651.343 668.781 909.906 966.031 971.593 982.125 1063.656 1075.781 1265.437 1266.593 1325.156 1381.875 1392.031 1417.531 1454.718 1517.406 1521.218 1549.156 1753.562 1762.843 1778.187 1780.406 1810.093 1875.250 1911.500 1922.281 2023.375 2185.406 2196.687 2205.812 2473.843 2478.312 2488.218 2504.968 2515.875 2577.093 2586.812 2587.437 2649.718 2664.687 2873.812 2882.718 3103.312 3107.843 3196.156 3446.531 3455.031 3476.156 3664.531 3668.625 3680.593 3727.468 3750.812 3756.093 3761.781 3823.250 3827.312 
19.906 28.687 141.937 142.468 148.937 170.343 317.062 484.312 500.437 721.312 781.625 904.250 910.812 925.750 1088.187 1252.750 1336.718 1418.968 1657.968 1759.718 1763.625 1776.218 1857.562 1865.593 1869.593 1923.031 1945.562 1965.000 2385.000 2411.906 2417.843 2428.281 2620.156 2763.343 3817.093 3925.187 
4.906 90.125 153.125 250.406 321.062 404.437 407.156 477.593 530.031 624.468 630.625 1047.468 1169.156 1243.593 1364.750 1374.218 1447.125 1516.093 1547.218 1754.843 1759.812 1770.656 1788.187 1857.312 1948.718 1952.656 2445.906 2448.937 2471.437 2488.093 2579.937 2874.343 2880.125 2942.062 2978.312 3029.562 3053.812 3169.500 3252.093 3426.843 3447.562 3473.468 3480.031 3510.875 3773.250 
68.375 79.406 171.812 204.312 273.875 278.875 293.968 302.437 322.062 329.406 339.312 458.375 466.312 477.312 504.281 510.500 539.656 649.218 662.656 672.281 785.406 885.593 889.000 895.312 908.312 952.343 1028.218 1035.625 1041.406 1180.343 1187.406 1240.906 1333.156 1381.125 1386.843 1404.906 1458.625 1592.625 1630.031 1757.281 1770.343 1780.531 1869.375 1925.812 1947.343 1950.000 2020.812 2024.187 2027.687 2031.000 2102.250 2341.843 2389.718 2409.125 2418.218 2462.843 2490.031 2642.812 2659.187 2912.312 2984.875 2988.937 3004.125 3025.000 3140.937 3195.062 3280.656 3302.062 3568.781 3603.718 3766.906 3988.375 
59.343 60.062 139.718 177.531 406.375 552.250 568.125 574.781 578.718 599.250 652.968 664.718 683.562 823.968 934.625 1032.531 1039.937 1067.656 1248.406 1761.875 1764.718 1773.593 1783.406 1841.500 1860.718 2007.156 2008.781 2015.093 2025.062 2228.000 2275.875 2314.625 2560.687 2568.187 2583.937 2628.031 2638.500 2683.750 2788.218 2829.562 3055.187 3148.468 3206.500 3209.125 3247.968 3263.000 3275.781 3296.875 3419.406 3446.781 3533.093 3543.187 3745.437 3806.031 3826.031 3925.156 3992.656 
