16.437 21.468 324.718 370.625 465.656 466.437 482.312 507.812 529.125 621.250 707.437 716.062 829.937 848.875 879.218 883.375 896.125 902.500 952.500 1090.468 1130.406 1256.843 1309.031 1327.437 1336.093 1347.437 1461.218 1466.031 1473.625 1482.562 1501.781 1670.250 1677.343 1690.281 1773.406 1836.000 1862.875 1932.250 1947.312 2004.468 2151.468 2364.062 2393.625 2690.437 2706.750 2825.468 2832.656 2893.125 2913.187 2925.125 2935.437 2939.343 2951.500 2952.625 3020.656 3028.343 3146.562 3162.656 3299.593 3607.062 3613.500 3660.781 3702.562 3733.937 3736.250 3744.968 3790.718 
34.000 53.125 223.593 261.500 294.000 299.312 334.437 364.093 388.031 417.843 453.312 534.281 556.718 557.531 559.906 584.718 629.562 633.062 665.718 714.968 715.968 735.656 773.468 842.187 897.593 910.656 916.875 929.000 951.312 971.531 991.906 1000.656 1071.468 1095.125 1246.312 1296.781 1297.781 1312.343 1364.500 1417.062 1479.781 1564.656 1605.906 1630.187 1636.843 1650.281 1658.781 1798.218 1833.312 1953.375 2191.593 2206.187 2222.968 2347.875 2357.406 2366.625 2496.187 2541.125 2557.093 2608.875 2625.500 2786.250 2800.406 2823.687 3224.375 3246.968 3253.187 3262.093 3291.625 3307.156 3309.781 3354.687 3355.562 3373.812 3381.812 3601.593 3612.656 3630.468 3844.968 3923.312 3960.125 
206.093 209.500 217.781 258.437 317.093 390.625 464.187 478.843 479.968 550.000 555.593 585.093 624.687 641.718 651.281 664.250 691.812 694.906 700.718 724.468 740.093 836.937 893.406 898.406 919.875 978.437 981.093 1006.625 1074.093 1080.406 1130.000 1249.281 1263.250 1302.906 1313.718 1341.093 1350.906 1433.750 1457.156 1554.250 1572.000 1594.031 1619.156 1790.093 1839.781 1842.156 1843.000 1920.500 1937.968 2074.781 2284.500 2302.000 2420.343 2430.531 2696.218 2877.593 2884.468 2892.125 2905.937 2929.937 3027.781 3056.531 3177.562 3276.937 3599.562 3790.093 3834.718 3842.625 3857.906 3887.031 3907.031 
61.968 128.625 131.718 137.968 159.312 205.531 223.375 232.250 264.000 267.562 277.781 399.375 423.843 454.562 528.187 558.687 649.031 655.750 739.218 773.656 826.406 833.500 848.968 921.750 937.968 1100.218 1115.656 1121.187 1251.968 1255.468 1274.125 1280.781 1295.625 1299.968 1422.093 1609.343 1749.468 1760.906 1816.062 1850.187 1857.843 1882.625 2399.843 2431.125 2458.312 2495.187 2673.093 2751.375 2759.812 2770.937 2784.625 2796.500 2860.718 3055.406 3099.312 3126.000 3156.156 3162.843 3179.312 3189.593 3200.156 3234.718 3260.750 3361.343 3384.781 3626.781 3638.781 3661.718 3681.062 3685.406 3932.750 3960.093 
53.437 64.343 81.718 127.812 145.312 151.687 155.000 210.250 231.093 246.156 253.562 267.937 287.593 301.906 388.281 400.843 442.000 489.437 524.312 527.687 585.781 596.687 610.875 639.968 650.375 678.500 694.906 701.843 814.343 819.750 825.718 839.875 911.281 918.687 981.312 995.125 1099.250 1133.531 1229.687 1247.812 1265.125 1301.062 1439.468 1446.312 1482.281 1611.750 1622.875 1672.656 1690.625 1745.125 1803.062 1829.062 1853.468 1863.968 1936.750 2069.468 2205.625 2295.281 2307.968 2596.031 2610.312 2753.875 2832.375 2851.906 2870.687 2910.812 3064.843 3400.250 3587.531 3587.812 3662.281 3687.625 3744.843 3910.843 
38.468 61.843 65.968 120.125 141.812 148.000 149.281 251.031 271.656 288.250 296.437 301.437 366.281 394.312 411.375 442.718 516.875 538.656 547.812 562.343 575.375 586.000 600.187 662.062 676.937 831.937 842.625 910.031 1093.031 1105.593 1138.031 1240.937 1255.875 1305.062 1313.093 1448.250 1454.187 1478.156 1494.875 1531.437 1562.781 1581.500 1585.312 1593.562 1763.406 1809.718 1835.843 1888.937 1923.562 2086.593 2093.500 2117.500 2695.531 2698.250 2720.781 2850.750 2898.843 3053.843 3056.406 3386.468 3523.812 3542.968 3551.156 3708.937 3709.218 3853.218 3911.187 3915.468 
65.562 89.343 130.968 147.093 165.281 229.218 236.437 255.718 272.562 297.250 300.093 387.593 401.562 441.562 467.125 471.062 496.312 515.500 558.437 611.937 625.968 661.218 686.875 705.250 772.437 808.062 831.187 864.937 990.000 1083.281 1092.968 1268.718 1313.125 1448.375 1478.437 1559.125 1610.218 1724.187 1764.500 1828.531 1845.875 1898.718 2145.718 2148.187 2340.250 2460.218 2462.906 2489.281 2519.281 2531.187 2553.968 2561.156 2562.843 2746.312 2798.718 2804.750 3092.093 3100.812 3101.500 3120.625 3755.031 3794.500 3878.968 3988.843 
51.218 72.093 86.906 137.968 140.437 217.031 244.718 266.312 294.187 345.937 404.375 412.125 523.156 557.312 574.750 650.062 665.968 676.312 728.875 731.593 774.468 809.875 818.187 819.875 849.437 904.625 913.843 965.281 1128.437 1253.500 1270.906 1284.843 1322.562 1325.718 1362.625 1525.062 1669.343 1721.562 1832.718 1887.937 1932.500 1941.656 1944.843 1964.343 2159.218 2486.812 2513.718 2533.656 2574.718 2613.843 2621.906 2623.156 2819.937 2864.937 2963.468 3004.281 3142.093 3374.937 3420.031 3460.750 3968.156 3983.875 3984.406 3990.093 
58.343 63.968 75.000 129.437 143.031 216.343 217.718 248.312 261.593 267.625 273.093 281.562 289.937 308.781 397.781 415.750 468.843 515.281 522.656 553.093 647.968 654.906 674.218 724.375 731.000 732.375 743.187 781.625 827.062 862.375 914.281 924.781 1091.062 1122.750 1260.531 1278.781 1430.531 1475.437 1496.250 1596.656 1598.968 1632.062 1706.968 1839.375 1921.343 1926.375 1957.187 1964.531 2148.093 2155.656 2696.906 2714.781 2720.687 2725.875 2739.187 2752.000 2781.062 3069.093 3097.875 3119.000 3276.500 3479.156 3706.531 
0.875 44.125 251.906 272.906 396.281 528.781 546.718 559.593 612.031 647.343 832.750 838.218 846.218 940.750 962.812 1142.406 1149.843 1241.625 1252.093 1274.125 1318.218 1431.093 1454.625 1485.500 1494.625 1784.656 1818.125 1837.468 1843.437 1916.375 1927.843 1939.625 2040.437 2479.750 2494.625 2528.000 2569.781 2581.406 2828.750 2904.781 2921.187 3008.343 3220.000 3851.312 
