27.656 33.531 68.093 91.187 215.625 221.218 278.312 427.625 455.812 500.875 530.875 562.875 593.937 672.062 766.250 766.906 820.375 835.218 870.156 938.093 1002.187 1023.843 1055.812 1059.156 1135.000 1154.718 1188.781 1203.718 1340.843 1434.156 1503.968 1508.968 1522.312 1632.437 1645.281 1658.937 1683.218 1699.750 1757.000 1816.250 1821.531 1830.406 1839.906 1884.625 1952.750 1960.000 1960.343 3225.875 3937.593 
23.562 52.906 81.250 149.718 217.968 222.843 277.250 302.812 327.687 385.250 443.750 455.000 503.968 529.906 574.906 578.187 594.875 612.812 622.250 627.250 646.000 751.281 751.937 769.312 811.312 826.562 869.250 870.031 898.437 937.781 968.906 1001.187 1012.312 1020.562 1047.968 1093.031 1143.937 1152.656 1177.375 1197.562 1270.687 1274.000 1285.468 1389.312 1413.062 1423.781 1521.937 1658.968 1701.562 1704.812 1713.125 1718.781 1788.250 1796.281 1815.500 1959.000 1980.281 1981.906 2749.156 3014.562 3028.968 3379.500 
26.562 34.562 42.937 69.625 76.187 150.625 278.031 320.125 384.406 388.937 429.125 448.968 495.562 623.625 672.187 725.625 766.156 783.375 833.468 868.875 920.406 923.062 924.718 1002.875 1019.531 1031.718 1033.218 1116.968 1144.781 1171.156 1194.656 1267.968 1277.156 1285.312 1359.281 1401.312 1411.875 1432.687 1505.500 1522.000 1645.812 1661.218 1732.250 1800.593 1818.562 1878.000 1900.312 1950.937 1952.562 1982.968 2258.562 2491.187 3856.781 
16.531 18.000 28.281 43.468 75.562 98.687 126.531 195.531 276.968 279.906 327.937 382.375 383.437 425.250 426.437 501.875 507.250 526.656 721.562 763.843 775.812 801.000 875.750 1020.031 1130.156 1135.625 1174.500 1187.656 1203.843 1242.218 1338.500 1342.656 1363.437 1376.718 1377.750 1423.343 1433.500 1516.875 1592.625 1624.031 1647.281 1689.687 1723.687 1746.812 1817.968 1938.406 1982.031 2852.656 3143.781 3268.406 3597.812 3602.781 3639.281 3807.031 3813.812 
27.875 35.500 53.312 63.125 67.937 81.687 146.062 146.562 184.437 328.750 371.812 385.000 422.093 424.937 456.437 494.406 504.062 613.093 637.750 725.031 736.625 765.031 781.062 865.625 992.125 1054.187 1136.437 1160.781 1187.593 1202.375 1274.031 1284.562 1333.812 1344.187 1445.750 1520.906 1529.656 1614.343 1657.375 1682.625 1713.531 1739.468 1750.218 1766.375 1806.437 1817.281 1887.250 1901.562 1938.781 1959.500 2279.937 2283.468 2529.125 2539.937 
14.531 18.937 19.500 36.218 53.218 85.906 86.656 90.812 123.812 188.125 220.343 297.906 332.531 391.156 424.718 453.281 455.625 501.156 516.125 527.218 576.187 592.250 671.437 683.281 752.656 765.312 767.968 835.531 873.437 931.750 965.593 974.093 1033.187 1054.531 1094.718 1130.375 1141.062 1184.250 1274.875 1343.687 1347.218 1389.312 1401.187 1403.656 1430.031 1445.875 1511.031 1527.312 1613.656 1615.062 1683.093 1715.437 1750.281 1796.687 1817.468 1830.968 3099.906 3317.437 3452.937 3517.687 3580.687 
16.250 17.125 22.000 43.406 145.625 170.125 219.593 223.406 278.062 295.281 450.468 482.187 526.656 625.062 644.531 725.687 769.687 782.093 821.406 836.750 1011.468 1446.375 1520.156 1529.343 1620.968 1644.625 1704.500 1736.906 1790.875 1804.750 1885.375 1949.250 1960.343 1973.593 2334.750 2951.218 3738.625 
13.531 17.218 43.906 425.406 473.718 503.531 525.250 527.031 531.187 620.343 626.218 626.906 738.406 763.093 781.062 938.625 960.437 1063.375 1193.343 1320.875 1426.062 1616.906 1644.406 1681.593 1748.625 1800.937 1840.250 1940.031 1952.093 1970.718 2615.750 3651.906 3668.781 
21.562 42.843 52.656 121.656 384.000 385.937 428.031 516.218 753.062 769.093 926.343 1371.093 1680.625 1724.750 1752.656 1815.437 1830.281 1831.125 1939.843 1983.125 3940.875 
16.968 23.906 73.531 83.000 223.718 279.968 326.125 362.875 474.281 493.781 504.062 517.031 595.562 620.687 644.093 684.000 725.906 765.718 767.937 809.250 883.437 1058.562 1092.750 1134.187 1139.812 1188.781 1202.281 1342.375 1630.656 1645.062 1652.062 1740.500 1749.500 1758.718 1799.093 1831.656 1938.812 1960.093 3947.000 3950.281 
