50.937 79.531 173.875 278.843 300.375 314.250 316.437 341.031 367.500 405.406 411.156 445.062 488.375 496.125 516.531 588.531 593.406 620.625 627.562 657.812 733.875 859.406 937.156 1018.656 1048.812 1052.687 1058.718 1140.687 1236.218 1404.843 1423.562 1445.687 1449.500 1657.250 1692.625 1714.000 1715.312 1721.406 1727.312 1787.562 1921.343 1950.312 1959.750 1977.281 1989.187 2519.312 2763.968 2770.687 2773.625 3163.531 3293.687 3294.531 
51.031 66.750 67.906 297.937 299.343 336.062 404.781 444.531 473.625 485.562 496.656 593.500 620.718 698.718 856.031 879.937 905.656 911.656 948.093 982.906 988.343 1137.937 1187.281 1197.312 1205.281 1210.718 1235.812 1321.625 1351.093 1382.531 1403.906 1407.625 1562.000 1569.062 1656.000 1740.687 1787.781 1843.156 1858.531 1894.125 1918.750 1922.218 1958.843 1979.750 1992.156 2431.687 2437.343 2454.968 3383.250 
41.468 50.406 52.468 82.062 119.156 164.937 271.750 278.218 325.031 342.500 406.406 449.281 492.531 517.406 588.000 665.437 704.687 729.156 753.968 905.593 937.250 943.500 1019.906 1058.687 1191.531 1206.750 1237.812 1252.187 1324.062 1347.968 1393.906 1401.437 1406.781 1446.218 1561.968 1659.531 1667.218 1713.125 1713.875 1721.593 1740.437 1741.812 1747.187 1790.250 1852.000 1864.468 1891.343 1892.250 1922.531 1955.531 1990.125 2184.437 2533.406 2636.250 2731.781 3365.000 3705.000 3814.687 
44.656 50.562 271.437 281.062 281.875 294.531 316.906 344.218 345.625 410.250 428.000 442.093 587.937 614.625 659.781 696.906 752.625 845.500 880.531 910.187 1134.437 1137.937 1236.093 1251.000 1284.031 1338.906 1399.625 1407.125 1448.125 1561.906 1665.156 1715.343 1752.000 1777.031 1855.406 1879.968 1902.437 1919.000 1925.093 1948.406 1985.906 2396.593 2707.250 3838.062 
20.875 37.312 67.218 76.593 84.375 109.281 117.937 135.718 180.750 198.000 259.000 293.718 297.093 325.656 343.187 405.343 427.531 442.406 450.500 621.312 662.218 702.437 903.375 937.906 972.125 1018.187 1152.218 1188.968 1190.687 1193.937 1371.875 1380.343 1406.000 1437.468 1536.843 1560.937 1590.281 1892.625 1932.343 1954.062 3196.187 3196.437 3475.343 
30.000 67.843 112.531 128.093 278.187 345.875 406.562 411.593 426.781 606.031 651.250 660.218 699.343 716.500 839.031 920.531 944.250 1059.718 1140.718 1220.000 1240.656 1380.500 1404.843 1518.375 1522.281 1713.875 1741.562 1775.375 1918.656 1950.593 2743.531 3678.781 
38.843 46.062 82.937 311.312 484.843 589.062 873.312 942.875 1010.000 1057.375 1236.718 1243.062 1347.125 1359.625 1403.375 1658.093 1717.093 1846.781 1870.562 1905.937 1947.687 1957.250 1979.812 2786.656 3022.937 3138.937 3141.437 3583.156 
52.312 68.187 123.562 180.718 278.687 301.437 316.906 516.781 660.593 937.281 988.562 995.218 1235.343 1251.093 1319.937 1406.500 1657.093 1662.812 1705.500 1715.125 1740.656 1904.156 1943.656 1953.750 1979.500 2361.500 2710.875 2867.000 2869.062 3036.750 
52.500 82.718 135.500 173.687 281.593 296.906 316.125 332.937 527.687 588.187 590.031 663.031 865.687 883.093 905.000 1016.750 1184.031 1236.000 1334.437 1437.781 1518.375 1563.000 1666.156 1691.093 1713.968 1741.750 1755.500 1787.781 1844.875 1872.625 1901.250 1919.187 1923.875 1986.000 1988.281 3251.531 
19.562 50.218 81.968 88.781 115.500 129.031 246.468 282.750 315.500 316.468 455.093 518.312 587.468 717.031 734.062 763.937 852.406 859.500 906.781 1020.781 1245.906 1323.093 1394.437 1399.437 1406.687 1588.875 1719.156 1720.187 1918.250 1945.375 1948.437 1977.343 1978.968 1983.781 2444.750 3252.937 3257.343 3260.812 3577.781 3581.000 3789.968 
