490.968 543.562 647.718 664.437 679.312 828.531 1055.281 1299.437 1631.718 1689.031 1697.500 1743.937 2108.656 2138.125 2141.875 
-522.782 -514.375 489.656 492.843 621.437 680.937 1219.343 1600.468 1764.250 1903.281 2112.937 2140.187 2224.281 
-123.844 157.218 188.250 489.531 544.375 558.031 682.750 768.625 785.500 1230.843 1904.562 1946.562 1963.468 2108.187 2205.812 
491.500 844.093 874.812 876.687 917.718 949.500 983.750 1034.593 1119.750 1227.406 1227.625 1311.031 1330.531 1694.031 1701.625 1722.781 1736.968 1743.093 1761.031 1762.937 1856.125 1863.218 2081.468 2082.093 2084.250 2095.406 2119.468 2141.000 2148.687 2205.062 
180.812 562.625 642.875 646.000 688.531 744.156 808.125 838.093 983.218 1122.093 1510.531 1572.843 1627.968 1760.656 1824.437 1913.062 1928.687 1956.375 2076.406 
36.875 490.000 541.781 680.187 1121.750 1215.156 1649.906 1682.968 1688.593 1691.406 1706.312 1824.937 1894.906 1956.875 2138.937 
-814.063 283.156 491.031 607.375 765.687 803.281 849.718 993.718 1303.968 1572.281 1719.250 1893.906 1964.218 1964.843 2078.937 2111.156 2139.656 2216.437 3358.593 
23.468 27.593 174.281 490.343 500.156 613.062 745.125 763.156 766.281 817.093 992.593 1023.750 1039.093 1216.375 1219.062 1399.843 1583.406 1638.656 1900.187 1912.281 2106.062 2108.031 2140.968 2162.812 
41.218 297.281 443.468 490.250 497.906 559.062 562.906 615.625 622.781 645.562 671.312 680.718 744.281 878.000 935.156 996.375 1001.000 1223.906 1567.187 1677.031 1677.937 1732.031 1760.531 1764.031 1895.562 1915.406 1924.562 1927.562 1964.156 2067.656 2081.093 2083.156 2095.250 2207.062 
33.781 42.406 156.718 490.562 502.062 504.562 541.187 559.343 560.437 571.968 615.093 617.281 726.625 1057.406 1060.187 1323.187 1480.281 1696.812 1899.906 1914.437 2075.718 2149.593 2212.031 
