33.312 69.781 351.531 484.687 1045.406 1062.718 1068.843 1394.093 1438.875 1476.062 1510.062 1556.343 1558.250 1560.187 1575.062 1605.031 
-1336.157 -1162.157 117.843 222.968 258.375 501.812 521.281 541.750 582.062 642.656 890.062 1044.531 1046.031 1496.343 2513.843 3441.468 
-1753.563 -1727.094 316.000 345.000 349.437 350.562 357.718 467.906 480.718 495.500 1039.437 1045.500 1075.750 1205.000 1354.750 
149.312 497.656 1010.437 1087.406 1559.062 1572.093 1577.437 1652.093 
-728.594 70.000 95.718 118.468 136.625 264.187 328.812 329.468 380.000 468.937 536.687 537.937 565.625 710.343 947.375 1049.906 1477.593 1478.750 1571.687 1597.656 1600.062 
59.343 82.937 128.031 243.656 265.125 327.125 348.500 482.562 493.375 496.375 528.718 643.093 644.281 890.218 891.437 943.468 1008.218 1008.968 1017.468 1035.625 1047.250 1051.968 1192.750 1439.156 1541.281 2357.750 3016.250 
26.968 27.937 81.750 96.718 105.156 126.906 300.562 327.750 449.500 522.531 524.656 890.375 1364.375 1438.968 1589.656 1614.562 
69.031 72.000 99.750 108.875 198.531 210.250 262.687 422.031 471.406 478.093 479.812 483.625 868.593 1022.250 1518.968 1632.750 1635.218 
55.593 269.750 398.906 489.343 538.312 539.375 642.781 888.437 1009.468 1305.718 1503.531 1574.218 1631.031 1632.187 1964.281 
27.843 42.281 72.906 105.406 106.937 301.187 313.625 323.593 324.718 328.562 329.843 350.562 471.625 507.312 526.375 1117.531 1418.375 1558.562 
