10.812 11.875 47.406 82.031 96.718 104.906 128.375 154.968 229.500 268.187 278.812 492.500 559.875 567.093 581.781 696.968 715.906 725.281 754.093 843.031 843.281 1084.062 1117.093 1129.187 1142.625 1148.125 1295.062 1360.218 1653.281 1678.812 1789.093 1852.781 1883.281 1962.406 
11.000 155.250 283.781 381.593 575.500 738.718 749.000 793.125 1027.406 1062.812 1113.125 1136.031 1229.187 1350.375 1372.968 1412.531 1438.000 1559.000 1588.437 1637.625 1667.968 1772.437 1783.812 1851.937 1874.718 1882.375 
14.250 17.093 89.937 129.437 205.093 230.343 492.156 737.843 1027.156 1135.968 1177.781 1255.687 1350.218 1627.593 1668.375 1712.156 1717.937 1754.562 1852.031 1877.000 1917.531 
11.500 14.218 53.843 280.218 307.500 317.718 543.000 570.875 572.468 748.281 1027.687 1086.468 1109.937 1135.687 1201.062 1236.218 1262.875 1292.750 1361.656 1558.343 1701.062 1711.000 1771.750 1852.187 1935.750 1976.062 
14.187 48.593 81.968 161.968 174.312 205.500 231.125 266.750 310.125 316.250 571.031 675.875 730.312 737.843 1028.625 1092.468 1135.406 1137.437 1294.468 1438.125 1601.593 1652.875 1665.062 1715.500 1740.250 1773.875 1852.000 1873.687 1938.531 
15.593 18.437 18.687 154.718 230.281 307.281 493.562 541.812 649.875 733.781 740.031 759.937 793.125 841.968 882.375 1055.250 1063.218 1084.468 1143.093 1251.843 1349.187 1412.500 1437.812 1597.125 1769.500 1784.187 1852.031 1881.250 
12.531 81.468 107.625 128.531 161.343 266.250 266.875 550.312 568.187 579.468 720.500 732.812 793.500 841.468 1100.781 1135.781 1180.468 1294.000 1413.375 1436.562 1588.687 1663.093 1667.156 1717.468 1772.156 1788.031 1876.593 1881.593 1883.281 1964.125 
11.281 14.593 129.250 167.562 229.343 250.187 266.593 308.843 381.562 697.156 719.593 760.812 1299.062 1438.593 1557.875 1672.031 1713.750 1872.468 1881.062 
11.625 98.406 122.687 284.000 732.062 793.187 844.312 1063.156 1362.781 1600.718 1789.968 1937.781 
11.343 60.875 130.468 205.937 230.812 494.875 541.687 677.375 843.718 1065.343 1095.312 1562.468 1768.656 1783.625 1785.156 1852.218 1874.812 
