48.781 74.750 117.343 138.906 152.625 379.437 469.687 479.875 486.562 795.375 876.968 996.218 1015.718 1089.781 1251.281 1369.562 1526.781 1580.593 1693.031 1866.468 1889.875 1962.062 2721.812 2727.281 2741.656 3594.531 
76.000 150.656 327.500 338.937 380.687 478.218 605.187 660.781 795.156 811.468 1000.250 1028.968 1030.343 1089.031 1193.156 1255.093 1274.687 1312.218 1369.468 1496.500 1582.062 1955.812 2075.062 2094.750 2892.750 2895.406 2974.500 2974.812 3754.218 3754.468 3758.093 
47.875 75.250 196.906 381.531 467.906 481.906 604.312 795.156 811.531 876.968 1028.625 1078.750 1081.593 1194.500 1277.187 1304.437 1369.468 1500.593 1582.250 1694.062 1952.781 2003.125 2835.593 2846.093 3702.562 
150.375 469.281 577.531 602.500 664.812 796.343 811.906 1029.250 1088.562 1192.718 1248.562 1277.093 1473.593 1582.062 1949.281 2364.812 2396.625 3258.687 3258.937 3289.843 
76.250 151.406 380.687 469.156 493.812 544.250 662.000 761.750 811.750 876.906 1029.000 1582.062 1669.718 1680.437 1702.187 1711.562 1945.968 1959.750 2576.093 3415.656 
49.281 134.218 150.375 381.218 468.406 479.281 605.718 1029.468 1092.531 1277.156 1295.593 1313.750 1369.875 1499.937 1581.781 1693.031 1712.500 2209.312 2509.031 2821.437 2925.593 3040.343 3058.750 3134.281 3157.093 3354.031 3644.906 3923.906 
49.437 151.000 361.343 382.250 469.531 604.968 662.500 795.062 811.062 877.656 1276.687 1499.156 1582.062 2876.718 3792.937 3805.312 3806.750 
75.281 358.656 468.937 605.187 663.875 812.906 876.656 986.406 1028.750 1195.437 1278.406 1581.437 1837.750 2695.531 2697.031 3544.593 
49.562 479.187 605.500 880.843 1091.437 1277.312 1499.937 1582.062 1700.593 1866.593 1947.718 2730.031 3621.437 
49.406 138.406 151.750 381.250 468.875 605.406 796.281 811.375 812.593 1028.875 1074.343 1097.312 1249.062 1276.968 1278.218 1305.000 1370.531 1712.937 1864.906 1961.468 
