121.812 660.906 1070.687 1169.125 1475.468 1639.187 1915.375 2001.750 2847.593 2996.500 
41.500 270.656 389.812 479.656 653.968 666.468 829.281 1047.156 1070.937 1144.718 1168.937 1170.031 1447.281 1476.593 1566.093 2230.093 2239.781 3127.625 
110.812 654.875 858.437 1047.125 1071.687 1168.968 1475.562 1565.812 1640.218 1829.343 1839.093 1869.906 1887.781 1922.250 2700.312 2710.656 
271.406 363.687 383.375 653.375 665.718 1051.281 1071.000 1169.593 1220.593 1566.218 1667.625 1916.343 3058.937 3968.406 
109.687 270.750 654.437 665.968 1070.968 1169.062 1170.468 1221.968 1566.625 1640.343 1662.937 1919.187 2656.843 2669.187 3563.718 
28.781 30.343 360.843 654.468 1071.125 1169.125 1170.281 1193.125 1220.937 1445.750 1641.750 3703.937 
271.906 391.281 641.531 642.968 661.062 840.125 1048.687 1070.968 1566.656 1640.843 1920.718 2798.843 3494.031 3527.125 
110.812 208.375 389.718 1069.281 1169.906 1475.812 1566.375 1918.937 2967.656 3850.281 3867.187 
67.437 1047.781 1169.218 1171.531 1219.843 1476.031 1640.812 1667.000 1920.562 2774.968 2791.125 2983.406 3670.625 
387.156 654.937 839.968 1048.093 1169.531 1565.437 2133.187 3958.593 
