50.968 187.312 362.500 710.437 752.843 989.093 1125.468 1432.625 1742.406 
89.156 97.156 118.187 416.625 491.093 577.656 641.781 970.625 992.281 1436.250 1684.562 
41.718 78.343 211.156 233.375 317.375 362.906 763.593 885.187 917.343 995.468 1481.375 1630.625 1842.187 
247.593 426.125 607.000 712.812 781.781 846.625 929.906 966.937 1127.062 1130.531 
-1761.657 39.843 41.156 76.781 338.968 424.812 916.468 951.125 986.531 1011.593 1365.125 1433.906 1460.500 1636.218 1668.312 1683.000 1687.968 
23.656 45.937 54.656 333.093 436.312 452.593 516.500 743.031 775.593 1162.562 1177.468 1437.250 1669.437 
81.625 160.250 539.687 713.000 1121.718 1197.500 1574.875 1936.875 
51.937 181.031 197.156 234.250 247.968 431.562 531.343 611.531 856.593 1061.593 1285.531 1297.968 1329.187 1335.281 1582.343 1678.437 1712.750 3635.968 
123.687 318.406 320.218 507.093 582.093 619.968 662.187 712.093 853.375 1215.062 1358.062 1500.593 
20.718 189.281 236.531 349.968 423.750 711.593 905.656 995.000 1159.625 1222.281 1435.500 1462.500 
