37.437 431.218 433.500 435.406 526.406 818.031 884.250 1101.375 1149.125 1290.218 1329.093 1803.093 1953.718 
32.281 269.375 275.625 374.687 436.281 529.000 571.062 712.062 720.531 747.875 878.937 1053.406 1225.718 1329.406 1774.718 
28.500 272.125 278.375 374.781 437.812 442.468 443.875 524.750 885.937 901.218 1055.718 1309.468 1316.937 1635.218 
79.312 375.125 922.343 1133.750 1136.093 1223.125 1309.375 1852.906 1927.593 
28.312 29.375 37.375 443.218 1742.031 
294.343 897.531 1041.250 1149.312 1195.031 1315.406 1387.437 1973.156 
435.250 528.187 644.875 882.937 1130.406 1134.968 1333.062 1336.093 1468.781 1957.093 
374.531 883.531 1387.718 
41.375 440.281 1925.656 
25.968 436.000 1313.968 1732.750 1777.500 
