335.156 348.843 662.375 702.906 724.500 741.031 760.593 1077.281 1088.250 1099.468 1193.187 1252.656 1497.125 
344.406 476.781 702.687 1104.218 1252.468 1696.687 
365.062 467.062 770.312 1308.343 1733.218 1869.093 1881.093 
349.500 359.125 377.125 639.375 1294.812 1413.437 1744.093 
149.312 344.250 466.031 479.250 672.218 760.406 762.031 1082.781 1293.812 1503.250 1849.656 1870.093 
123.406 351.781 480.062 740.781 768.281 1099.937 1192.250 1693.781 1870.843 
334.000 355.500 660.718 768.000 924.531 1096.062 1370.812 3007.625 
123.343 337.406 353.656 354.250 358.625 366.250 478.750 725.375 1186.281 1304.281 
343.093 346.312 352.125 662.625 1295.125 1375.062 1868.750 
717.312 1088.500 1414.156 1492.156 1697.625 
