195.593 307.187 311.093 419.750 422.437 584.062 618.156 625.750 628.187 642.656 672.562 1077.718 1254.375 1259.625 1413.812 1417.843 1574.718 1798.218 1874.875 
179.625 291.218 625.718 1093.406 1151.968 1238.531 1415.562 1828.562 1831.218 
77.375 78.968 313.156 618.343 625.000 864.531 1087.437 1240.343 1256.500 1421.812 1436.531 1443.656 1802.718 1803.156 
73.000 179.312 200.187 205.687 306.750 309.281 309.781 626.250 626.531 791.812 864.312 1077.375 1083.250 1090.281 1237.687 1413.218 1417.937 1421.156 1795.906 
304.781 413.906 581.937 625.750 634.312 1237.968 1414.843 1418.875 1422.125 1921.656 1957.562 
127.437 184.625 306.093 582.375 625.812 631.093 1079.718 1082.031 1109.062 1238.062 1423.343 1811.531 
78.531 306.312 585.031 632.281 900.500 1240.250 1429.937 1461.500 1575.031 1744.312 1794.656 1808.500 1870.281 1872.937 
73.906 304.031 618.156 626.656 632.281 873.500 918.375 922.062 922.468 1083.687 1088.062 1240.343 1415.156 1416.968 1417.343 1440.812 1808.250 
298.843 307.218 384.750 397.031 618.593 701.906 792.281 800.375 803.156 1237.625 1423.156 
216.593 292.687 625.750 792.343 1085.031 1088.468 1108.937 1145.156 1261.437 1422.843 1492.718 1573.125 
