167.468 229.500 238.625 278.281 318.062 663.718 967.031 1105.031 1124.343 1569.281 1655.750 1656.093 1864.875 1915.687 1928.375 3567.218 
271.406 307.250 818.343 1087.687 1131.000 1145.437 1655.937 
195.156 714.375 725.531 1542.625 1922.250 
306.437 1098.812 1102.687 1114.906 1121.218 1661.437 1670.062 1918.093 1922.062 
151.062 314.437 1566.062 1908.843 
321.250 720.437 1124.343 1566.218 1908.750 1930.250 
165.718 194.812 292.218 305.218 313.500 376.968 813.750 1231.250 1651.875 1897.187 1908.812 1911.875 
1573.906 1664.500 1902.687 
195.625 322.750 713.187 1124.093 1466.281 1650.906 1661.625 1667.218 1863.656 1922.218 
368.343 382.031 391.093 820.343 1113.531 1113.843 1656.781 1834.062 1908.312 
