15.906 94.812 97.593 224.656 529.468 732.812 914.812 1644.687 1647.687 1771.875 
15.250 18.250 95.656 223.625 529.250 915.125 1645.718 1820.437 1952.156 
15.812 95.281 222.125 527.968 914.781 1393.906 1645.218 1795.468 
15.656 95.406 97.750 222.750 532.187 913.937 1098.250 1395.625 1645.500 1772.656 1963.500 2243.312 2287.062 
15.031 94.375 96.218 221.968 914.000 914.187 1098.687 1393.531 1645.218 
15.718 95.343 530.468 914.000 1393.875 1645.062 1647.843 
15.937 94.625 96.343 221.781 530.750 738.156 914.656 1394.187 1644.718 1648.093 1951.656 
16.093 95.687 97.968 222.968 736.406 914.718 1645.875 1868.781 
16.343 23.250 96.031 99.000 222.968 913.750 1393.312 1645.062 1865.593 
16.281 95.687 531.593 734.875 810.843 915.468 1645.125 1796.656 1952.375 
