12.468 49.812 244.937 260.906 507.468 727.218 802.375 804.843 1232.062 1300.593 1853.593 1856.375 
12.937 80.343 184.093 244.250 507.312 509.968 725.375 802.031 803.968 1232.843 1300.750 1303.312 
13.437 72.250 244.625 246.968 508.375 725.000 752.812 802.437 804.875 1232.500 1301.062 1303.312 
13.000 15.156 182.562 244.406 507.906 510.437 724.812 802.250 1232.250 1300.718 1303.031 1854.375 
13.062 180.281 244.093 246.375 508.062 725.687 802.218 805.625 1232.406 1301.687 1853.625 1857.593 
12.656 244.156 247.312 509.093 725.031 802.406 1232.968 1301.437 1854.125 
12.562 14.875 90.562 127.687 244.781 507.625 725.562 802.250 805.718 1233.093 1301.593 1854.156 
12.968 14.906 28.406 77.000 244.250 246.468 725.500 802.437 804.500 1232.125 1300.968 1303.031 1854.343 
13.343 14.937 47.937 90.312 244.187 507.531 802.375 804.625 1232.843 1300.937 1303.062 
13.062 244.218 246.000 507.750 726.843 802.312 1126.218 1234.218 1301.250 1304.031 1854.937 
