-1859.563 -1817.594 -1312.313 -1187.625 -1140.188 -838.407 -349.813 20.312 203.500 429.500 738.531 834.656 1033.406 1077.250 1251.781 1456.625 1459.781 1468.562 1885.718 1887.000 2051.437 2647.000 2655.500 
-1460.469 -94.438 -28.594 43.375 116.437 143.531 156.718 282.812 534.031 835.156 1243.562 1549.906 1604.687 1957.406 2045.875 2413.437 2586.031 3675.000 
-591.657 -580.000 -534.375 -507.813 -494.000 -461.219 23.406 25.593 77.625 471.187 1111.687 1343.625 1352.156 1411.156 1421.500 1428.218 1486.375 1842.093 3586.625 3916.218 
-1298.250 -1142.219 -852.875 -724.688 -703.719 -648.594 -583.188 19.218 20.906 47.375 68.218 346.593 439.500 482.093 509.843 558.468 566.500 645.062 847.406 932.843 993.062 1340.093 1360.093 1602.000 1746.656 1815.218 
-1846.500 -769.782 21.281 24.437 50.343 289.531 411.250 991.312 1194.968 1373.281 1501.687 1532.625 1603.625 2738.531 
-1603.375 -1391.469 -688.532 -669.157 -148.782 -87.407 21.500 60.375 256.656 270.062 340.406 436.875 782.250 791.312 926.093 941.906 1327.625 1367.968 1530.656 1726.031 1817.312 1866.750 1892.875 3195.343 3362.812 3650.156 3760.281 
-1535.500 -1511.250 -1483.688 -709.719 -438.000 21.312 22.531 36.312 74.093 112.156 283.156 295.062 316.593 1093.343 1194.343 1464.906 1478.843 1490.562 1602.437 1842.562 2057.031 3285.250 3678.093 3696.125 3883.343 3972.375 
-1958.782 -1917.282 -1889.657 -1811.532 -1790.469 -1766.969 -1741.813 -1587.938 -1256.907 -848.188 -846.063 -844.719 -731.657 -576.500 -374.407 -360.719 -18.375 14.093 18.406 21.937 22.968 214.062 260.906 299.250 365.687 408.562 497.718 668.875 699.843 743.906 865.937 992.281 1120.250 1138.781 1231.750 1233.437 1249.187 1258.843 1269.843 1317.843 1430.437 1516.500 1527.593 1549.500 1609.687 1744.406 1809.625 1822.156 1883.937 1919.812 2456.281 2649.343 3045.187 3546.468 3556.781 3562.125 3919.062 
-1954.625 -944.875 -895.000 -836.219 -800.250 -783.313 -769.219 -732.844 -723.282 -716.500 -655.125 -547.125 -503.000 -481.907 -445.157 31.906 40.750 279.468 376.468 427.093 462.687 464.781 565.593 600.625 668.906 732.750 776.875 800.906 861.281 875.937 913.500 920.968 938.500 953.593 972.625 1092.093 1144.250 1180.906 1259.687 1318.156 1332.718 1361.968 1453.968 1494.875 1527.718 1559.312 1588.843 1678.687 1709.843 1735.500 1771.906 1809.093 1819.687 1820.343 1836.468 1876.750 1912.000 1941.843 1968.500 1970.312 1994.843 2048.156 2833.437 2862.156 3546.937 
-1829.594 -1629.500 -1486.969 -1472.407 -1219.282 -1190.407 -571.719 -467.625 -439.813 20.750 21.625 25.968 28.968 31.125 96.062 110.437 190.125 216.656 259.312 389.593 390.937 417.468 439.250 458.250 470.000 527.843 562.000 661.281 736.906 913.781 1000.906 1007.562 1023.000 1053.625 1062.500 1119.187 1314.000 1315.312 1319.343 1414.281 1427.875 1465.937 1484.656 1662.687 1665.687 1719.250 1813.187 1820.687 1834.843 1840.437 1866.218 1876.500 1888.468 1924.812 1929.187 2010.781 2139.062 2175.093 2608.375 3753.281 
