-1692.125 -1523.657 -1094.407 -47.532 27.968 70.625 71.968 206.593 210.156 556.937 672.875 1253.375 1254.250 1269.968 1390.125 1393.031 1683.218 1829.250 1856.750 1874.593 2918.937 3249.968 3833.468 3922.718 
-1869.938 -1802.375 -1308.500 -866.782 -497.282 -285.625 22.468 321.906 404.750 411.031 734.156 1055.968 1155.093 1251.500 1367.000 1393.156 1526.031 1675.468 1692.562 1722.250 1959.937 2039.750 2592.500 2675.187 2705.437 3108.468 3212.750 3820.750 3947.375 
-675.125 -580.969 182.906 184.781 406.843 512.062 1059.250 1267.437 1333.593 1391.343 1443.781 1538.906 1700.062 1708.656 1940.000 2219.718 2433.031 2661.625 2835.437 3292.968 3306.187 3674.656 3830.281 
-1486.250 -1167.250 -1136.094 -558.469 36.281 83.125 402.468 408.125 625.375 789.750 835.156 871.562 1052.687 1493.781 1714.531 2007.375 3744.593 
-1110.563 -889.157 -851.563 -687.844 -158.219 -155.219 -142.438 -125.407 -96.125 383.250 545.093 978.531 1000.406 1216.656 1689.437 1764.718 1882.062 2268.531 2381.875 3156.468 3731.218 3755.843 3818.562 3915.125 
-1626.938 -1459.407 -1451.000 -1174.563 31.312 33.625 36.031 54.562 65.750 160.093 308.187 747.625 819.625 1392.062 1898.906 1906.312 1935.968 2090.406 2102.625 2240.312 2637.375 
-1213.000 -890.625 -710.938 -82.750 20.343 22.093 26.593 101.062 222.687 298.437 408.625 813.343 929.031 940.312 941.625 1072.625 1249.500 1255.968 1482.000 1855.656 1880.562 1936.593 2725.625 3287.562 3323.968 3796.687 
-1916.844 -1781.750 -1366.782 -623.407 -612.188 -545.500 -526.719 -502.063 21.187 21.781 57.500 96.062 151.281 152.093 400.000 470.312 491.468 526.687 559.375 658.812 945.218 1063.812 1088.875 1124.531 1128.531 1244.843 1249.187 1321.687 1376.468 1392.343 1526.312 1637.187 1644.281 1759.968 1766.312 1793.406 1794.625 1799.750 1861.562 1878.000 1970.156 2360.750 2362.468 2424.187 2678.843 3246.750 3331.968 3444.468 3604.968 3658.375 3826.031 
-1917.563 -1690.688 -1612.344 -1356.813 -1299.219 -1283.313 -1270.344 -1075.500 -1027.969 -1007.188 -815.875 -758.063 -78.250 25.406 43.187 52.875 66.531 334.437 354.625 403.156 411.812 943.968 1139.218 1168.468 1190.093 1242.781 1256.281 1308.375 1321.593 1356.656 1396.968 1455.656 1482.093 1563.343 1666.812 1685.468 1689.000 1695.968 1888.250 1916.437 1938.125 1940.062 1969.218 1976.906 2007.250 2045.718 2058.875 2061.437 2504.906 3254.750 3306.437 3523.593 3814.687 
-1984.844 -1980.032 -1694.344 -1671.250 -1142.469 -1117.594 -272.594 -185.500 -51.375 19.218 32.000 62.656 104.093 295.156 614.843 638.250 646.218 652.875 686.187 938.687 951.218 970.500 1003.562 1020.000 1040.062 1256.343 1322.281 1371.781 1393.093 1428.500 1455.000 1462.843 1721.718 1733.593 1772.468 1776.218 1899.062 1953.937 2025.406 2039.312 2061.781 2111.062 2118.656 2246.250 2466.156 2704.406 2713.343 2725.187 2733.781 3137.468 3139.750 3167.000 3201.562 3804.875 
