55.781 77.093 137.750 167.312 211.187 291.343 295.875 406.312 449.093 450.843 488.593 491.031 541.000 574.906 825.625 830.531 833.125 944.125 1056.343 1066.968 2225.437 2406.468 3637.218 
24.718 34.156 41.187 71.750 161.218 168.406 202.468 218.187 221.750 230.406 249.750 272.562 281.781 284.218 286.406 292.375 297.531 306.281 308.031 310.750 381.406 403.781 411.906 413.812 416.968 430.500 439.031 439.625 441.968 447.687 448.375 459.687 465.625 490.375 503.812 522.593 539.843 597.406 732.656 881.656 918.281 926.031 934.531 941.062 981.687 1030.968 1065.968 1102.781 1107.906 1125.468 2300.750 2516.250 3094.812 
42.281 69.125 71.156 150.875 220.718 221.343 222.125 273.968 288.875 291.750 301.812 309.875 418.218 427.562 430.093 449.437 587.125 605.500 765.125 776.406 803.562 806.062 821.937 823.062 919.000 924.062 927.468 939.875 961.000 1072.437 1112.906 1122.687 1130.187 1862.312 2114.250 2503.750 2882.906 3429.812 
24.875 45.375 46.218 48.156 56.218 166.437 216.656 252.781 294.718 310.093 327.125 404.718 423.281 424.156 424.343 450.093 456.312 534.468 756.218 770.593 805.281 831.968 917.812 925.156 926.906 928.656 940.875 1022.968 1027.312 1027.562 1102.500 1987.750 2163.718 2724.562 2905.750 
68.906 141.343 144.750 148.906 153.250 208.437 217.218 220.656 234.156 279.781 283.718 284.562 287.875 298.156 310.687 312.343 319.406 378.031 428.312 436.750 455.281 496.156 510.781 523.062 547.406 596.250 609.156 610.125 619.187 735.843 751.906 826.000 831.156 840.843 902.687 908.312 964.843 986.968 1103.187 1109.375 1121.062 1792.312 2084.781 2993.375 3180.468 3242.343 
79.406 130.031 151.000 152.125 229.062 248.187 279.593 280.437 289.093 296.750 308.812 309.406 311.156 410.593 415.593 419.343 428.218 431.562 473.750 491.937 521.937 552.312 596.062 604.718 625.187 735.500 765.156 788.406 795.625 820.156 831.406 897.718 898.625 909.500 961.437 1089.906 1094.750 1140.875 2145.906 2814.218 3036.437 3424.500 3773.187 3855.687 
63.750 71.781 82.812 132.062 133.875 234.312 236.312 284.531 309.906 313.312 322.375 381.812 405.312 420.468 446.750 636.156 729.187 732.187 799.062 808.812 824.250 910.843 921.843 991.781 1034.625 1082.656 1115.093 1121.937 1124.093 2332.312 2461.781 2542.562 2586.125 2647.906 2811.968 2812.843 2843.062 3615.593 3696.843 3771.531 3930.562 
25.531 36.812 47.468 62.500 128.000 255.906 279.187 307.343 309.312 309.718 311.000 312.562 313.312 381.343 385.343 417.343 431.968 436.625 446.781 447.968 459.156 522.093 557.375 560.281 725.687 730.875 787.906 807.218 815.500 832.968 916.968 933.468 945.468 1109.812 1122.781 1124.687 1127.562 1641.468 1768.906 2082.125 2245.000 2516.750 2632.062 2697.718 3279.875 3308.375 3332.406 3386.718 3639.312 3697.125 3948.656 
17.093 47.687 54.625 68.062 142.000 159.593 170.031 218.531 219.781 227.937 269.218 282.968 292.281 308.375 312.656 319.937 401.156 426.062 428.375 443.875 475.562 507.562 519.562 568.875 592.375 597.218 735.906 809.843 948.031 1011.156 1024.062 1035.906 1083.593 1094.156 1108.031 1616.718 1743.468 1959.687 2256.562 2980.125 3018.312 3059.968 3103.718 
17.187 50.000 56.468 210.562 214.500 268.781 269.031 276.375 281.781 306.000 309.375 313.156 313.500 395.531 415.875 417.906 425.062 428.406 433.125 492.906 521.343 534.937 541.656 569.718 595.875 608.281 638.187 727.593 740.750 822.937 823.500 892.968 929.343 940.593 946.343 1022.843 1025.906 1054.812 1526.312 1565.125 1730.593 1841.812 1859.531 2101.562 2165.062 2733.375 2867.812 2927.937 3006.375 3055.406 3081.750 3139.875 3249.531 3383.375 3619.125 3731.750 
