159.875 177.187 187.531 279.531 384.750 499.531 503.718 586.906 717.781 721.156 727.968 766.062 1094.093 1097.343 1115.218 1188.500 1195.343 1200.187 1359.875 1363.093 1363.875 1399.281 1422.281 1439.343 1479.875 2570.281 3587.156 
150.812 185.281 187.437 195.625 440.031 488.312 493.843 507.312 512.031 662.406 674.062 718.875 733.187 752.375 971.468 975.968 976.437 988.312 1103.625 1188.250 1197.312 1197.531 1222.625 1253.218 1362.718 1375.031 1409.968 1414.093 1422.937 1475.687 1743.000 2752.031 2864.562 3887.437 3894.125 
47.750 126.750 151.281 165.031 174.187 175.906 288.343 451.875 499.593 512.062 590.468 653.250 659.593 682.218 713.062 726.531 754.843 1101.281 1124.468 1194.656 1197.687 1197.968 1200.125 1215.343 1355.687 1361.250 1365.437 1374.156 1376.500 1422.531 1431.062 1441.343 1457.625 2605.625 2840.187 3517.281 
43.437 159.906 162.000 170.906 505.937 659.593 720.406 1287.593 1424.187 1428.312 1488.656 2286.125 2367.687 2495.156 2578.187 2628.718 2744.218 2868.562 3047.937 3330.906 3742.406 3796.343 3890.125 
36.343 39.562 104.968 148.593 154.156 185.375 280.750 388.625 466.031 503.250 504.812 514.625 719.562 743.593 761.812 775.375 1110.062 1110.968 1188.656 1195.250 1196.843 1198.968 1205.375 1209.906 1210.343 1211.843 1216.093 1412.031 1418.093 1419.250 1427.250 1459.093 2203.718 2719.437 2780.125 2793.187 2995.750 3125.312 3361.500 3391.437 3662.593 
34.718 37.281 45.593 150.781 179.468 219.531 267.562 285.125 391.937 415.156 496.875 497.562 499.375 515.781 519.281 525.156 539.187 710.375 719.562 722.812 977.250 1096.968 1198.468 1202.000 1202.750 1206.718 1228.468 1363.312 1404.750 1421.781 1423.218 1429.093 1451.093 2415.718 2622.656 2678.593 2948.375 3427.937 
39.812 118.093 166.125 180.531 193.656 411.593 506.343 515.750 522.531 650.937 663.125 719.343 722.812 755.781 773.937 969.281 1105.312 1186.750 1199.562 1199.781 1205.250 1229.625 1267.687 1357.468 1363.187 1370.093 1419.062 1424.875 1444.875 1472.312 1479.968 1838.531 1964.531 2009.937 2076.687 2626.156 2666.218 2727.187 2825.000 3138.968 3348.781 3411.343 3537.187 3626.656 3670.437 3937.687 
168.562 177.031 192.968 295.625 390.375 504.781 509.000 523.562 701.187 717.781 718.312 729.250 770.312 1188.250 1219.812 1229.875 1266.750 1393.375 1422.000 1425.281 1452.906 1453.781 1797.531 1848.843 1917.781 2400.687 2681.750 2731.531 2937.437 3008.093 3043.093 3083.906 3107.437 3292.718 3306.062 3478.281 3625.656 3688.093 
41.468 149.468 151.906 180.031 193.125 410.531 516.187 521.437 669.468 678.968 696.218 717.843 718.312 721.093 748.906 765.562 778.000 1097.218 1105.062 1112.281 1196.531 1196.843 1218.750 1372.718 1373.406 1374.937 1375.718 1418.531 1419.718 1422.875 1453.656 1476.468 1672.156 1859.781 2144.875 2205.062 2227.750 2252.562 2305.281 2321.593 2556.031 2640.156 2655.750 2829.125 2895.625 3161.937 3179.500 3339.750 3390.125 3629.468 
9.187 57.281 150.812 286.312 497.875 504.781 510.187 512.750 661.468 723.812 763.281 763.937 960.500 975.156 980.875 1095.531 1118.437 1198.562 1201.468 1218.093 1364.718 1374.156 1409.812 1419.562 1424.093 1425.375 1439.968 1646.437 1699.343 1742.656 1873.875 1879.031 2056.625 2085.250 2234.500 2313.968 2668.593 2737.875 2929.500 2994.062 
