86.593 182.093 186.968 189.281 562.156 562.375 730.718 737.500 738.968 751.875 754.250 762.625 768.281 873.843 933.843 960.437 967.218 970.656 979.156 1073.968 1077.906 1118.093 1123.687 1149.875 1150.375 1153.093 1153.906 1368.375 1375.843 1508.156 1516.375 1529.343 1634.531 1667.937 1714.187 1714.375 1730.062 1730.593 1904.781 1949.843 2105.750 2148.156 2293.250 2295.156 2387.750 2398.875 2441.812 2505.093 2509.875 3561.656 
181.781 314.593 559.593 573.312 731.281 742.125 748.468 752.656 759.968 869.593 937.593 963.750 1127.250 1127.531 1155.187 1172.500 1254.500 1296.406 1392.750 1424.593 1440.625 1515.750 1644.906 1712.343 1714.000 1714.843 1728.281 1804.250 1808.125 1963.906 1965.312 2107.562 2113.468 2114.187 2259.812 2263.312 2266.781 2271.500 2352.468 2364.031 2376.687 2398.406 2418.781 2424.156 2504.093 2508.062 2519.781 2520.593 
66.593 88.375 183.562 437.937 563.843 661.156 663.406 731.937 737.812 748.812 750.968 759.937 868.218 932.125 934.781 961.031 983.500 1118.031 1122.031 1123.000 1123.562 1167.250 1170.250 1277.343 1378.062 1397.500 1404.500 1513.781 1518.562 1638.750 1640.531 1648.812 1710.593 1712.343 1716.406 1721.125 1727.281 1731.625 1923.406 1960.000 1966.593 2110.781 2117.968 2167.062 2168.406 2258.250 2293.312 2301.437 2395.000 2430.781 2504.343 2505.156 2521.000 2521.875 3353.937 3469.593 3667.031 3757.312 
191.531 307.718 322.343 440.281 522.093 668.843 735.875 827.437 935.531 992.156 1076.156 1119.781 1125.500 1130.968 1135.125 1138.750 1143.531 1156.250 1164.718 1171.906 1182.000 1259.000 1281.687 1377.875 1392.187 1392.468 1443.593 1507.000 1513.375 1516.375 1523.281 1529.093 1631.406 1650.718 1654.218 1714.531 1720.156 1744.406 1753.406 1805.843 1918.093 1965.687 2054.125 2105.781 2113.281 2136.531 2255.281 2259.531 2277.500 2355.750 2362.843 2413.593 2432.250 2437.437 2505.531 2510.718 2522.250 2527.593 2532.187 3461.000 3468.406 3623.375 
61.812 314.843 549.562 553.312 755.468 760.906 773.312 855.250 933.125 1076.093 1100.562 1120.000 1123.000 1124.156 1126.843 1138.093 1151.218 1164.468 1169.343 1291.781 1384.125 1393.593 1408.437 1408.656 1415.000 1428.750 1431.281 1436.781 1437.593 1460.593 1514.437 1516.562 1524.062 1644.750 1648.375 1712.406 1714.875 1715.500 1816.093 1906.031 1965.656 2104.187 2112.687 2117.843 2132.562 2243.906 2267.375 2347.468 2373.093 2384.312 2389.093 2394.375 2506.968 2870.875 3314.250 3809.343 3934.593 
62.031 440.562 671.312 728.718 732.468 739.250 750.625 823.093 826.625 851.593 925.218 983.125 986.687 1117.437 1132.156 1143.500 1165.031 1167.968 1295.312 1383.687 1390.718 1422.031 1434.000 1453.000 1508.093 1509.750 1514.437 1527.062 1714.906 1805.593 1854.062 1944.750 1961.531 1964.500 1982.250 2014.250 2137.437 2141.250 2265.281 2266.031 2287.312 2381.406 2420.000 2437.125 2506.250 2506.812 3204.062 3254.531 3411.375 3475.593 3481.000 3731.093 3809.406 3939.406 
46.343 520.937 553.281 732.250 739.343 740.437 749.500 750.250 826.343 827.156 924.843 928.625 934.750 995.156 1008.500 1015.500 1118.125 1120.156 1129.437 1133.062 1133.250 1152.406 1172.562 1376.406 1434.906 1453.781 1458.937 1461.656 1465.343 1506.968 1511.968 1513.250 1516.187 1530.187 1535.375 1636.750 1647.500 1730.406 1733.531 1736.125 1805.812 1812.156 1958.781 2054.968 2107.468 2111.375 2279.906 2364.843 2365.593 2376.531 2431.468 2432.562 2440.531 2503.968 2962.437 3173.125 3297.781 3411.718 3562.906 3673.843 3970.906 
64.437 182.031 273.250 554.406 558.000 656.968 681.281 748.750 749.093 760.062 765.218 765.500 827.531 866.843 911.781 933.031 959.625 960.906 987.312 988.812 994.906 1069.156 1118.812 1135.781 1147.093 1148.531 1149.875 1155.937 1160.031 1162.875 1184.281 1265.281 1383.687 1383.906 1385.750 1440.250 1458.500 1505.375 1509.843 1515.500 1518.406 1631.656 1645.750 1721.718 1806.656 1913.406 1944.156 1945.093 1960.375 1965.656 1966.625 2102.125 2112.937 2115.750 2117.718 2122.531 2178.156 2251.093 2256.687 2261.187 2270.187 2273.875 2354.281 2373.187 2416.375 2418.843 2503.156 2513.312 2795.625 3078.250 3313.625 3425.093 3478.125 3617.031 3656.687 3964.937 
147.375 283.093 306.625 316.968 321.781 391.437 433.468 560.156 620.718 670.781 736.718 739.406 740.312 755.000 761.781 769.031 870.625 931.062 935.875 961.343 964.406 983.156 1124.531 1136.968 1151.000 1160.531 1170.937 1259.687 1265.843 1276.031 1384.968 1389.250 1458.531 1459.125 1511.937 1514.593 1516.718 1644.250 1644.781 1888.250 1964.562 1985.562 1994.781 2106.375 2114.562 2119.875 2120.906 2122.000 2165.437 2174.312 2255.062 2261.468 2266.406 2369.031 2400.031 2400.625 2499.906 2502.187 2506.187 2510.750 3088.218 3272.687 3331.656 3380.656 3536.562 3622.843 3743.125 3966.406 
189.531 652.968 671.781 738.375 748.562 749.656 750.156 767.125 832.187 994.562 1073.937 1124.875 1129.750 1133.718 1145.593 1152.687 1161.500 1165.562 1169.500 1182.781 1253.062 1296.968 1392.843 1427.656 1428.968 1454.531 1514.531 1517.250 1648.343 1711.062 1731.875 1895.437 1944.500 2054.968 2265.750 2369.125 2394.562 2399.093 2412.406 2435.593 2503.718 2511.437 2524.718 2818.250 3112.062 3153.656 3220.843 3469.968 3474.812 3593.468 3775.875 3823.625 
