24.656 87.468 317.343 504.937 519.687 527.187 572.968 773.125 911.656 1097.937 1181.125 1405.000 1474.812 1653.843 1796.062 1807.156 2122.375 2192.000 2770.343 2864.218 2989.937 3337.562 3571.593 3770.125 
82.687 181.875 191.125 352.656 470.687 573.218 625.281 685.062 754.656 911.718 1097.218 1102.562 1324.375 1556.562 2508.750 2728.656 2754.125 2976.062 3110.250 3489.218 3558.968 3803.656 3805.406 
61.406 85.156 142.625 251.562 410.656 507.281 523.468 602.156 806.062 955.437 1184.500 1343.812 1386.281 1408.375 1461.875 1969.093 2774.000 2988.593 3340.500 3628.250 3678.125 3685.875 3958.468 3959.906 
42.500 98.281 210.218 224.781 253.187 263.625 525.687 607.812 801.750 1084.906 1118.437 1145.437 1151.062 1155.937 1171.687 1258.000 1336.468 1363.062 1480.406 1576.625 2479.156 2533.718 2800.531 3072.187 3769.000 
54.812 101.656 357.343 405.625 612.593 775.625 883.093 970.906 1062.062 1179.718 1217.656 1335.843 1385.343 1509.312 1551.562 1561.593 1631.500 2182.218 2591.500 2624.843 2770.718 2990.031 3336.000 3659.781 3783.718 3888.500 
89.562 259.812 368.531 386.781 464.156 538.625 621.593 715.593 780.031 1104.968 1138.593 1236.125 1335.218 1418.156 1429.468 1516.281 2466.625 2588.250 3060.812 3478.906 3570.968 3690.312 
64.531 189.531 325.312 337.812 470.562 519.625 587.000 639.937 736.250 827.406 913.000 1104.312 1173.937 1181.000 1192.625 1258.375 1372.750 1428.906 1497.031 1568.375 2204.437 2381.687 2409.125 2504.375 2632.593 2998.156 3009.656 3019.625 3028.875 3380.718 3605.875 
44.187 94.500 179.406 481.281 625.093 634.625 766.750 849.687 1096.156 1107.625 1151.812 1170.781 1333.875 2044.875 2659.250 3354.937 3439.406 
23.281 25.031 104.343 389.156 469.000 552.000 692.125 1039.093 1337.968 1356.500 1391.906 1404.218 1415.250 1427.031 1515.187 2053.187 2214.687 2264.125 2270.531 2512.593 2832.312 2860.906 2943.156 3226.687 3299.875 3885.250 
73.437 84.718 102.593 240.125 394.468 620.937 641.312 754.281 935.343 1167.500 1174.343 1226.875 1391.250 1502.281 1556.125 1761.375 2296.281 2309.187 2347.406 2707.093 2720.843 2881.812 3039.656 3558.312 3972.500 
