252.218 517.562 738.593 814.968 858.812 911.781 996.031 1005.812 1057.281 1067.562 1078.250 1169.250 1182.500 1320.031 1396.968 1431.437 1599.437 1801.375 1904.750 2150.031 2581.937 2765.906 3086.687 3093.406 3133.687 3457.093 3619.593 3634.468 3981.156 3985.687 
24.718 98.906 253.531 527.187 815.437 877.093 1037.250 1062.093 1115.687 1163.843 1245.500 1318.562 1425.093 1440.281 1665.031 1863.312 1903.468 2579.656 2732.906 2834.593 2861.125 2919.812 3005.500 3247.031 3272.906 3291.156 3306.968 3731.125 3916.687 
229.343 252.687 530.718 724.375 744.062 755.968 811.406 907.187 985.781 1065.312 1111.093 1117.062 1210.125 1242.687 1243.937 1248.343 1312.875 1331.593 1434.468 1477.250 1590.781 1640.937 1660.218 1733.218 1827.312 1963.843 2043.562 2143.156 2250.625 2388.093 2501.750 2635.531 2717.750 3094.968 3343.500 3568.968 3689.437 3771.875 3874.875 
22.406 106.062 198.625 257.687 474.687 518.406 529.218 725.562 760.531 769.437 812.843 867.187 939.031 1061.812 1080.875 1162.187 1311.125 1400.468 1416.562 1423.250 1664.250 1897.531 2326.468 2769.375 2800.812 3129.062 3606.000 
21.406 21.718 256.562 397.156 516.250 529.437 745.343 778.218 786.937 796.531 820.718 1025.218 1055.125 1072.406 1172.062 1244.156 1410.656 1421.281 1563.375 1648.468 1744.968 1758.187 1860.656 2380.625 2795.781 3132.125 3248.343 3474.187 3478.156 3833.875 3958.218 
25.093 157.062 518.187 737.250 809.406 850.906 861.000 1060.031 1071.281 1098.093 1124.968 1138.125 1146.062 1316.625 1418.250 1432.781 1530.437 1545.468 2095.031 2549.062 2725.750 2996.250 3294.531 3572.437 3682.687 3882.656 3963.468 
23.593 101.125 270.812 413.468 531.156 735.093 755.250 762.375 768.406 813.375 860.562 949.406 1036.906 1088.968 1104.781 1277.468 1310.687 1317.125 1413.281 1428.437 1533.062 1633.343 1723.656 1787.843 1892.718 2018.031 2226.375 2545.875 2697.843 3043.281 3190.156 3312.281 3472.625 3555.968 3708.406 3960.562 
291.375 408.375 515.000 520.968 539.062 748.718 778.093 812.093 816.000 875.468 932.937 1060.062 1086.125 1154.781 1166.718 1533.750 1562.062 1685.843 1764.750 1996.156 2071.343 2677.750 2808.343 3316.906 3352.968 3418.718 3427.218 3989.843 
23.656 108.000 187.593 252.093 264.781 282.343 334.843 456.718 515.625 522.843 584.281 735.031 743.000 806.437 810.687 817.406 823.656 880.593 977.093 1080.656 1403.281 1413.156 1617.718 1763.343 2981.125 3100.906 3248.375 3428.406 3829.406 3835.531 3841.937 3853.500 
24.218 29.125 86.406 121.656 160.187 195.531 206.625 239.531 253.687 276.312 741.062 806.906 810.656 816.218 859.656 865.562 937.875 1086.062 1171.593 1258.531 1384.625 1638.875 1850.250 2104.281 2282.906 2469.406 2965.187 3113.218 3137.687 3655.468 
