40.843 91.968 97.500 203.625 561.281 819.250 930.062 1142.500 1181.625 1197.468 1328.500 1483.312 1500.906 1630.562 2224.625 2306.156 2461.906 2622.906 2839.406 2844.406 3140.656 3856.500 3914.593 
27.062 33.500 96.062 222.968 337.125 383.375 548.437 617.187 837.937 908.500 1142.750 1194.093 1361.562 1488.406 1843.500 2168.843 2244.968 2291.718 2495.968 2641.375 2771.312 2852.562 2868.281 3012.031 3399.750 3883.718 
77.625 85.125 228.687 315.437 369.406 490.875 539.468 544.156 689.875 793.531 905.093 921.937 1139.187 1140.187 1265.718 1425.375 1485.750 1630.031 1731.812 1774.156 1798.500 1847.468 2047.843 2377.906 2740.375 2948.625 3320.031 3434.968 3600.343 3737.343 3860.593 3955.562 
73.562 97.031 206.218 322.625 409.093 472.250 541.250 673.187 853.437 1194.406 1351.843 1400.968 1485.625 1491.468 1566.218 1767.375 1862.937 1931.687 2190.718 2404.281 2510.218 2604.375 2707.562 2817.593 2926.218 3084.593 3189.750 3644.656 3781.656 3931.468 3962.281 
25.781 88.375 225.375 351.125 367.843 400.125 414.062 540.718 902.062 1007.312 1040.062 1185.031 1486.375 1499.250 1610.718 1650.187 1761.531 1770.968 1966.656 2196.156 2200.875 2750.000 2790.843 2898.250 3221.687 3361.718 3576.718 
25.750 82.437 102.406 107.218 431.468 961.562 1130.156 1187.937 1494.937 1498.500 1619.187 1809.312 2653.250 2714.843 2793.250 2866.593 3054.000 3407.625 3473.843 3711.531 3829.718 3934.656 3959.937 
25.625 37.656 79.812 82.843 89.187 110.937 322.968 330.406 401.625 480.906 566.906 674.812 695.218 904.343 961.750 1142.000 1490.562 1653.406 1768.406 1852.718 2024.187 3615.593 3947.500 3956.937 
36.218 83.406 91.500 250.281 352.500 388.343 551.156 863.406 1119.000 1257.593 1454.218 1489.062 1570.406 1647.687 1755.656 1970.812 2708.625 2982.593 3366.437 3619.031 
29.906 102.750 206.812 414.781 426.500 487.187 558.500 565.843 599.781 831.593 1113.281 1137.562 1152.781 1186.500 1248.656 1481.500 1631.656 1768.156 1966.718 2552.781 2564.531 2931.656 3638.000 3879.750 
26.687 89.718 173.656 325.218 329.531 491.906 546.343 790.750 798.468 922.125 1015.656 1282.781 1488.406 1562.312 1731.656 2897.718 3586.031 3765.906 
