105.156 137.000 519.718 2412.875 2432.593 2434.437 2998.031 
480.187 491.531 1080.062 1732.000 1754.968 2319.468 2336.906 2343.093 3173.000 3197.562 3245.250 3251.531 3371.750 
10.687 73.406 2569.093 2574.093 2579.656 2617.218 2618.687 2688.156 2721.750 3648.000 3717.437 3748.562 
271.687 300.406 510.187 516.812 2414.218 3265.750 3926.156 
263.562 548.343 2282.562 2356.468 2390.281 3443.812 3501.906 
138.062 339.093 2358.250 2358.843 2380.812 3376.062 
25.718 1709.031 
322.000 529.468 1522.406 3816.718 3826.718 
515.062 2650.531 2709.031 3476.125 3536.875 3550.531 3618.562 3709.906 
57.750 418.031 435.500 463.718 512.125 528.968 1702.625 2726.781 2988.312 3862.718 
