226.843 382.906 383.875 384.406 430.031 430.718 808.750 1529.750 1531.156 1965.468 1966.031 
59.500 359.750 383.250 384.343 384.812 385.562 385.906 431.250 926.781 1531.875 1971.531 
191.875 747.000 925.000 1531.593 1533.468 3452.187 3454.625 3506.625 3525.687 3598.406 3984.375 
230.000 359.093 809.593 839.781 921.843 958.718 1149.312 1532.156 1968.875 
225.218 384.812 429.968 430.625 1529.250 1616.562 1878.875 
124.468 358.187 358.781 380.718 383.000 383.906 430.687 925.468 1531.500 
230.625 383.812 385.000 696.218 699.406 925.843 1529.156 1532.000 1968.281 
358.906 384.437 429.906 430.687 645.968 1879.312 
134.062 229.156 359.281 430.406 520.218 521.281 642.531 808.187 925.187 1529.593 
359.375 383.562 385.062 430.406 643.906 1148.750 1266.156 1531.156 1531.375 1964.468 
