-1743.657 -1605.782 -1394.313 18.406 57.125 1090.125 1148.906 1423.031 2058.500 3604.718 3637.375 3785.281 3958.125 
-1899.750 -1854.344 -168.563 -120.407 -106.657 17.906 22.937 532.031 
-1719.594 -1156.157 -1118.032 -263.594 -249.563 17.687 25.031 46.093 577.781 1310.312 2143.687 2663.000 2747.031 2848.750 3141.062 3148.281 
-1891.407 -1630.407 -1510.688 -1014.750 -967.719 -817.032 -355.219 26.437 65.031 399.687 1315.343 3717.781 3985.500 
-1186.532 -1173.750 -1165.219 -527.719 18.125 24.437 374.343 577.406 641.875 1209.031 1301.625 1345.468 1652.906 1811.687 2068.187 2071.968 2167.312 2440.562 2667.437 2669.531 3945.625 
19.906 93.406 580.500 674.343 933.625 960.875 1147.000 1401.781 1404.375 1433.125 1530.156 1766.593 2769.062 2788.687 2865.562 2891.687 2995.937 3049.250 3172.375 
-939.188 -252.875 -192.719 17.375 18.656 157.812 163.843 279.062 544.781 659.750 759.437 983.562 1143.875 1210.625 1350.500 1400.781 1422.718 1425.968 1471.906 1542.562 1547.781 
-1838.719 -1783.250 -255.750 22.468 30.218 82.593 467.812 970.718 1246.812 1589.468 1846.125 1909.968 2237.687 3470.968 3755.312 3980.437 
-667.344 -664.250 18.000 25.718 269.625 333.125 382.218 1353.312 1608.000 1692.000 1911.906 2209.156 2311.375 2985.000 3058.812 3111.125 
-184.157 18.156 20.187 58.875 756.593 791.031 1172.000 1309.656 1356.500 1365.000 2690.375 3217.250 3905.968 3909.531 
