-689.594 82.843 91.937 150.718 233.968 384.750 419.250 502.937 628.718 632.031 643.312 867.093 871.125 1038.125 1786.312 1947.968 2048.125 2697.625 
-1072.469 76.718 84.437 153.312 231.687 232.531 422.312 519.125 636.062 861.062 866.937 872.343 1033.687 1035.750 1278.375 1309.781 1636.812 1638.187 1726.218 1727.281 1733.406 1949.906 2146.062 2170.750 
-1474.938 -1038.969 -123.500 41.718 364.281 410.937 696.437 758.781 865.562 1172.281 1236.406 1784.843 1986.843 2760.781 3571.281 
-1495.188 -1491.719 -851.594 -802.969 -778.282 50.718 148.875 150.000 232.937 233.937 505.937 518.968 683.156 731.093 863.343 877.750 1173.968 1245.312 1311.531 1639.562 1726.687 1962.125 1968.187 2014.687 2132.156 2263.468 3245.593 3379.468 3407.156 
80.375 80.687 85.437 123.187 147.375 232.718 370.500 504.687 863.343 884.500 885.406 1276.781 1311.500 1477.937 1636.562 1945.156 1959.000 2004.250 2135.750 3894.343 
-1708.407 -1423.625 -24.563 48.281 49.687 153.875 233.812 438.875 504.062 1036.781 1039.250 1321.656 1724.125 1801.562 1940.843 1961.125 1965.031 2013.906 2017.906 2136.593 2137.625 3002.531 
-1875.375 -1863.782 -1770.625 -1343.313 -524.188 39.656 80.187 83.156 84.593 504.812 756.312 868.000 1034.375 1041.000 1200.000 1284.781 1312.250 1431.062 1436.375 1638.437 1638.781 1724.625 1941.187 1966.875 2620.218 2625.093 2741.531 
45.187 87.031 151.687 232.437 235.687 335.500 370.593 378.062 410.593 501.812 874.281 876.656 941.187 1208.812 1251.656 1253.937 1257.312 1311.000 1320.781 1444.593 1448.406 1637.375 1942.312 2133.625 2134.343 2158.843 2686.281 2820.250 3349.218 3690.531 
-1958.344 48.750 235.000 236.312 237.187 304.968 368.562 379.375 505.687 507.593 627.812 631.687 1198.468 1221.906 1265.468 1268.656 1277.062 1311.781 1442.187 1443.468 1955.562 2016.312 
-1842.469 -318.188 149.593 442.375 503.031 503.875 519.281 669.218 902.812 1035.968 1038.468 1193.750 1326.406 1448.218 1568.937 1940.375 2015.500 3518.281 
