401.187 528.218 917.062 983.093 1039.750 1458.062 1488.437 1542.187 2107.250 2140.062 2175.562 2348.187 3140.781 3145.625 3836.156 
939.625 1010.875 1012.125 1050.968 1431.906 2205.218 3181.062 3543.468 3905.156 
353.656 2095.468 3219.968 3239.312 
311.156 334.906 932.593 1423.875 1848.125 2210.750 2862.312 3389.937 3390.250 
406.093 978.968 1015.343 3054.187 3341.312 3366.562 3393.437 3500.312 3522.687 3536.500 3864.218 
1476.718 2156.968 3260.187 
1038.843 1497.062 1501.062 1706.500 2102.562 2186.093 3364.031 3689.125 3698.156 3702.750 3737.156 
332.000 1542.531 2124.718 2192.562 3398.625 3827.812 
348.062 787.812 999.218 1008.968 1415.312 1530.687 2180.718 3315.250 3400.875 3410.906 
1468.718 1486.875 1560.125 2106.937 2119.312 2297.375 2312.812 3047.406 3051.625 3331.875 
