28.093 28.906 331.531 764.218 927.718 1529.218 1563.750 1566.687 1629.781 1669.281 
733.843 1238.281 
30.312 239.031 518.750 588.718 875.500 1471.656 1538.031 1705.375 1730.125 
-93.407 -91.063 -66.469 -64.219 -55.594 -47.844 -43.500 -10.969 -8.282 37.031 238.531 239.687 427.781 432.468 667.531 732.906 774.000 935.750 1234.093 1318.937 1328.531 1495.125 1525.281 1532.531 
29.531 326.906 331.093 435.843 733.187 738.656 744.187 931.250 1036.718 1087.718 1515.968 1563.312 1577.250 1629.812 1651.593 1710.593 1730.593 1829.312 1966.562 
28.812 30.468 59.125 151.593 238.750 330.593 730.156 780.312 1021.625 1088.437 1559.062 1559.937 1561.031 1627.531 1670.593 1787.406 1803.718 
29.968 48.687 235.718 238.906 240.125 331.781 519.781 521.218 728.156 744.937 745.968 765.281 772.906 838.125 1142.218 1158.531 1369.843 1496.312 1523.937 1654.437 1791.593 1994.062 2013.906 
27.750 240.531 337.468 521.812 595.531 735.250 744.187 746.281 841.343 931.156 990.375 1089.281 1142.968 1370.812 1522.500 1526.500 1541.156 
27.906 33.781 167.406 268.281 517.375 663.781 680.593 779.593 841.406 1129.093 1216.937 1562.781 1784.812 
171.281 236.875 445.187 519.437 546.437 741.750 768.656 770.406 987.906 1141.156 1209.500 1236.375 1484.312 1516.250 1525.875 1535.125 1554.218 1571.406 1634.718 1704.156 1783.343 1788.843 1839.000 
