23.562 98.968 103.500 809.062 869.406 910.781 913.656 914.500 980.875 983.437 1099.250 1186.656 1187.937 1223.125 1316.687 1646.968 1987.437 1994.500 2422.625 2427.437 2427.750 2428.781 2430.875 2739.843 2845.750 
433.062 778.468 914.406 1057.812 1226.218 1565.906 1568.406 1843.906 1900.000 2007.375 2009.000 2010.750 
102.718 916.718 922.375 1421.937 1457.531 1466.031 1570.656 1880.250 2118.718 
103.062 134.281 307.718 857.031 914.218 1059.406 1818.062 1992.093 
21.937 102.500 126.312 540.781 567.093 912.906 917.281 921.343 1316.125 1341.656 1571.500 1649.531 1824.843 1988.406 2011.718 3259.250 3743.968 3746.968 
101.281 103.843 566.625 832.093 835.875 1316.375 1318.812 1326.875 1992.187 2008.718 
1088.437 1989.875 2011.187 3098.156 
100.906 194.968 917.843 983.468 986.843 1225.875 1318.968 1466.968 1746.375 1941.406 2278.625 3650.906 3661.375 
255.218 577.218 913.750 1133.187 1227.437 1487.906 1713.718 1990.875 1996.125 3279.843 
26.906 915.875 1481.375 1486.843 1990.156 3413.625 3755.843 3757.750 3888.468 
