20.375 31.000 59.625 67.718 98.187 158.437 220.750 250.906 261.687 267.562 570.875 680.218 727.531 742.593 845.625 889.875 959.156 1037.750 1070.656 1128.500 1202.562 1247.156 1435.750 1482.593 1484.375 1523.031 1559.281 1575.218 1707.593 1769.343 1783.375 1786.968 1892.156 1935.218 1936.906 1949.812 1999.281 2707.312 3764.281 
22.531 47.468 122.562 147.406 181.812 191.531 263.531 281.437 291.656 396.218 426.937 432.468 481.187 509.531 592.031 609.406 741.843 747.562 752.718 763.937 882.468 925.468 982.875 986.000 1129.500 1315.406 1358.718 1359.437 1559.875 1627.343 1671.718 1730.531 1783.375 1818.375 1851.031 3917.500 
-1334.782 18.531 58.437 72.875 96.750 104.875 105.625 205.843 294.781 400.375 427.500 495.531 520.125 527.468 633.062 674.000 761.406 844.906 894.312 925.656 988.437 1073.968 1115.187 1137.468 1158.812 1168.812 1316.593 1479.187 1528.531 1585.812 1586.437 1708.062 1730.625 1770.343 1780.312 1855.593 1906.406 
-1381.532 -1312.532 -636.907 -221.094 50.281 75.062 172.031 174.250 184.875 218.687 226.781 254.500 265.531 368.062 376.093 393.687 394.156 452.687 524.156 638.812 653.531 741.437 850.468 882.968 946.968 987.406 1051.000 1131.468 1176.187 1209.500 1310.031 1358.687 1482.875 1523.593 1852.343 1895.156 1942.750 
-1208.844 -14.250 23.406 58.656 69.406 81.843 144.250 149.937 155.875 200.093 351.375 374.750 500.937 502.343 556.187 722.375 743.843 776.437 839.687 890.687 954.156 957.281 982.781 988.468 996.875 1140.031 1206.437 1248.875 1308.531 1364.125 1456.968 1659.031 1667.187 1775.093 1789.000 1822.906 1897.062 1943.968 1948.156 1950.843 2138.656 
-1862.313 -1347.657 -1068.407 -968.907 19.937 40.906 84.875 98.625 353.281 371.218 402.781 435.375 450.468 543.218 544.031 585.281 731.375 741.500 741.937 801.937 853.718 885.281 986.843 1043.562 1137.750 1206.406 1208.031 1360.156 1848.562 1934.718 1952.718 2597.468 
-1536.719 23.718 37.718 55.375 61.718 293.562 306.593 366.781 394.000 598.906 644.937 657.343 729.218 732.843 748.781 757.875 768.937 844.968 854.781 882.031 933.531 934.343 987.843 1054.718 1067.718 1238.406 1366.531 1591.687 1732.000 1788.562 1872.875 1892.593 1944.656 3150.312 
39.843 91.812 111.375 265.312 328.375 396.812 403.468 424.031 429.562 493.562 523.906 709.812 1073.750 1136.781 1203.656 1275.437 1641.625 1721.437 1840.531 1871.968 1949.156 1956.187 1970.687 2002.187 3704.406 3892.125 
36.187 72.875 143.531 167.406 262.500 286.250 355.156 488.593 523.531 534.125 591.593 678.875 959.375 981.625 985.812 1044.281 1046.343 1074.843 1117.812 1151.906 1229.281 1258.343 1280.375 1303.406 1312.750 1369.187 1556.281 1583.093 1730.281 1766.937 1767.375 1783.718 1898.968 1949.718 2116.906 
102.031 104.937 421.625 481.843 643.781 888.937 991.187 1010.593 1049.500 1122.343 1170.875 1311.781 1432.281 1589.187 1591.718 1841.156 1865.625 1949.281 2011.281 2547.250 
