-1729.875 -829.750 -499.750 51.000 96.687 99.312 132.625 133.500 136.687 240.468 250.656 255.687 257.906 275.812 331.031 372.406 413.187 578.593 697.562 828.937 831.750 1013.281 1027.531 1062.843 1155.250 1163.500 1267.593 1363.781 1385.312 1521.156 1775.000 1964.843 2233.687 2960.750 
40.406 51.625 56.093 87.937 94.187 98.468 102.218 136.156 143.000 245.437 252.187 289.937 314.875 329.437 335.093 470.437 699.750 707.187 715.500 736.281 836.218 1060.531 1159.437 1162.000 1259.625 1265.625 1306.812 1369.562 1414.781 1628.187 1635.343 1649.343 1799.812 1927.718 2664.468 2684.593 3950.156 
-859.282 25.750 99.093 106.000 158.093 323.031 330.156 331.031 331.593 378.687 462.656 559.375 562.625 631.156 730.281 858.062 1020.312 1030.812 1065.687 1138.531 1172.812 1404.625 1411.312 1444.812 1475.781 1620.593 1679.781 1735.281 1918.843 1970.906 3902.250 3952.218 
-851.282 23.500 85.562 88.906 133.437 165.531 197.500 245.843 625.625 692.968 697.000 706.062 716.656 775.187 835.281 857.593 952.156 1027.937 1028.781 1092.250 1131.875 1259.750 1266.500 1308.781 1366.343 1523.843 2080.312 2797.125 3863.562 
147.375 177.562 337.093 370.593 448.312 487.187 532.250 561.906 578.875 626.343 703.218 723.812 735.812 786.625 901.187 1008.625 1054.281 1168.062 1266.281 1304.968 1685.218 1765.156 1807.343 1866.500 2488.250 
-1856.157 -1446.125 -930.500 27.000 31.562 54.218 135.281 167.593 201.031 359.375 396.906 541.531 573.843 602.406 720.500 737.375 1164.718 1175.218 1263.468 1266.593 1380.343 1385.593 1397.281 1404.406 1524.656 1754.218 1931.406 
23.437 70.687 91.875 135.281 140.500 158.031 256.312 279.156 331.500 370.437 379.406 399.875 449.937 557.875 621.968 771.250 779.718 784.093 944.843 1018.875 1027.156 1220.031 1274.593 1448.375 1533.718 1591.906 1628.937 1633.843 1971.062 1979.031 1986.781 3030.281 3035.562 
-73.500 -66.594 45.875 48.781 93.218 178.031 192.468 238.187 374.906 383.531 387.406 576.875 592.718 593.531 598.125 694.125 702.062 723.156 779.062 882.250 917.250 1009.187 1011.031 1018.062 1020.531 1022.656 1147.906 1168.156 1268.937 1277.531 1430.968 1448.187 1480.062 1628.531 1678.312 1914.312 
-1984.219 143.468 242.625 271.812 375.125 404.031 509.625 645.656 672.125 698.562 731.187 824.000 839.281 1068.031 1084.531 1130.750 1137.406 1183.406 1307.812 1395.281 1541.656 1634.906 1638.593 1697.468 1698.250 1799.062 1805.062 1850.437 1978.562 1982.781 2893.656 2921.406 3547.625 3986.593 
-1908.344 -1268.032 -1082.688 -681.094 -584.188 -368.188 164.312 265.156 330.437 459.093 486.812 546.437 595.562 644.093 697.187 732.343 738.031 792.093 854.562 862.281 863.187 900.281 1051.281 1059.500 1060.843 1144.562 1176.437 1202.031 1259.031 1376.062 1414.062 1615.875 1653.843 1800.437 2362.812 2485.187 2930.562 3019.468 
