18.625 47.125 80.312 82.187 82.718 232.843 246.937 262.156 279.750 310.812 382.718 384.031 483.000 558.687 767.125 911.156 1138.968 1217.406 1392.843 1412.781 1443.031 1482.937 1483.937 1506.531 1577.218 1578.687 1621.062 1627.343 1663.093 1758.781 1949.687 
28.375 201.531 235.625 481.718 483.562 558.906 910.343 1158.812 1247.031 1393.937 1395.625 1442.250 1482.937 1483.937 1485.843 1708.312 1852.375 1891.750 1927.718 1934.656 1948.343 
15.593 60.593 77.906 80.062 84.093 300.375 501.562 561.750 610.750 820.250 910.656 1391.468 1483.500 1484.437 1484.875 1747.656 1859.468 1892.031 1894.312 
153.000 436.312 526.250 573.031 688.375 777.531 822.156 1182.750 1393.968 1394.781 1443.093 1483.031 1483.937 1658.406 1747.031 1793.843 1892.343 1981.250 
23.968 54.593 79.812 165.250 202.250 205.468 208.750 292.062 311.968 385.656 453.718 610.593 707.718 846.500 910.718 1392.562 1397.281 1484.000 1486.781 1577.250 1638.968 1664.250 1834.343 1839.468 
500.968 708.875 710.812 723.156 803.937 973.218 1176.625 1353.687 1394.250 1440.468 1486.375 1533.500 1576.500 1626.312 1792.937 1870.750 1942.562 
15.000 60.750 110.781 310.562 311.968 708.656 753.781 777.093 822.906 910.125 911.406 919.843 1111.187 1483.906 1486.343 1577.218 1663.968 1664.375 1808.281 1839.218 
383.500 483.406 505.406 608.875 609.531 610.093 611.250 672.156 918.812 1239.000 1393.968 1395.343 1413.125 1438.718 1483.000 1733.062 1892.312 
28.687 47.937 60.031 176.093 523.781 573.187 707.687 784.593 881.468 1219.343 1396.187 1748.125 
29.187 382.906 449.750 538.875 672.437 708.031 709.343 825.531 1137.625 1366.000 1369.250 1392.031 1482.968 1484.937 1486.781 1577.937 1792.406 1809.250 3569.562 
