51.937 128.781 253.468 375.750 539.843 621.031 731.562 972.281 974.156 997.125 1095.187 1153.593 1282.687 1400.312 1544.281 2001.312 2197.218 3548.093 3931.562 
36.000 41.437 126.812 186.218 252.125 254.187 278.375 366.562 568.281 571.500 651.968 727.437 900.218 973.375 976.093 1086.687 1288.562 1291.031 1569.625 1602.812 1708.062 2128.156 2170.500 2854.343 3192.718 3195.218 3682.562 3721.000 3887.000 3984.562 
84.437 190.500 254.281 371.406 427.812 536.937 572.468 645.468 973.843 976.375 1058.812 1196.843 1443.343 1557.718 1619.906 1852.156 2298.031 2956.000 3323.406 3679.000 3845.312 3887.187 
35.843 109.156 181.875 185.906 248.218 254.062 277.125 359.031 472.812 544.281 569.937 737.812 776.937 911.281 972.843 974.812 1061.125 1249.375 1291.937 1372.906 1504.500 1880.312 2018.656 2031.781 2112.718 2615.093 2815.031 3846.562 3986.125 
37.250 55.718 123.937 252.875 276.968 423.812 493.375 535.406 572.968 669.843 725.156 838.968 892.312 973.156 974.843 1095.593 1168.468 1289.625 1294.750 1396.531 1462.062 1510.906 1911.343 2114.218 2550.750 2932.937 3362.125 3658.562 
39.437 131.968 136.281 253.937 311.343 337.968 464.343 537.687 571.593 644.312 840.937 903.000 973.718 976.250 999.437 1099.812 1188.343 1254.781 1290.968 1345.343 1456.937 1493.656 1608.968 2383.781 2413.468 2805.093 3512.281 3610.718 3632.843 
62.125 124.468 190.187 253.875 279.031 358.062 538.531 541.062 574.156 647.437 732.750 900.812 906.625 975.218 996.562 1060.031 1152.812 1240.125 1288.781 1347.125 1492.468 1526.187 1695.781 1743.968 2443.937 2675.656 2707.468 3121.875 3904.250 
60.250 138.718 427.687 574.437 920.468 974.937 1478.656 1831.843 2334.562 2409.906 2677.437 
110.062 973.437 

