33.593 276.125 374.531 425.343 511.843 659.781 721.906 829.781 886.468 1078.937 1080.968 1083.000 1143.500 1145.625 1199.593 1201.500 1246.625 1277.718 1949.250 2054.562 2254.375 2873.000 2875.875 3762.406 
51.250 84.281 93.531 276.968 304.437 379.750 426.656 463.906 576.937 668.156 670.156 717.281 950.437 1013.781 1082.375 1085.406 1201.156 1363.218 1429.468 2117.250 2253.062 2964.593 3403.312 3708.593 
95.625 174.687 260.312 277.625 281.062 429.500 504.062 582.343 739.437 822.468 1018.531 1070.750 1077.125 1142.656 1172.406 1200.718 1242.062 1273.062 1605.750 2106.250 2219.937 2222.031 2730.343 3676.468 
92.062 95.281 276.218 278.031 359.406 432.312 510.156 770.843 818.718 822.875 952.125 1079.843 1255.937 1262.062 1299.750 1363.031 1441.562 2408.656 2759.625 3308.218 3310.343 
85.062 109.437 115.343 282.156 287.812 437.062 515.687 625.625 821.750 839.218 1078.593 1080.656 1199.718 1300.437 1429.406 2006.781 3254.562 3443.406 3836.781 
83.718 85.968 129.406 274.812 350.125 367.593 434.218 590.187 746.375 826.406 1081.750 1084.093 1199.718 1287.562 1363.781 1366.031 1495.156 2849.500 2985.843 3153.468 3344.000 3691.187 3878.937 
44.968 180.593 277.468 279.968 433.812 517.750 588.562 664.656 747.750 958.437 1077.656 1080.500 1156.781 1201.062 1429.312 2686.406 2823.875 3090.375 3236.875 
41.687 111.562 180.625 279.375 282.781 361.625 434.843 439.312 588.406 591.656 667.625 740.843 885.000 958.187 1082.437 1144.625 1147.406 1271.250 1462.562 2949.625 2999.500 3163.312 3620.156 
83.093 94.750 97.468 273.031 278.937 354.406 429.125 594.187 664.875 770.062 881.093 939.250 961.562 1021.875 1090.250 1200.843 1203.968 1266.375 2298.625 2438.062 2911.968 3319.250 3728.718 3802.437 3804.875 
46.125 84.562 109.531 162.468 205.062 276.593 428.187 435.218 593.875 706.750 772.500 890.906 939.031 942.406 1006.718 1009.718 1080.125 1083.468 1157.750 1433.031 1461.812 1873.687 2277.656 2382.843 3045.625 3353.000 3498.562 3794.812 3872.343 
