66.750 70.593 117.343 168.000 260.656 320.937 322.937 383.656 489.875 493.500 515.156 596.656 599.218 710.281 743.437 745.781 858.343 860.468 937.531 1024.593 1051.062 1136.156 1140.500 1215.750 1490.468 1607.500 1733.843 1902.218 1989.000 2932.906 2966.750 
168.187 253.718 322.125 386.468 485.343 512.687 595.000 597.531 661.906 967.843 1016.625 1063.906 1135.781 1283.562 1381.093 1408.281 1490.312 1536.937 1747.437 2297.343 2496.531 3139.531 3820.843 
69.187 71.250 167.656 197.031 216.937 258.718 321.156 382.000 510.968 664.093 705.812 935.562 1134.562 1136.968 1251.968 1318.250 1404.437 1490.375 1534.312 1698.250 1893.312 2896.687 3772.781 
32.250 34.843 71.062 120.656 152.031 284.562 382.250 386.125 479.781 597.250 652.781 716.656 745.531 842.812 965.687 1028.937 1134.312 1137.937 1218.906 1255.562 1301.906 1488.406 1659.968 2256.593 2661.625 3189.875 3440.937 
62.343 65.250 68.093 89.906 122.156 198.062 322.812 383.218 485.156 515.062 600.343 631.156 663.718 741.343 745.062 847.812 1022.187 1136.343 1139.968 1168.906 1329.343 1407.312 1549.031 1625.093 2458.718 2462.781 2801.093 3018.187 3020.406 3281.875 3760.906 3825.250 
67.812 379.218 381.750 384.687 486.187 541.187 598.718 637.718 666.968 709.000 750.343 859.625 862.375 931.750 967.562 1036.843 1077.687 1135.281 1137.531 1289.812 1292.250 1319.250 1488.312 2182.562 3524.062 3843.312 3996.875 
59.625 123.812 260.375 321.500 383.250 512.093 514.687 597.812 600.937 630.625 635.593 670.312 709.500 741.406 800.312 803.875 860.687 1022.937 1136.906 1312.468 1490.000 1718.343 1721.000 2207.968 2289.031 2292.687 2328.437 3051.625 3150.156 3518.875 
66.718 260.406 263.218 379.750 499.343 524.531 528.031 598.812 604.531 633.125 708.718 860.531 1029.312 1043.031 1075.812 1135.625 1323.187 1409.093 1484.562 2047.937 2498.562 2783.843 2908.281 3070.625 3742.312 3861.750 
33.343 65.000 68.031 116.468 168.093 198.218 201.312 382.218 386.625 597.687 601.343 637.000 774.406 859.468 863.000 1041.843 1134.875 1137.312 1169.500 1218.250 1292.281 1406.593 1723.093 3156.687 3160.031 
64.500 87.250 175.937 214.593 264.968 324.718 488.625 515.343 597.250 654.781 742.656 853.093 967.718 1032.875 1135.468 1168.468 1264.687 1321.656 1409.687 1566.500 1718.531 1913.500 2122.468 2536.968 3116.750 3473.250 3629.812 
