35.375 63.375 68.156 142.781 144.937 182.437 260.937 361.187 500.406 502.406 508.343 602.375 728.187 816.218 818.031 867.812 1143.593 1219.875 1221.718 1332.750 1535.625 1690.750 1824.312 2093.625 2654.437 3022.406 3254.375 3305.093 3848.562 
59.406 144.500 221.656 267.656 340.937 423.343 464.062 499.000 501.343 603.125 674.500 717.812 783.562 816.656 818.812 868.593 914.718 917.156 975.406 1153.125 1219.500 1221.093 1223.125 1244.718 1321.312 1530.000 1533.156 1537.531 1616.468 1730.656 2116.937 2449.062 2972.875 3018.625 3168.250 3321.875 
51.281 141.656 143.968 371.031 373.250 424.812 500.781 502.500 779.875 814.781 818.343 870.281 966.500 1077.625 1121.968 1219.968 1221.718 1345.500 1392.656 1496.625 1535.093 1591.531 2503.093 2674.625 2734.656 2890.906 3421.218 
52.250 99.093 101.468 145.687 195.031 235.625 381.875 383.812 500.687 523.968 713.093 765.625 785.218 929.843 969.062 995.281 1219.875 1221.875 1225.281 1239.218 1323.750 1535.000 1536.750 1590.781 1693.406 1720.937 2076.718 2550.062 
54.093 146.687 150.125 238.156 500.281 502.187 505.218 603.937 666.750 818.750 882.156 1220.218 1246.218 1326.656 1329.218 1535.031 1809.281 2197.125 2390.562 2609.312 3083.062 
61.375 148.125 498.156 500.468 543.000 603.875 607.062 785.781 789.281 819.687 925.062 974.375 1011.875 1221.750 1223.812 1330.343 1333.312 1519.218 1698.750 1702.218 2393.531 2525.593 2844.093 2981.750 3578.468 3780.531 3949.218 
40.218 143.218 312.187 427.218 488.250 491.406 504.125 658.031 681.125 788.875 791.437 918.437 974.500 1137.218 1140.562 1221.500 1223.312 1243.656 1339.562 1538.062 1594.968 1645.468 1699.406 1841.687 2643.156 3138.406 3477.625 3489.062 
22.250 105.343 144.031 208.562 272.656 445.187 501.218 503.625 624.000 674.875 786.875 791.437 819.625 868.406 1222.250 1224.531 1241.875 1246.656 1501.906 1536.187 1647.312 2033.718 2210.343 2422.843 2647.062 2649.875 
46.437 99.437 145.750 151.093 431.156 499.468 503.250 612.656 663.250 789.468 890.312 926.375 995.625 1164.656 1221.812 1224.187 1257.218 1340.687 1343.250 1537.843 1591.625 1690.656 1986.531 2102.906 2534.156 2562.875 3213.656 3616.093 
60.625 92.000 96.093 150.312 194.625 220.093 266.531 370.718 462.250 499.718 502.281 712.062 819.750 837.406 926.812 970.937 1220.843 1223.156 1249.281 1347.562 1524.156 1540.812 1592.343 1646.343 1702.218 1705.687 1870.500 1985.625 2125.218 2567.875 2571.562 2709.031 3013.968 3038.812 3622.187 3827.906 
