-1216.563 -749.875 34.062 61.218 83.812 147.500 164.312 183.625 249.375 383.031 565.625 694.250 717.531 724.750 811.906 842.593 970.562 1075.312 1102.781 1191.218 1280.531 1345.031 1418.531 1716.906 1804.281 1823.375 1824.781 1908.531 1951.000 1963.718 1991.500 
-1928.250 -23.188 14.531 47.781 161.125 252.625 327.281 481.437 483.437 495.156 543.750 683.062 686.437 778.031 886.062 1043.125 1200.812 1227.093 1259.031 1312.406 1419.718 1459.750 1610.281 1638.843 1673.875 1743.218 1758.062 
-1303.500 -1027.719 54.343 57.093 109.562 117.781 236.500 1240.937 1257.125 1292.218 1366.937 1385.312 1503.375 1513.875 1595.250 1786.812 1827.968 1867.625 2730.906 3964.406 
-556.344 42.750 140.343 190.843 310.781 390.750 495.687 658.937 995.687 1143.656 1234.187 1241.718 1260.312 1367.250 1376.937 1521.531 1550.812 1610.187 1743.937 1763.156 1951.343 
186.843 291.875 317.125 436.875 483.750 562.343 727.093 933.093 996.343 1064.531 1171.468 1212.187 1336.250 1386.718 1411.937 1512.375 1552.468 1596.312 1630.281 1743.406 2095.750 
13.843 24.968 33.843 114.562 116.312 186.718 354.500 391.812 513.781 594.062 604.843 640.937 707.062 780.468 1080.437 1130.093 1149.968 1237.187 1351.437 1503.968 1505.187 1596.468 1828.750 1842.937 
-74.532 -73.688 13.281 30.718 56.531 74.000 100.375 272.156 409.812 486.937 564.281 643.062 782.750 836.375 942.937 1064.625 1098.312 1330.281 1344.250 1385.843 1423.562 1436.062 1781.156 1919.500 1969.187 2786.281 3357.968 3536.593 
-1820.125 -1356.657 -1093.750 -1041.750 -586.750 -149.563 25.781 53.593 114.281 221.343 266.531 407.875 431.625 448.656 492.406 539.375 743.843 789.593 813.937 1124.968 1130.062 1185.625 1243.656 1337.531 1447.250 2625.250 2954.312 2973.062 3734.281 3931.375 3963.593 
-1679.344 -1429.657 -1254.250 -952.688 -152.657 34.343 71.000 180.187 220.750 248.906 279.937 432.312 570.750 740.343 925.031 1027.937 1235.531 1271.406 1330.062 1420.187 1475.250 1687.281 1887.750 1968.593 3604.781 
-1086.782 -789.969 -589.032 -339.250 24.125 180.875 204.343 215.218 354.625 484.625 491.781 550.750 621.718 728.000 873.125 913.281 971.343 1077.093 1698.750 1747.750 1751.125 1842.125 2878.218 2988.625 3644.312 3838.312 
