147.000 225.531 718.500 725.375 905.781 1221.250 1552.843 
51.843 66.843 194.906 258.312 473.062 678.750 771.312 874.656 1046.843 1263.812 1269.781 1287.375 1326.125 
27.562 54.031 66.750 137.437 192.343 422.656 451.437 486.250 703.343 770.625 874.750 921.281 
42.406 123.093 134.156 183.500 191.781 370.250 451.406 685.281 748.875 752.031 903.718 986.906 990.093 996.593 999.968 1002.656 1012.531 1107.875 1569.843 1573.062 1590.250 2035.343 2038.031 
27.562 28.156 32.656 35.281 65.562 130.750 136.500 191.375 194.437 369.406 381.281 391.937 402.312 693.062 713.062 725.468 747.437 904.343 1052.062 1223.343 1272.937 1331.812 1531.218 1534.562 1576.312 
27.875 39.718 43.687 61.312 69.750 72.468 123.781 187.281 191.500 204.312 263.906 266.093 378.937 423.312 426.625 445.343 675.625 676.531 692.156 720.656 724.343 753.000 894.156 922.062 1368.406 1526.843 1532.218 1542.093 1544.187 1563.843 1570.937 
34.343 40.781 47.093 54.468 77.156 122.218 142.781 187.500 194.843 262.781 365.437 367.031 371.718 378.906 403.281 421.656 450.062 453.000 460.718 510.250 522.250 688.000 693.343 703.218 728.406 884.906 922.781 925.093 1056.812 1073.906 1223.593 1233.906 1273.437 1321.156 1345.906 1530.125 1532.968 1574.375 1603.812 1608.625 
32.062 42.500 70.406 121.812 141.156 159.968 193.812 264.468 269.750 368.500 373.156 389.812 485.625 685.687 707.843 712.781 715.781 747.312 875.750 880.937 896.593 925.125 930.093 1041.468 1045.062 1107.093 1108.437 1226.031 1234.062 1248.875 1269.343 1276.968 1324.968 1340.750 1345.125 1360.375 1526.125 1530.562 1530.937 1570.218 1590.812 
31.343 36.906 40.687 45.468 63.906 66.812 215.687 261.093 282.281 365.781 366.906 378.281 383.781 431.312 432.281 451.625 509.343 532.156 684.312 689.156 704.093 782.875 880.125 886.812 902.000 917.062 1040.750 1216.218 1219.406 1229.531 1242.843 1246.406 1274.500 1276.156 1298.812 1532.781 1578.156 
33.562 43.250 67.343 123.406 125.000 188.562 196.687 198.218 206.812 380.250 389.531 672.281 684.593 717.250 720.187 879.843 1004.375 1005.343 1058.218 1109.312 1216.687 1257.656 1264.281 1277.906 1340.125 1349.531 1528.593 1529.062 1553.562 1621.281 
