31.093 39.875 61.718 83.468 170.000 184.656 655.187 676.406 736.156 891.875 1112.531 1404.093 1638.843 1651.968 1733.656 
31.656 62.687 84.218 185.187 675.812 736.500 884.187 972.062 1402.906 1639.375 1651.906 1739.093 
31.156 38.593 46.500 186.593 643.687 668.656 736.187 1401.187 2282.781 3785.125 3805.093 
31.187 45.500 67.937 121.875 160.125 187.687 644.125 676.625 736.343 1115.468 1640.125 1652.750 1710.875 1736.843 3189.218 3205.312 
32.312 39.937 60.562 68.781 185.125 643.625 674.218 736.500 885.031 1113.000 1373.031 1405.875 1737.562 2937.531 2967.250 
82.406 170.968 441.437 673.281 737.187 884.343 974.437 992.375 1639.750 1736.875 2484.906 3961.593 3976.062 3992.093 
41.656 52.187 67.406 82.843 645.031 675.843 735.875 1408.156 1641.125 1652.093 1737.468 2511.812 
31.718 50.843 184.906 676.375 888.156 1401.937 1651.468 2215.500 2247.781 3700.875 
32.000 38.906 66.906 82.531 184.843 643.187 1403.937 3335.281 
31.281 38.312 54.437 66.968 1111.437 1404.031 1738.593 
