-833.875 -548.157 15.312 224.406 235.000 331.562 692.968 875.468 977.281 3646.843 
-1702.344 -1022.875 -320.157 1837.437 
-685.157 -457.657 801.812 856.781 1239.093 2979.937 3315.906 
-839.782 306.687 1035.593 1693.406 1702.031 
-1376.344 -1362.969 -1324.157 200.281 296.843 639.562 716.312 753.968 1744.062 1828.343 
-1459.563 -800.000 -128.657 117.250 600.937 604.593 931.437 1319.625 1427.250 1660.187 1769.562 1982.937 2029.000 2387.843 3500.906 
35.343 1061.812 1564.000 2424.312 
-562.594 445.156 648.562 1018.906 3282.031 3708.000 
-1715.625 40.812 1126.843 1576.937 1642.750 1943.750 1975.031 2338.406 2375.750 3029.968 
-1688.969 -55.688 11.031 53.312 95.687 190.312 215.718 544.093 963.781 2043.875 2073.781 2561.156 
