23.875 212.500 222.000 587.937 605.625 2364.812 2974.843 3197.781 3203.937 
23.093 918.812 937.906 1735.000 1817.437 
91.406 445.437 818.312 1295.593 1766.656 2778.218 
308.000 445.968 525.500 727.937 984.406 1724.343 2183.500 
74.937 87.718 120.343 130.218 416.250 650.562 776.437 853.156 998.250 1562.468 2106.250 3825.437 
23.312 28.531 94.687 571.843 939.281 979.656 984.093 1028.375 1520.093 1529.750 2318.062 3175.656 3243.000 3413.875 3414.593 3456.843 3470.125 3741.593 3875.312 3889.281 
22.781 183.187 229.781 251.093 269.906 271.781 640.906 715.437 803.125 1293.031 1303.843 1353.187 1559.093 1589.718 1601.406 1674.437 1887.656 1912.781 1974.656 1990.156 2009.187 2010.812 3764.125 3790.125 3845.250 3914.437 
88.968 218.656 445.906 841.312 963.781 968.875 1246.406 1446.125 1911.406 2544.875 2676.718 3268.531 3565.812 3568.875 3597.625 3623.968 
21.000 40.593 51.906 92.218 210.406 726.875 779.562 784.531 973.968 1161.093 1219.125 1809.937 1911.312 1982.125 2132.750 2332.406 2396.218 2469.687 2658.156 2950.375 2953.468 2970.468 3375.406 3647.687 3749.937 
18.875 27.656 59.875 124.906 185.687 247.312 338.625 357.343 437.625 454.656 731.031 777.906 935.062 976.750 1018.156 1240.437 1466.781 1536.187 1783.750 3002.312 3015.218 3022.250 3024.750 3087.406 3404.781 3668.375 3748.687 3834.718 3843.406 
