306.562 365.406 411.281 1319.093 1803.468 2140.343 3571.687 3786.250 3878.593 3893.031 
74.656 97.718 532.343 612.250 805.281 1068.312 1116.843 2681.906 2713.093 
31.281 151.937 252.218 515.812 1220.750 1253.281 
278.468 353.937 500.406 1088.656 3723.406 3725.562 3821.937 
241.875 298.062 442.500 3428.937 3615.343 
158.250 160.093 184.656 284.187 292.937 439.781 1200.562 1211.093 1304.187 1793.375 1827.500 1838.343 3439.906 3446.125 3618.062 
76.656 282.875 320.843 607.281 1024.781 1028.250 1104.156 1332.437 1465.781 1793.406 1806.750 1834.000 2876.968 3804.906 3811.968 3829.343 
98.500 283.718 410.093 846.093 1096.750 1231.906 1257.656 1337.968 1453.750 1529.750 1610.343 1807.187 2887.968 2897.906 3161.937 3201.437 3219.281 3296.937 
1.093 29.031 156.187 186.968 214.875 239.343 283.843 321.281 518.812 532.750 832.968 846.875 1200.750 1683.312 1694.500 1744.625 1754.187 1912.125 2088.687 2538.718 2571.843 2906.031 2974.843 3780.718 3943.281 
21.531 30.156 247.656 274.437 315.062 485.562 516.656 602.187 687.687 827.562 836.218 1038.375 1207.125 1244.906 1252.156 1714.000 1730.750 1781.500 1915.750 1954.750 1959.062 1964.531 2037.406 2561.343 2582.093 2593.000 2844.406 2873.562 2889.281 2927.562 2991.343 3227.968 3238.531 3294.343 3825.625 3835.750 3846.218 
