27.406 328.437 775.875 987.750 1071.125 1727.906 1843.281 2121.312 2346.156 2394.093 3609.406 
14.187 432.500 907.968 996.437 1068.781 1394.750 1414.468 1468.437 1542.437 2397.843 2414.937 
919.218 1394.656 1802.000 1927.593 1951.312 2226.468 
27.906 81.468 171.312 257.593 724.250 834.531 864.468 1407.843 1630.625 2152.531 3941.093 
-300.750 258.250 372.062 756.968 812.562 1067.500 1627.218 2052.625 
23.968 741.406 761.093 997.218 1042.593 1471.937 1655.625 1815.156 1943.281 2347.375 
62.468 310.125 535.531 725.281 1069.687 1371.437 1392.718 1888.031 2040.906 2054.562 2102.687 
-1119.782 22.468 255.968 546.093 869.375 957.437 982.000 989.250 1067.593 1074.468 1501.906 1888.375 1889.968 2234.468 
178.750 566.187 571.281 623.625 818.625 1044.343 1265.218 1356.312 1402.531 1467.593 1729.281 1809.562 1887.843 2057.687 2348.750 2496.875 2841.937 
-1383.750 61.906 374.281 573.750 674.343 736.937 812.375 814.468 868.468 933.500 974.375 1115.062 1387.312 1505.562 1649.812 1960.468 2084.062 2101.656 2496.718 
-414.188 12.812 144.406 178.906 201.437 535.156 1401.312 1706.687 1715.812 1903.062 2342.250 
-1913.532 12.218 307.125 374.437 431.468 562.656 651.843 726.906 822.906 1286.656 1504.750 1526.375 1543.937 1627.000 1656.312 1893.906 2045.312 2099.718 2249.593 2347.406 2827.156 
26.656 166.093 493.125 730.250 834.468 974.000 1356.312 1380.375 1406.625 1712.750 1848.031 2088.843 2139.250 2145.000 2234.531 2380.531 
-994.688 -419.000 255.156 424.593 433.531 451.875 531.437 1358.718 1631.593 1660.281 1894.906 1939.781 1948.812 3255.875 
