37.062 42.437 44.750 92.906 159.062 162.375 231.031 255.562 393.531 399.656 403.031 433.781 458.656 701.937 1045.750 1073.812 1191.718 1200.468 1231.687 1264.375 1453.968 2004.593 2033.000 2050.937 2377.375 2621.750 2633.375 2873.062 3202.625 3290.187 3775.218 
22.937 80.312 89.656 115.687 135.625 143.218 152.062 154.718 163.593 311.187 403.062 480.687 516.500 561.375 574.968 1079.593 1082.531 1086.937 1098.750 1103.906 1128.000 1148.156 1160.687 1194.218 1197.750 1200.000 1282.562 1920.437 2976.031 3173.312 3186.531 3236.218 3837.656 
37.406 44.687 101.406 123.875 128.781 159.156 160.875 215.562 245.187 318.781 400.500 543.093 564.937 1016.843 1038.750 1101.968 1170.343 1191.375 1196.656 1872.250 3047.875 3652.781 
36.562 61.781 83.437 189.937 214.281 218.593 242.000 401.000 417.562 427.781 440.687 613.687 1091.781 1130.687 1162.812 1194.406 1199.593 1281.812 2204.718 2746.000 2789.562 2793.062 3066.500 3103.718 3901.875 3992.437 
36.843 131.968 168.375 218.000 234.593 238.656 427.062 646.312 1001.718 1036.281 1128.437 1197.875 1305.593 1353.781 1425.531 1442.625 1449.343 2234.656 2277.031 2352.250 3069.718 3109.656 3164.500 3895.781 3900.000 3906.250 3941.468 3945.375 
37.812 142.562 154.937 161.156 399.093 403.000 494.500 689.593 1000.781 1037.156 1042.281 1107.406 1117.750 1252.937 1258.250 1267.906 1273.593 1279.375 1307.968 1406.500 1474.218 3249.593 3323.468 3511.718 
37.562 131.000 161.562 192.406 310.843 392.812 402.093 443.187 489.156 1092.468 1155.062 1162.250 1196.687 1286.687 1301.937 1374.281 1446.656 2118.500 2667.218 2697.843 2755.156 2756.968 2765.375 
44.468 77.218 232.937 395.750 576.250 622.093 636.125 646.531 791.093 1092.406 1095.250 1132.531 1202.843 1234.187 1239.875 1245.093 1870.593 3482.375 3488.343 3984.812 
41.281 43.250 77.312 141.312 155.250 162.031 164.781 208.000 247.687 273.468 302.000 392.000 451.125 497.531 553.781 995.125 1017.593 1103.062 1111.031 1236.281 1250.625 1265.500 1271.156 1768.593 1791.656 1797.312 3257.843 3365.187 3380.187 
40.843 83.468 87.156 138.125 141.281 155.718 165.937 179.750 189.312 193.750 208.031 222.937 229.437 346.187 440.187 768.593 1090.000 1123.468 1197.000 1265.437 1292.281 1298.937 1352.875 1508.468 1518.843 1521.250 2020.437 2038.656 2077.750 2119.437 2201.593 
