19.750 22.062 83.093 154.906 425.562 547.750 634.750 647.843 708.031 839.687 843.937 1200.500 1203.750 1247.125 1254.375 1380.781 1897.968 1900.437 2159.312 2217.656 2225.093 3220.312 3228.812 3236.843 3337.187 3342.468 3375.656 3389.250 
19.937 23.062 86.625 104.312 183.718 1019.750 1048.593 1241.031 1471.312 1475.812 1480.218 1516.312 1523.125 1750.812 2414.312 2419.218 2424.031 2466.062 2480.281 2546.031 2887.812 3012.062 3774.250 3799.781 
20.281 23.125 133.093 428.500 1039.656 1055.937 1246.000 1252.406 1324.812 1793.593 1892.843 2092.437 3060.125 3118.843 3142.531 3926.562 3970.593 
18.781 21.218 26.250 473.531 879.125 901.781 1054.187 1202.187 1239.031 1278.437 1482.218 1882.531 1911.625 2772.343 2785.531 3531.531 3770.968 
20.468 28.187 77.093 100.937 119.843 126.781 190.000 308.343 877.593 955.562 962.687 1027.281 1034.093 1076.312 1082.312 1125.875 1213.687 1252.250 1559.781 1754.218 2413.812 2454.593 2525.125 2798.843 2804.343 2812.968 3576.406 
19.937 21.718 62.187 75.531 94.093 96.375 99.312 103.000 110.250 153.500 158.625 161.843 166.062 168.718 221.375 232.062 237.781 458.187 556.062 723.812 1017.375 1023.187 1031.750 1126.656 1535.218 1550.375 1891.250 1928.718 1941.406 2535.812 2550.812 2600.718 2878.937 3108.968 3114.468 3116.968 
19.750 21.406 23.031 37.500 61.062 122.843 145.968 492.312 569.562 587.156 628.687 1204.093 1237.718 1246.062 1692.968 1702.750 1840.000 1892.218 3195.843 3201.937 3276.093 3307.625 3396.531 3721.593 3738.500 3840.906 
19.406 52.437 65.093 280.062 568.437 700.093 1011.531 1211.562 1519.250 1891.031 1957.937 2474.093 2564.000 2565.718 3544.875 
20.093 22.062 23.312 52.593 59.312 65.125 75.375 82.093 199.531 233.031 241.125 275.375 286.968 441.125 658.906 693.375 719.531 727.968 894.000 900.187 1001.937 1010.906 1032.562 1039.906 1213.500 1256.781 1259.093 1310.812 1596.687 1610.375 1692.031 1718.906 1723.656 1725.656 1731.468 1785.812 1789.843 1794.031 1805.625 1813.781 1817.031 1834.281 1901.406 2083.718 3091.187 3125.312 3546.437 3639.343 
20.093 22.031 25.687 47.625 55.281 62.218 147.781 152.218 171.250 246.281 251.125 291.906 309.375 457.000 463.562 476.687 563.843 643.937 680.218 724.343 758.250 1007.875 1273.312 1284.312 1555.187 1691.781 1716.687 1719.093 1837.468 1889.937 1916.843 2765.906 2811.750 3307.156 3373.187 3378.843 3407.250 3426.093 3699.718 3930.531 3936.156 
