15.781 25.687 61.406 69.375 88.062 91.468 100.250 130.968 268.406 289.406 399.812 430.781 451.031 498.187 684.187 776.156 813.156 847.968 922.625 935.656 1010.750 1044.750 1073.937 1079.812 1109.062 1232.406 1241.406 1378.218 1387.250 1399.125 1513.968 1519.875 1554.937 1584.718 1597.562 1660.500 1669.875 1670.500 1672.968 1677.156 1723.906 1765.750 1810.593 1858.187 
14.531 59.000 263.656 280.531 424.812 669.812 686.312 776.718 785.750 790.250 817.156 823.812 825.531 869.437 930.156 948.875 970.562 1045.625 1071.062 1071.687 1235.593 1378.218 1397.031 1515.875 1538.187 1659.656 1671.312 1716.031 1751.906 1878.156 
14.750 75.875 94.625 268.343 426.125 651.218 827.500 828.250 839.343 928.437 929.562 934.343 1014.375 1071.500 1072.687 1080.125 1121.843 1234.000 1240.875 1277.937 1378.562 1428.812 1429.375 1430.375 1525.343 1675.625 1720.437 1817.750 1838.406 
15.062 65.093 66.218 70.906 103.906 113.250 121.312 290.031 426.593 653.750 792.687 815.875 971.500 1074.906 1123.656 1232.937 1242.906 1258.156 1283.312 1377.937 1394.718 1516.031 1673.000 1827.437 1876.125 
17.000 47.156 66.000 103.500 127.218 264.031 287.625 288.562 296.750 427.000 443.562 467.375 475.812 509.125 651.812 671.781 674.156 816.281 828.250 830.531 851.125 864.093 928.093 929.093 930.375 931.593 1007.812 1023.000 1071.468 1243.156 1380.375 1397.281 1433.218 1566.093 1693.437 1722.500 1755.593 1782.031 1809.937 1814.000 1862.656 1864.187 
15.656 42.656 67.406 77.062 85.718 94.968 262.187 284.375 306.406 425.968 449.437 463.093 652.656 669.875 687.312 796.875 828.343 851.937 923.281 964.937 971.562 1008.812 1052.625 1063.593 1067.156 1114.843 1236.562 1253.343 1397.875 1514.968 1565.875 1598.250 1669.312 1672.781 1692.000 1787.437 1811.625 1819.375 
13.312 14.718 15.343 41.656 66.500 86.375 86.718 102.250 102.937 107.593 114.500 309.562 316.093 451.937 499.406 510.031 669.375 670.875 775.531 792.218 804.812 819.468 856.500 929.531 934.718 970.312 1026.375 1068.312 1079.343 1101.000 1143.750 1231.718 1241.437 1378.687 1386.812 1396.062 1533.218 1664.937 1672.187 1722.218 1753.718 1803.312 1831.218 1867.343 
16.406 33.312 65.062 103.718 104.718 105.718 115.562 262.031 263.218 269.406 296.656 425.750 427.156 433.218 459.156 464.093 489.437 652.062 669.500 777.437 843.125 869.906 928.968 942.187 946.093 991.468 1239.531 1379.000 1395.562 1397.031 1400.687 1404.562 1516.468 1525.718 1569.500 1666.468 1672.125 1690.531 1748.500 1765.093 1814.500 1827.343 1864.437 
18.218 56.375 67.343 71.625 93.718 104.906 120.187 262.312 329.031 452.250 652.437 670.343 776.250 802.625 825.062 929.062 930.406 931.000 951.125 1008.250 1054.437 1070.250 1076.781 1106.375 1233.250 1241.593 1248.312 1379.625 1422.562 1517.187 1571.937 1669.687 1673.718 1758.687 1811.281 1811.968 1860.906 
15.531 37.812 85.250 104.906 116.781 262.718 316.156 426.375 431.375 488.468 650.875 825.656 849.187 850.750 931.562 953.312 971.218 1011.125 1074.906 1234.875 1241.593 1251.562 1282.031 1378.312 1389.875 1418.187 1602.875 1664.031 1670.812 1672.250 1674.281 1674.593 1704.500 1811.593 
