30.218 30.968 33.093 67.312 88.562 141.218 147.218 163.375 265.468 298.812 383.312 423.531 446.343 492.625 544.187 585.625 592.375 667.281 704.156 744.875 954.437 966.875 1070.281 1073.125 1092.406 1109.687 1190.937 1247.312 1292.687 1355.562 1414.031 1441.125 1476.406 
23.375 32.656 40.218 48.093 105.562 151.562 171.468 177.687 264.968 266.031 442.468 520.500 531.750 653.343 653.812 776.031 953.718 1070.375 1077.625 1130.343 1188.843 1255.468 1293.281 1303.250 1355.625 1356.093 1383.875 1409.718 1424.187 
34.781 39.187 46.562 70.125 151.437 266.437 268.062 440.250 449.031 490.250 555.750 651.312 708.843 709.375 733.593 957.750 1070.500 1094.031 1097.437 1134.718 1245.812 1317.906 1372.000 1426.031 1434.718 
31.625 34.656 69.781 105.312 150.906 165.000 171.968 183.718 194.250 281.093 294.468 383.406 384.406 394.000 440.156 488.437 490.375 492.250 532.937 578.750 654.125 710.000 729.437 775.750 964.500 971.375 977.937 1000.562 1071.062 1077.906 1137.000 1238.875 1292.687 1355.562 1356.000 1413.562 1435.375 
31.093 32.406 38.000 58.093 104.718 150.593 151.843 265.031 266.125 286.687 445.125 490.437 491.218 518.937 566.750 582.312 653.375 717.968 735.062 771.812 955.187 964.906 1070.531 1098.968 1189.343 1235.375 1286.250 1354.937 1357.125 1418.343 1449.187 1465.812 
30.968 33.031 33.937 34.968 40.312 69.687 120.906 150.156 163.531 173.593 267.187 385.750 434.656 491.687 510.156 653.718 720.281 730.406 745.000 964.093 1071.843 1075.093 1091.718 1092.468 1190.156 1355.625 1409.687 1410.312 1420.031 
31.875 69.812 108.218 154.312 186.125 267.187 277.187 383.343 417.312 444.156 452.718 491.437 505.593 651.187 653.250 742.718 784.593 1070.968 1092.375 1189.218 1193.593 1245.968 1355.375 1382.218 1399.843 1436.593 
33.000 38.875 39.500 40.187 67.187 151.875 171.750 192.812 279.937 383.625 395.156 418.156 446.718 490.843 538.625 583.781 653.812 654.781 675.656 730.906 734.468 954.843 1068.343 1070.906 1077.875 1102.562 1294.281 1347.937 1354.343 1356.156 1424.187 
31.875 32.718 33.343 40.875 103.156 150.656 171.843 206.718 265.968 382.781 414.812 428.875 460.062 540.156 570.062 590.625 650.781 715.281 720.187 744.375 745.125 955.156 967.875 987.468 1070.500 1073.750 1078.218 1101.812 1120.468 1188.968 1194.000 1239.187 1271.281 1301.687 1357.500 1408.125 1413.343 1436.625 1456.250 
23.437 32.906 41.062 57.406 62.750 75.593 152.812 184.781 213.968 279.625 286.625 287.531 383.781 448.500 457.906 534.968 581.718 652.562 653.500 957.406 987.781 1188.906 1399.468 1409.375 1422.812 1457.375 
