8.312 12.281 24.781 156.187 344.750 855.375 857.000 907.531 946.468 948.375 951.750 956.906 963.812 1093.562 1100.343 1106.656 1363.312 1365.750 1391.000 1401.187 1408.281 1474.843 1542.093 1806.500 1855.187 1857.781 2043.375 2046.125 2053.625 2514.781 2533.531 2916.093 3123.625 3176.687 3184.562 3852.437 3919.500 3923.562 3972.093 
26.718 28.250 86.375 90.875 187.281 192.531 333.375 357.593 373.218 423.937 590.781 644.281 674.875 833.031 840.687 871.843 873.656 874.718 1015.093 1144.375 1521.718 1547.281 1567.968 1599.468 1853.031 1938.250 
214.718 241.500 340.468 344.812 357.218 372.625 387.000 397.281 446.437 558.468 630.093 660.281 664.375 1030.031 1071.468 1074.687 1110.843 1140.562 1187.968 1204.375 1271.312 1286.406 1997.843 2004.031 2010.687 2017.812 2019.781 2408.750 2421.625 2424.125 2431.062 2495.687 2503.375 2505.000 2576.281 3104.656 3182.843 3220.343 3515.625 3518.093 3518.687 3521.687 3525.906 
148.437 153.968 219.406 223.718 235.750 253.750 337.750 341.625 585.125 591.875 597.156 674.906 831.937 840.218 849.906 866.562 940.812 951.187 1391.750 1431.625 1477.875 1509.562 1541.218 1903.531 1906.593 1919.812 2424.500 2429.312 2437.500 2525.812 2885.718 2903.625 2907.062 2910.218 2955.562 2959.843 
15.312 24.687 82.875 338.968 350.500 355.218 365.437 374.343 392.687 400.187 430.562 590.062 594.875 616.687 817.500 830.156 837.250 1048.781 1099.375 1435.187 1624.218 1909.781 1919.843 2064.156 2322.843 2877.562 2880.437 2881.375 2924.812 3013.375 3017.625 3030.906 3377.437 3398.125 
150.000 226.468 230.812 436.343 568.218 1053.156 1057.500 1117.593 1120.093 1124.625 1362.375 1633.031 1637.875 1650.656 1651.562 1679.531 1872.156 2555.343 2560.750 2591.187 2597.562 2599.843 2698.843 2755.187 3233.562 3263.031 3273.375 3277.093 3879.343 3884.468 3936.593 
250.875 274.937 282.593 290.843 313.406 315.593 329.343 332.531 348.781 364.625 394.906 427.750 446.968 540.437 591.156 671.000 998.093 1012.156 1055.343 1111.375 1462.843 2615.031 2618.843 2623.531 3742.906 
268.093 284.562 332.812 363.593 684.093 700.406 711.968 727.375 1517.656 1969.062 2035.718 2414.218 2775.656 2787.093 2813.031 2830.062 2859.937 2862.625 2867.187 3514.593 3557.687 3574.875 
15.781 126.625 130.312 309.156 329.218 332.500 341.656 377.437 379.937 443.031 588.500 593.656 618.500 644.625 801.562 1107.875 1385.125 1436.218 1444.187 1453.062 1460.781 1479.750 1515.218 1516.968 2232.875 2238.187 2242.562 2822.062 2825.593 2830.937 2848.093 3009.531 3037.312 3064.937 3085.468 3674.687 
340.968 349.593 400.906 483.062 584.625 589.156 595.125 618.187 642.593 859.312 888.093 892.125 900.250 988.625 992.312 1365.093 1513.062 1580.281 1878.250 2596.031 3600.218 3604.812 3787.875 3811.125 3917.906 3932.875 
