-1991.875 -1178.125 -987.938 -811.250 -594.125 -94.157 76.593 129.250 159.125 322.031 392.906 408.781 437.968 439.000 459.718 532.281 540.406 553.375 556.968 584.968 673.468 728.156 735.781 806.343 809.562 862.718 888.875 960.656 985.781 1011.250 1043.312 1069.656 1111.468 1126.250 1190.062 1207.343 1244.187 1372.062 1448.250 1582.656 1584.218 1615.562 1665.687 1686.593 1782.093 1892.468 1918.031 1964.781 1975.937 2220.718 2560.156 2957.625 3403.468 
-1949.344 -1900.157 -1886.032 -1872.125 -1858.438 -1812.407 -1800.375 -1768.875 -1711.000 -1674.813 -1650.657 -1578.375 -1552.407 -1486.813 -1456.469 -1418.657 -1310.969 -1234.782 -1216.844 -1171.782 -1131.969 -1065.375 -993.563 -970.375 -872.219 -713.250 -665.094 -622.032 -571.938 -550.657 -492.969 -468.532 -415.938 -333.250 -314.032 -240.688 -213.063 -170.500 -92.438 -64.438 13.656 20.468 23.375 90.968 108.593 111.750 136.406 175.687 177.531 187.406 190.406 231.500 238.312 245.406 253.312 267.687 288.218 321.250 321.937 395.000 409.343 420.500 423.312 444.218 453.593 471.937 480.843 485.968 491.156 528.125 534.375 535.156 541.062 552.187 591.750 592.343 619.625 625.218 628.000 634.875 673.718 710.593 719.375 723.781 727.625 745.375 770.593 775.093 808.093 828.531 864.843 890.937 938.531 961.093 969.281 971.062 973.031 1010.375 1025.562 1071.906 1106.468 1110.593 1133.468 1152.562 1153.531 1162.968 1185.312 1191.187 1201.187 1204.500 1206.468 1248.125 1260.843 1324.875 1359.250 1395.656 1396.468 1443.406 1452.906 1493.187 1508.500 1572.437 1584.656 1613.750 1666.031 1669.343 1675.468 1681.500 1687.312 1707.156 1732.593 1747.625 1757.906 1760.968 1780.937 1784.062 1787.625 1805.593 1819.500 1895.875 1910.937 1931.625 1941.500 1945.687 1959.093 2002.093 2052.500 2107.375 2126.593 2213.781 2249.062 2269.062 2420.125 2453.531 2625.281 2648.031 2712.125 2729.656 2814.375 2838.062 2862.781 2910.312 2948.312 2981.562 3001.875 3022.125 3045.906 3084.531 3115.562 3144.031 3200.906 3246.875 3374.218 3412.062 3458.625 3468.750 3542.968 3583.031 3602.468 3606.187 3620.843 3636.156 3665.781 3683.218 3703.781 3759.687 3791.375 3837.125 3987.218 
-1971.500 -1570.000 -1517.969 -1412.844 -1391.250 -1010.125 -854.344 -697.063 -214.375 -130.657 -39.282 20.312 21.562 79.093 91.625 108.750 131.968 192.125 203.250 267.031 302.875 322.937 419.125 440.812 450.968 473.781 479.718 532.406 591.687 692.656 741.781 796.750 808.156 829.531 864.937 1011.937 1069.125 1070.156 1118.531 1135.343 1136.281 1152.937 1201.281 1209.625 1248.468 1289.750 1321.906 1395.406 1417.406 1490.687 1493.187 1590.000 1666.312 1672.343 1689.750 1754.125 1813.250 1840.218 1918.718 1956.843 1973.312 3461.906 3494.968 3532.906 3537.812 3744.843 
-1955.875 -1873.407 -1845.188 -1785.594 -1755.657 -1663.813 -1562.094 -1311.907 -1292.125 -1277.938 -1210.157 -960.969 -872.375 -823.469 -689.688 -535.094 -468.719 -410.563 -333.188 -236.688 -196.938 -182.657 -79.313 21.468 91.406 112.312 121.375 132.468 184.218 297.750 320.437 433.562 436.312 441.593 473.562 476.468 489.281 539.625 582.625 620.562 699.968 710.625 739.906 796.625 818.750 860.125 861.875 956.781 1005.718 1024.406 1107.437 1127.812 1136.218 1152.968 1190.843 1202.343 1208.718 1245.281 1308.437 1409.437 1446.125 1484.968 1494.625 1583.531 1615.437 1623.812 1666.656 1673.968 1680.250 1688.406 1745.968 1812.812 1818.250 1839.375 1917.375 1947.281 1958.375 1964.375 2235.531 2326.531 2834.656 2848.375 3174.531 3454.437 3504.312 3680.531 3786.812 3883.843 
-1648.469 -1474.844 -1258.313 -1029.438 -1016.969 -862.000 -841.719 -788.813 -713.500 -695.063 -524.500 -338.657 -143.719 -85.907 23.625 76.156 113.687 178.250 189.500 238.187 323.250 414.031 441.531 451.218 473.468 477.062 534.250 566.687 587.718 615.687 620.437 622.125 676.312 741.718 773.406 807.906 818.500 821.375 839.593 866.562 958.281 1010.906 1110.437 1135.718 1152.781 1188.937 1202.000 1209.500 1221.281 1244.593 1324.406 1373.812 1375.375 1393.968 1431.156 1454.781 1465.718 1494.468 1553.718 1585.968 1613.687 1641.562 1666.187 1670.937 1678.093 1687.843 1693.750 1758.062 1813.468 1819.750 1849.968 1865.062 1919.156 1942.468 2415.875 2523.250 3001.562 3154.218 3182.906 3747.187 3975.531 
-1825.844 -1468.563 -1405.469 -1380.313 -804.000 -660.344 -21.219 22.250 44.343 91.656 94.218 112.500 181.031 191.593 322.656 394.750 396.875 408.406 421.656 437.625 445.968 472.750 476.437 527.593 537.593 589.312 620.156 620.656 646.937 715.875 769.125 802.218 861.968 944.781 958.406 1010.531 1069.500 1072.000 1106.875 1161.218 1176.437 1246.968 1398.750 1419.875 1451.343 1478.187 1480.343 1584.843 1613.968 1635.781 1659.125 1666.218 1674.031 1690.343 1758.500 1813.125 1876.406 1918.968 1952.406 1976.281 2636.781 3182.437 3345.406 3561.375 3581.250 3673.656 3730.562 3962.125 
-1937.844 -1570.063 -1515.344 -678.907 -436.625 -421.782 -337.625 94.562 130.812 184.656 202.593 311.062 375.500 398.625 428.968 447.437 478.468 539.156 584.531 706.031 749.406 808.656 861.093 865.468 955.062 1010.906 1066.281 1125.750 1136.718 1153.375 1201.343 1210.062 1223.875 1254.281 1397.593 1477.843 1585.906 1613.156 1666.531 1670.750 1677.187 1682.437 1692.406 1733.406 1758.656 1814.000 1945.781 1955.125 3789.656 
322.875 422.156 454.093 473.406 833.125 863.437 1112.406 1152.562 1270.750 1479.906 1688.937 1694.656 1758.687 1813.593 1818.562 2197.125 2411.062 2718.812 3017.750 3333.875 
110.187 587.656 1414.781 1494.906 1941.218 3250.062 
126.687 276.437 540.468 619.250 808.625 836.218 855.718 859.593 935.531 1088.968 1126.687 1552.187 
765.343 855.062 1129.812 1298.062 1760.281 1920.000 
93.875 109.531 237.531 1037.375 1192.000 1364.625 3546.656 
124.687 187.843 374.843 408.718 766.937 1117.781 1127.187 1369.843 1749.562 
-1457.969 611.750 799.250 856.625 1127.500 1584.750 
