14.437 25.562 28.218 67.093 83.250 83.656 126.468 190.468 337.093 573.750 682.312 839.437 854.031 928.468 944.687 946.500 948.468 1082.250 1247.812 1264.406 1280.531 1300.062 1346.187 1400.375 1425.281 1428.406 1524.500 1650.093 1655.625 1690.687 1888.343 1921.156 
14.875 25.312 32.156 131.593 187.156 191.375 212.687 225.031 234.375 289.500 391.156 397.750 420.843 488.562 532.625 578.000 622.312 756.875 807.375 809.281 848.812 849.625 853.781 947.906 1082.250 1193.031 1264.250 1425.250 1448.062 1550.937 1597.281 1675.218 1688.375 1705.062 1722.343 1791.187 1795.593 1814.937 1820.656 1884.375 1896.906 1912.718 1929.687 1974.093 
22.406 35.500 44.593 69.593 80.500 83.656 85.468 148.656 211.125 260.812 295.718 302.375 329.562 398.375 450.968 544.281 574.687 719.406 808.000 909.156 942.062 946.250 961.812 1009.781 1080.125 1101.781 1188.843 1269.531 1292.500 1297.531 1301.937 1400.968 1423.156 1449.718 1456.031 1472.375 1507.093 1509.156 1524.531 1529.906 1550.625 1562.718 1594.937 1605.812 1650.406 1652.437 1659.093 1691.500 1707.875 1708.625 1738.281 1822.625 1863.187 1969.187 
25.656 27.937 48.843 50.937 95.187 97.593 128.718 205.125 206.187 210.656 239.125 244.843 298.937 333.375 337.437 391.625 395.375 395.781 425.031 425.531 425.937 431.187 469.375 497.250 501.375 533.125 544.062 546.187 567.375 572.968 647.250 729.281 783.218 805.843 851.437 872.875 908.250 908.875 936.343 1008.562 1011.625 1013.781 1080.468 1107.031 1129.218 1144.625 1222.875 1265.875 1267.125 1340.531 1341.656 1345.687 1425.437 1587.062 1646.062 1686.187 1704.406 1776.125 1795.500 1796.093 1840.750 1859.125 1883.062 1925.406 1926.187 1937.406 3729.625 
22.218 40.281 64.468 78.156 131.343 149.093 196.656 332.656 333.125 336.656 395.562 398.281 428.937 435.750 534.406 545.875 553.031 566.031 619.687 823.000 1013.937 1083.437 1129.312 1149.031 1218.000 1220.156 1262.062 1264.875 1339.656 1341.281 1403.718 1422.968 1425.500 1454.625 1506.625 1511.843 1525.218 1584.968 1655.968 1710.375 1738.250 1840.468 1864.625 1868.281 1880.687 
-858.344 -857.407 -850.438 15.406 15.843 21.062 25.375 44.375 61.906 67.281 82.875 86.687 113.187 125.937 126.562 131.625 162.968 196.218 263.468 310.625 332.500 389.187 393.593 450.343 450.625 534.031 601.843 627.281 646.375 778.312 807.781 880.000 927.656 953.375 1077.500 1089.718 1102.843 1126.812 1127.375 1132.781 1165.937 1169.906 1188.875 1261.812 1267.031 1284.281 1315.937 1341.937 1400.593 1423.625 1425.812 1476.218 1485.437 1526.781 1544.687 1550.281 1587.375 1591.625 1594.781 1645.750 1646.031 1648.093 1749.406 1842.906 1863.406 1935.718 1967.031 
15.000 15.343 15.687 22.093 29.781 54.312 83.656 98.031 101.156 136.656 137.781 186.437 211.093 221.093 232.843 243.812 284.625 295.750 300.187 322.093 372.468 378.625 425.843 466.375 516.593 551.031 556.343 563.093 570.687 572.562 604.000 647.500 649.281 700.031 805.562 856.875 904.156 927.218 944.750 1067.875 1070.312 1115.718 1126.812 1168.218 1318.093 1388.906 1400.812 1403.156 1424.812 1427.750 1447.281 1474.718 1492.093 1512.500 1562.500 1590.093 1633.062 1655.875 1658.093 1691.093 1693.500 1735.250 1740.843 1863.343 1967.875 1970.312 1975.437 
25.218 41.593 64.562 95.218 162.281 166.000 183.906 194.437 204.093 285.437 299.031 469.312 495.250 519.281 538.531 566.093 575.687 604.437 653.062 721.593 779.718 911.875 946.187 1007.093 1117.093 1184.218 1187.125 1218.750 1264.250 1299.687 1302.531 1348.937 1419.500 1424.968 1467.031 1529.281 1546.812 1549.437 1590.375 1633.156 1653.812 1655.593 1656.531 1714.968 1716.250 1737.406 1820.531 1840.968 1843.281 1866.687 1878.250 1880.875 1890.062 1929.750 1970.437 
118.250 126.406 148.125 164.156 170.218 176.593 263.343 275.000 318.312 320.750 332.406 338.812 347.125 385.750 393.218 393.781 396.156 423.062 428.156 454.312 490.000 496.187 499.281 522.406 544.187 563.718 602.000 623.031 631.156 719.375 724.437 747.687 778.000 809.125 810.250 837.875 950.500 1067.656 1080.718 1082.812 1083.250 1108.062 1116.125 1165.375 1172.500 1178.031 1219.562 1295.968 1326.875 1346.125 1402.656 1487.312 1496.093 1509.312 1524.812 1541.843 1587.875 1589.937 1593.312 1645.906 1679.875 1681.343 1711.718 1734.687 1740.281 1768.281 1797.593 1839.437 1868.906 1884.468 1884.937 1930.781 1938.281 
21.750 22.031 25.843 83.656 91.562 117.062 124.250 126.468 148.562 184.218 187.937 196.000 221.375 233.812 235.500 236.656 244.562 250.156 285.718 394.156 394.593 398.343 398.937 435.000 474.187 494.875 545.031 558.781 578.062 587.312 602.156 652.937 665.656 668.312 719.593 726.750 755.562 848.156 868.218 960.625 968.906 1014.781 1080.968 1144.812 1150.406 1163.218 1184.156 1267.343 1284.125 1326.968 1341.312 1365.156 1401.125 1477.687 1492.843 1530.437 1559.937 1593.781 1633.187 1649.812 1651.125 1678.312 1712.125 1715.312 1791.031 1791.562 1840.656 1843.218 1846.750 1931.468 1973.718 
