49.500 69.937 337.843 344.843 353.843 540.750 632.125 705.312 718.218 765.656 793.468 822.968 859.062 891.406 909.781 927.937 987.343 1042.031 1128.312 1210.812 1416.250 1459.406 1493.906 1522.625 1538.437 1540.062 1547.718 1553.281 1562.906 1633.781 1642.000 1661.906 1830.000 1856.937 1867.312 1890.656 1990.656 2021.000 2046.375 2065.843 2109.906 2163.875 2183.937 2185.781 2186.468 2215.875 2235.062 2329.062 2342.937 2609.531 3046.000 3073.343 3640.687 3652.187 
251.187 343.968 444.312 519.281 696.562 698.718 725.937 856.656 891.750 903.281 918.406 926.218 979.687 981.218 993.718 1007.625 1021.562 1066.343 1097.468 1127.125 1302.750 1499.687 1528.062 1651.562 1821.281 1846.906 1864.937 2148.031 2150.750 2186.718 2190.625 2195.312 2298.687 2348.062 2375.562 2410.375 2448.000 2694.406 3272.250 3378.781 3670.375 3740.187 
67.843 147.593 475.281 534.593 765.750 767.562 797.031 816.687 847.000 860.781 884.625 948.625 1002.718 1014.187 1023.750 1042.343 1055.406 1166.250 1185.375 1196.031 1202.187 1362.312 1431.531 1452.750 1457.312 1486.062 1487.906 1489.031 1512.781 1514.906 1528.812 1832.593 1858.750 1916.906 2020.062 2039.812 2071.593 2110.531 2130.250 2215.687 2339.312 2340.250 2357.656 2377.218 2482.281 2611.406 2665.625 2898.968 3015.718 3486.437 3498.625 3682.343 
28.062 246.000 372.781 701.125 727.062 759.687 785.812 825.937 895.125 988.062 1012.625 1013.406 1028.906 1032.906 1067.625 1143.125 1163.718 1175.968 1206.281 1400.562 1436.031 1458.937 1486.812 1545.250 1601.250 1673.437 1696.718 1782.375 1832.031 1860.687 1875.593 1886.781 1899.000 1916.687 2018.156 2088.343 2132.812 2136.437 2150.031 2166.156 2168.312 2202.343 2207.437 2258.937 2338.125 2374.437 2530.343 2666.687 2825.093 3131.718 3438.406 3768.156 3781.031 3784.937 3792.875 3803.187 
203.687 389.000 480.187 497.156 697.718 826.031 984.187 1018.875 1170.562 1319.093 1352.031 1373.468 1410.156 1465.843 1492.656 1520.187 1538.531 1554.781 1579.125 1651.500 1756.406 1869.375 1992.937 2039.718 2060.375 2139.906 2149.750 2232.968 2275.562 2889.812 2908.437 3201.437 3252.687 
421.156 463.437 719.656 997.125 1048.687 1063.156 1118.406 1298.031 1393.437 1442.437 1466.093 1557.343 1852.812 2025.312 2143.781 2152.000 2160.593 2195.031 2208.031 2227.250 2239.906 2260.875 2284.468 2299.093 2311.968 2346.937 2428.031 2500.000 2562.875 2618.625 2630.687 2676.125 2678.656 2709.937 2711.406 2970.968 2978.906 3385.968 
186.218 518.593 746.593 970.968 1053.812 1414.687 1477.593 1517.875 1527.125 1534.250 2114.250 2182.281 2384.406 2618.406 3172.187 3894.968 
799.031 1028.750 1128.343 1132.531 1190.843 1494.750 1518.187 1863.625 2360.062 2620.156 2803.156 2893.875 3545.156 3955.937 
361.125 478.062 499.187 604.625 789.906 908.781 994.468 1020.406 1271.093 1474.125 1495.437 1527.187 1623.531 1923.000 1933.000 1936.093 2072.531 2080.312 2149.687 2243.906 2279.562 3059.875 3062.562 3068.343 3993.312 
123.750 478.687 803.218 960.406 1146.718 1516.156 1932.125 1935.062 2136.500 2143.406 2935.593 3251.812 3585.875 
