42.406 292.312 324.000 1049.406 
-847.125 15.093 357.156 607.406 656.375 702.312 983.125 1184.906 1308.750 1507.968 3060.312 
-949.094 32.000 49.906 293.093 701.625 1183.531 1560.312 2318.343 
23.125 279.343 289.843 454.218 553.156 1183.500 1969.593 
-349.344 471.375 679.718 721.656 1091.875 1111.281 1815.031 1863.218 
-1686.657 280.125 768.500 1208.343 1235.468 1879.937 1970.218 2387.437 
99.218 268.343 478.656 561.968 1968.468 2522.718 2765.531 3309.531 
-194.500 291.687 325.750 1920.187 3593.593 
-1520.938 566.937 817.437 1182.156 1734.375 1952.062 1968.781 2638.750 
35.937 212.375 279.375 365.281 372.593 440.406 1039.156 1185.000 1594.375 2541.593 
