-1849.157 -1836.469 -1279.094 -1229.625 -807.844 -702.219 -574.625 -189.157 27.843 29.937 96.843 114.718 247.093 426.718 529.656 931.375 939.250 1282.156 1540.718 1690.125 1698.218 1749.750 1808.625 2632.437 3047.968 3249.687 
-1955.313 -1715.657 -1299.000 -1010.188 -670.344 -319.438 -90.907 71.718 98.156 181.187 224.968 400.375 425.781 665.156 665.937 724.312 932.406 996.281 1147.937 1325.812 1411.343 1506.843 1579.875 1678.625 1843.406 1972.937 1973.843 1994.718 2113.562 2326.312 2880.031 2881.875 3205.375 3937.250 
-1998.250 -1474.032 -602.657 -511.000 -323.407 -312.594 23.968 24.843 28.562 297.406 439.468 441.281 612.437 714.500 827.781 992.500 1426.500 1469.500 1624.093 1627.156 1634.125 1731.750 1961.531 2317.156 2330.531 
-1310.500 -939.813 -710.188 -708.094 -454.907 -314.188 21.437 22.750 31.156 54.593 106.687 191.656 223.781 421.750 448.656 521.500 637.625 667.281 725.093 968.625 1077.718 1216.968 1390.843 1475.500 1509.906 1613.062 1681.406 1813.437 2016.843 2378.937 2876.968 3782.562 3885.312 
-1104.625 -1045.438 50.562 361.093 388.687 648.593 667.687 1324.625 1413.937 1419.000 1707.968 1731.437 1758.500 1890.125 2117.593 2570.156 2756.375 
-1622.563 -1379.219 -1029.563 -241.344 24.625 26.968 35.187 143.093 358.375 506.093 1030.718 1159.750 1326.062 1391.500 1465.531 1618.312 1667.687 1686.500 1807.625 1882.218 1923.531 1972.968 2082.468 2933.750 3579.562 3634.218 
-1930.594 -1215.500 -897.969 -891.094 242.375 252.437 296.093 356.468 462.625 595.250 652.250 702.281 1151.718 1156.468 1365.906 1387.906 1552.906 1619.812 1624.312 1742.218 2690.562 3169.250 
-1142.219 -719.594 -584.657 -32.438 -21.657 66.781 72.375 295.281 360.781 494.906 581.375 665.593 779.218 1150.718 1159.468 1596.062 1789.156 1818.687 2270.093 2477.500 2549.062 2746.500 3052.125 3241.531 3275.000 3277.218 3379.406 
-1359.282 -745.969 -159.250 27.843 295.000 331.781 406.906 620.156 836.093 987.875 1038.843 1045.656 1049.500 1386.218 1473.031 1731.218 1733.312 1882.437 1928.468 2873.031 3771.218 
-1765.969 -416.407 -278.344 22.531 32.406 74.125 223.625 424.937 583.875 677.156 865.250 969.531 1199.187 1329.343 1391.687 1393.312 1395.937 1667.125 1669.656 1730.062 3281.468 3748.062 3824.781 
