523.406 585.031 630.250 819.093 856.156 
48.812 73.468 285.687 565.656 567.500 568.718 583.062 584.406 604.437 630.343 763.437 809.500 811.343 816.687 832.156 948.500 1394.406 1445.031 1454.031 
46.343 56.718 227.437 519.406 567.937 616.593 637.718 638.718 856.406 857.437 939.812 1157.468 1179.343 1239.218 1423.562 1469.156 1484.031 
368.093 535.531 553.437 555.906 587.250 638.750 1249.687 1261.593 1274.750 1478.812 1506.593 
553.812 563.750 612.406 636.906 797.937 1243.718 1338.281 1494.406 1506.718 
48.531 548.875 624.500 632.281 639.656 832.187 865.031 1506.937 
155.156 498.843 500.937 502.500 558.093 590.250 598.906 762.812 1251.062 1252.468 1258.531 1397.906 1432.718 1446.500 1504.968 1539.625 
46.625 138.375 510.250 536.968 556.562 612.968 625.093 640.218 1328.156 1420.375 1431.500 1497.687 1504.687 1505.781 2405.562 
137.750 151.281 365.375 394.218 450.468 605.812 652.156 1078.968 1169.125 1239.562 1261.281 1492.531 
48.125 152.312 198.875 283.156 449.250 557.375 583.906 601.531 617.312 624.968 846.875 858.156 1064.250 1081.750 1235.875 1236.406 1435.437 1457.343 1508.937 
