-1822.344 -1588.813 -1379.844 -1087.375 -718.000 37.031 495.281 544.468 707.687 749.250 811.031 817.625 873.500 1088.750 1165.312 1457.937 1657.718 1742.531 1758.937 1766.281 1896.406 2055.656 2067.718 2917.562 3446.937 
-1945.719 -1785.500 -1628.000 -1548.157 -1409.219 -1180.282 40.125 193.656 567.156 578.218 675.000 761.625 1017.968 1086.343 1357.000 1586.656 1859.031 3104.250 3731.531 
-1879.532 -1876.282 -1873.782 -1863.157 -1282.594 -1206.250 -1050.250 -1045.344 -733.094 -653.688 -264.969 39.968 75.343 336.343 564.875 921.937 1120.312 1293.625 1517.281 1710.843 1942.687 1998.750 3688.187 3691.125 3838.093 3851.781 
-1869.094 -1672.375 -1422.500 20.781 328.906 382.156 684.812 813.156 1140.687 1655.812 1973.468 3453.937 3967.531 3972.312 
-1654.938 -1602.000 -1286.188 -852.625 -680.813 -556.719 -367.282 -14.782 42.562 100.750 222.031 229.281 265.437 495.812 545.625 738.968 815.812 899.093 974.687 982.375 1212.562 1297.156 1362.906 1800.250 2448.937 3424.781 
-1886.125 -1770.875 -1688.063 -1675.532 -1601.594 -1192.875 -1186.938 -1139.094 -1132.375 -780.938 -747.094 -466.782 -452.313 34.250 101.593 102.250 102.812 103.437 103.656 232.281 330.343 582.187 653.843 820.593 822.562 825.843 827.625 1630.062 1667.968 1711.343 1914.562 2090.656 2172.000 2216.625 2704.062 2714.781 
-1810.313 -1776.782 -1725.625 -1096.157 -190.188 -70.125 107.875 340.843 342.375 359.218 359.593 490.062 876.156 973.281 1564.875 1896.218 3168.375 3676.031 3760.781 
-1801.469 -1468.250 -1109.813 -1106.594 -305.625 36.062 179.156 195.968 328.218 480.250 744.375 969.593 1147.906 1210.312 1428.843 1713.906 2037.093 2515.750 2797.687 3609.625 3745.812 3764.218 
-1903.063 -1890.657 -1039.875 -655.125 -644.125 -540.250 -203.188 -13.000 190.875 203.781 755.343 770.875 820.218 1037.625 1229.843 1480.531 1716.656 1870.812 2312.468 2681.125 2736.718 2981.875 3029.312 3042.812 3227.375 3382.062 3850.593 3908.750 
-1998.938 -1969.750 -1821.719 -1818.813 -1580.094 -1341.063 -1175.375 -972.750 -686.125 -197.157 -3.938 40.250 184.843 528.156 724.312 772.625 1121.750 1210.937 1260.968 1333.718 1362.531 1515.531 1769.531 2186.875 2500.781 3149.437 3455.218 3501.406 3513.406 3628.718 
