-1771.063 -1564.719 -1524.782 -1332.500 -1321.469 -796.532 -749.032 -527.657 -251.907 -174.657 40.968 80.343 123.781 132.250 275.250 448.968 777.437 820.781 1005.343 1271.781 1344.093 1362.843 1459.125 1534.531 1646.937 1760.593 1814.687 1827.031 2131.531 2259.062 2503.312 2542.468 2646.562 2752.125 2772.500 2816.906 2903.000 2990.843 3011.718 3279.656 3590.593 3672.750 3695.000 
-677.563 -629.938 -144.438 20.125 47.000 56.812 201.812 495.281 502.562 590.531 671.656 693.000 814.687 873.031 938.718 1116.312 1129.093 1181.906 1376.500 1380.843 1404.625 1649.343 1699.781 1759.968 2044.437 2067.531 2075.750 2140.062 2252.343 2420.093 2920.468 2966.500 3343.562 3523.937 
-1855.438 -1411.782 -1344.594 -808.750 -605.125 -394.407 -267.344 -180.938 -129.375 58.750 195.687 201.062 202.125 347.156 389.031 427.843 429.937 514.718 848.031 1101.687 1114.000 1182.656 1199.343 1349.437 1462.093 1538.406 1576.750 1577.812 1578.312 1583.093 1584.562 1659.531 1821.031 2043.312 2100.750 2452.656 2547.500 2777.187 2887.062 3108.875 3181.781 3416.343 3424.531 3469.406 3567.281 3722.437 3791.593 
-1931.500 -1198.688 -1146.188 -1020.563 -960.563 -834.719 -232.907 -231.594 5.437 22.218 25.437 47.125 58.312 181.687 200.750 205.593 305.062 386.062 387.937 477.500 763.187 816.656 912.875 955.531 987.812 1111.406 1171.312 1348.375 1406.125 1724.156 1742.187 2315.687 3225.281 3254.656 3364.843 3479.250 
-1250.907 -1174.157 -1168.344 -1141.219 -1126.344 -994.344 -783.032 -775.938 -563.563 -391.750 -295.157 -116.500 23.625 25.468 66.531 74.125 192.500 370.000 1112.781 1118.593 1151.218 1178.875 1185.656 1276.781 1346.375 1355.500 1531.718 1534.468 1538.125 1541.593 1648.343 1655.843 1832.187 1927.218 1971.968 2052.781 2181.937 2373.343 2423.812 2895.937 
-1932.219 -1758.938 -1368.375 -1339.625 -1172.875 -890.782 -722.469 -716.907 -525.938 -494.188 -179.188 28.062 36.343 44.968 97.437 379.031 381.781 390.062 495.593 638.875 675.250 1004.500 1009.875 1061.468 1346.000 1347.593 1502.937 2026.406 2027.031 2027.718 2102.500 2162.468 2283.312 2420.312 3235.437 3257.906 3281.718 3329.500 3395.031 3518.781 3711.187 
-1528.125 -1430.500 -986.938 -957.844 21.406 39.250 612.843 678.062 819.656 1569.062 1723.593 1881.750 3119.500 3250.875 3384.687 3420.125 3637.875 3641.031 3796.093 
-1897.938 -1754.969 -1751.407 -1694.094 -1553.688 -1506.094 -1418.750 -1405.782 -1401.907 -1346.813 -1338.313 -759.313 -728.188 -720.625 -718.844 -712.688 -658.469 -644.750 -143.313 30.437 46.812 49.625 195.500 196.187 226.593 428.781 741.000 742.687 830.718 1119.875 1297.718 1345.812 1354.218 1458.843 1542.250 1651.625 1727.000 1785.312 1823.937 2719.312 2780.343 3615.343 
-1896.750 -1711.875 -1697.094 -1607.688 -1346.625 -1342.032 -1337.250 -1135.500 -1097.563 -1071.094 -1050.219 -652.532 -178.813 90.562 98.250 126.875 194.500 383.218 384.000 503.406 680.468 754.843 818.093 929.093 1463.343 1535.843 1551.593 1648.093 2224.531 2765.000 2934.156 3299.312 3300.500 
-1923.969 -1571.344 -1551.594 -1246.282 -1137.032 -888.563 -832.719 -412.907 -344.594 -343.844 -340.532 -83.969 -80.032 26.812 194.250 195.843 234.656 242.500 275.937 357.593 384.187 385.531 825.593 938.937 1372.625 1543.812 1598.156 1602.750 1663.593 1722.968 1723.718 1894.187 2353.250 2411.875 2797.375 2853.625 3047.093 3088.312 3585.625 3708.750 
