-1915.907 -1486.094 -1274.688 -1242.782 -1034.250 -323.657 -259.594 -249.594 34.593 615.500 648.562 891.500 1076.937 1132.937 1135.031 1141.093 1229.968 1430.906 1741.406 1743.531 1976.500 2034.062 3083.312 3285.156 3467.968 3483.000 3834.656 
-1771.344 -1468.813 -397.532 -397.094 -271.844 192.031 266.218 279.937 370.156 485.031 554.250 655.593 776.250 819.531 946.593 983.843 1323.000 1686.875 2611.281 2795.156 2903.125 3773.093 3776.531 3779.250 
-1961.938 -1554.625 -1400.594 -1266.344 -1214.375 -1204.938 -926.282 -895.000 -826.594 -428.407 36.375 53.375 112.781 376.343 446.562 477.312 549.218 956.250 970.156 1264.812 1362.562 1685.562 1747.937 1827.906 1869.031 3297.593 3602.468 3606.000 3898.562 
-1865.594 -1630.344 -951.032 -377.688 -370.063 -359.063 -241.063 49.500 93.937 94.718 95.187 614.250 655.750 664.875 743.468 894.125 936.562 941.281 1032.000 1077.718 1105.281 2038.593 2064.937 2085.218 2386.468 2585.718 2881.312 2978.312 3397.906 3703.062 3736.000 3737.750 
-1778.969 -1773.250 -1753.375 -1265.344 -1206.844 -782.969 -651.250 -499.375 44.718 118.843 189.187 202.656 218.625 662.843 704.906 834.656 948.187 1009.750 1078.218 1148.843 1220.281 1538.593 1745.312 2401.500 2412.625 2423.187 3021.000 3220.437 3353.937 3409.156 3973.812 
-1986.000 -1032.032 -1031.532 -533.657 -437.782 -411.657 43.125 112.625 275.281 289.031 321.875 348.500 513.218 513.843 528.468 548.343 614.750 658.750 662.218 1085.531 1132.906 1139.500 1224.625 1261.468 1365.343 1423.187 1429.500 1430.062 1745.093 1833.312 2244.218 2245.312 2290.968 2438.750 2477.750 2543.843 2669.000 2696.093 3514.250 
-936.094 -665.250 71.593 74.031 371.843 372.906 375.406 436.937 462.531 762.718 833.531 893.500 1235.031 1263.406 1429.406 1433.937 1525.250 1913.937 2419.968 2433.687 2435.281 2610.250 3960.812 
-1399.719 -943.625 -565.375 -300.875 -58.344 -22.157 106.281 205.875 315.843 661.843 1222.062 1340.375 1741.437 1741.750 1755.062 1845.500 2361.593 2378.781 2379.187 2541.375 2561.656 2991.625 3037.218 3712.781 3719.250 3989.125 
-1959.407 -1555.250 -1429.125 -1362.282 -911.969 -577.032 -193.469 202.718 319.250 378.406 422.500 468.312 553.968 831.406 938.687 939.875 980.250 1436.156 1524.656 1616.875 1636.750 1746.406 1920.812 2175.937 2276.781 2281.312 2365.593 2543.406 2594.468 2962.187 3071.343 3211.125 3221.781 3226.843 3396.468 3405.187 3495.843 3502.125 3507.625 3569.406 3574.375 
-1927.157 -1613.188 -1428.032 -1212.282 -812.625 -393.813 -7.157 196.250 372.187 457.906 489.875 654.968 770.156 937.750 1230.656 1348.531 1390.375 1519.281 1655.062 1703.593 1734.062 1747.375 2221.437 2674.593 3039.656 3314.312 3551.062 3993.843 
