103.375 453.656 456.468 464.312 465.718 468.875 521.906 525.906 529.968 539.281 542.125 554.531 794.562 794.937 797.406 799.437 800.218 806.875 814.843 831.437 1096.437 1206.500 1222.062 1310.750 1471.125 1557.437 1559.812 1571.156 1581.531 1593.312 1689.250 1782.187 1868.468 1880.781 1949.218 2177.093 2189.156 2207.375 2209.625 2210.875 2211.281 2260.406 3229.250 3349.562 3353.625 3751.437 
150.375 152.906 154.500 162.781 170.843 171.406 200.125 254.375 456.781 470.718 484.156 795.593 803.156 804.687 805.406 805.656 817.656 977.343 1096.468 1307.718 1323.281 1343.781 1394.937 1411.562 1560.968 1568.656 1569.312 1572.500 1573.750 1782.000 1785.156 1952.125 2386.468 2392.500 2394.875 2398.250 2410.187 2412.687 2437.781 3301.968 3464.718 3486.281 3493.062 3494.187 3495.281 3571.437 
446.906 455.562 469.093 785.312 785.875 790.062 791.656 793.406 794.156 808.343 809.781 824.031 828.218 832.312 875.843 908.093 1095.531 1097.625 1098.312 1212.593 1468.312 1550.781 1560.000 1581.250 1584.125 1775.250 1785.031 1798.687 2008.375 2028.968 2065.781 2105.593 2111.250 2153.562 3100.593 3194.468 3195.781 3199.468 3209.156 3232.531 3253.593 3267.281 3269.625 3272.375 3274.906 3281.656 3356.937 3359.781 3927.906 
218.187 243.875 277.531 281.468 281.781 282.500 284.031 284.531 799.250 803.062 818.375 868.843 1096.843 1157.437 1215.062 1266.250 1433.218 1435.656 1436.906 1446.968 1465.312 1495.875 1532.875 1535.687 1554.812 1578.437 1600.781 1784.531 1791.250 1877.562 2499.312 2504.000 2515.687 2523.593 2532.500 2540.468 2541.812 2544.281 2585.250 2585.906 2588.718 3704.781 3706.781 3725.343 3740.187 3751.031 3752.375 3756.468 3800.937 3806.156 3809.406 
30.250 35.093 95.187 458.093 458.687 465.656 574.812 579.625 713.062 875.875 1095.937 1096.750 1097.750 1295.750 1469.750 1552.218 1573.875 1576.375 1578.218 1590.343 1783.000 1867.250 1884.875 1886.562 1899.031 1899.812 1902.062 1904.687 1907.781 1946.406 1965.187 1985.062 1998.906 2000.250 2975.093 2979.843 2980.531 2981.906 2983.312 3004.281 3014.968 
452.625 456.406 458.687 715.781 978.000 1099.218 1266.093 1274.375 1304.593 1571.343 1578.593 1778.406 1781.843 1782.531 1789.406 2944.281 2945.062 2946.000 2959.062 2967.406 2978.531 2983.468 2990.875 3024.906 3950.093 
451.281 458.125 465.750 795.437 799.812 805.156 911.718 917.937 921.156 947.843 948.562 992.937 1574.687 1575.375 1601.093 1793.093 1878.656 1879.781 1891.843 2064.093 2087.125 2088.843 2097.031 3028.343 3168.500 3173.343 3207.468 3233.625 3278.500 3292.968 
110.343 119.218 362.343 429.156 433.000 434.906 514.062 822.343 1325.593 1575.875 1596.062 1614.187 1625.343 1660.687 1715.687 1783.093 1789.625 2765.125 2778.656 2821.312 3921.625 3922.906 3925.093 3937.218 
370.093 798.187 807.500 821.843 966.500 980.468 983.718 1001.781 1006.000 1218.437 1551.625 1790.750 1799.812 1870.500 1879.281 2166.968 3331.781 3336.000 3339.000 3347.593 3387.218 3437.093 3631.593 3632.812 
260.156 269.593 278.125 287.687 447.375 455.218 456.437 794.906 801.281 802.750 806.812 812.437 902.218 910.187 1095.281 1388.500 1392.000 1406.375 1569.937 1574.281 1575.843 1785.437 1787.375 1867.968 1872.968 1882.062 1882.875 2524.593 2525.687 2527.781 2528.843 2547.531 3491.750 3629.125 3630.187 3638.750 
