194.531 206.750 267.843 270.656 271.593 401.937 480.031 482.187 483.468 485.500 487.187 493.375 584.718 845.156 867.062 876.093 945.718 954.500 967.062 996.843 1004.593 1224.343 1227.656 1357.656 1438.718 1592.468 1597.187 1775.468 1796.031 1798.218 1810.000 1852.281 1861.125 2117.781 2127.531 3264.437 3267.500 3268.250 3270.968 3276.000 3279.375 3281.062 
142.000 149.531 191.531 197.937 268.718 271.406 285.125 310.093 404.906 416.687 480.093 485.156 676.406 715.468 751.843 841.375 843.281 944.968 946.687 950.718 951.531 958.906 961.000 972.468 973.281 1255.843 1263.375 1280.468 1341.375 1346.562 1352.062 1496.812 1501.843 1593.750 1597.156 1597.906 1600.656 1774.593 1863.625 2989.250 3002.062 3010.593 3012.562 3409.843 3433.437 3849.906 3867.812 
196.093 265.625 266.812 272.312 275.718 278.000 297.906 308.031 364.937 389.843 390.500 391.562 409.750 474.781 482.937 677.937 845.406 951.843 967.187 1234.312 1252.281 1431.437 1433.187 1453.093 1505.500 1508.000 1592.187 1599.031 1604.125 1782.031 1790.000 1809.343 1812.812 1857.375 1858.718 2628.031 2628.937 2630.562 2637.437 2644.062 2655.531 2665.187 2702.656 2711.437 2743.687 2746.875 3829.187 3841.562 3878.156 3878.812 
176.375 274.906 275.906 431.843 482.875 494.781 678.250 679.062 690.531 846.531 852.312 954.781 978.218 1002.343 1015.656 1042.625 1059.093 1200.750 1226.656 1339.000 1591.718 1597.156 1784.562 1796.937 2094.625 2098.312 2099.625 2102.468 2110.875 2117.843 2122.250 2183.750 2186.031 2202.843 2207.187 3263.843 3265.312 3266.375 3272.031 3286.906 3348.218 
192.375 267.218 268.531 269.656 404.500 416.312 428.156 429.687 431.125 440.468 481.031 483.687 485.687 703.718 846.437 907.250 945.750 947.000 1219.250 1249.968 1253.187 1264.375 1347.187 1567.343 1577.812 1580.156 1581.281 1582.156 1589.781 1631.062 1635.031 1636.125 1642.312 1670.906 1672.656 1798.343 1850.000 1857.000 2613.000 2619.187 2713.250 2722.218 2733.531 2871.656 3612.593 3645.437 3770.000 3847.000 3854.187 3877.406 3932.531 3947.375 
267.406 347.843 351.625 355.625 368.093 383.281 384.875 394.375 415.250 437.750 454.031 485.437 494.843 671.531 682.000 685.000 845.406 890.843 957.218 968.312 1006.718 1008.718 1199.312 1254.000 1283.531 1340.312 1395.562 1398.125 1404.531 1411.718 1427.906 1479.687 1592.718 1597.343 1597.843 1619.312 1770.875 1776.312 1792.468 1857.468 1858.625 2513.750 2523.218 2529.562 2545.656 2548.125 2645.031 2645.500 3680.218 3689.062 3697.375 3712.593 3715.625 3725.781 3733.093 3782.500 3783.093 
95.062 181.343 277.781 472.593 481.937 534.437 565.906 566.937 570.406 574.937 576.812 589.937 843.437 848.906 850.375 975.156 1276.468 1349.843 1496.187 1496.937 1673.750 1693.406 1697.687 1735.500 1790.843 1801.718 2863.312 2883.125 2891.156 2974.781 2978.906 
116.687 118.187 125.312 126.187 127.500 150.531 154.312 223.093 274.562 474.531 678.343 843.093 949.656 962.375 966.187 981.156 1221.750 1224.781 1259.468 1289.437 1292.906 1343.000 1346.125 1359.375 1400.031 1498.593 1600.468 1774.843 1775.875 1786.218 1800.812 1803.843 1854.812 2457.687 2462.593 2465.156 2517.750 2519.468 3624.531 3642.125 3645.937 3687.437 
263.687 279.437 411.000 476.000 501.531 677.062 678.125 679.375 852.937 855.593 856.187 873.468 997.781 1256.968 1355.250 1589.531 1620.531 1778.906 1780.437 2108.906 3184.156 3185.812 3186.343 3209.093 3232.656 3244.531 3295.187 
144.750 476.625 851.125 852.093 948.125 957.125 1209.468 1590.312 1593.437 1599.218 1600.062 1742.562 1777.062 1793.656 1855.468 1865.687 2180.500 3283.687 3285.437 
