14.500 79.937 121.875 127.812 131.875 141.750 158.812 207.781 231.656 256.437 289.500 345.031 400.625 431.781 446.531 491.281 597.718 646.531 682.812 721.750 817.875 833.062 899.812 1038.468 1084.562 1193.531 1322.062 1419.093 1443.343 1549.156 1588.562 1632.593 1686.937 1743.156 1809.437 1861.062 1917.375 1980.343 
14.125 71.406 91.312 116.312 125.687 131.875 155.187 161.125 179.718 208.906 219.093 228.593 295.250 332.437 399.406 427.281 435.468 473.125 520.343 637.281 685.656 721.875 767.312 824.062 839.625 889.562 961.406 1022.468 1036.437 1077.656 1126.125 1192.906 1207.031 1287.781 1321.250 1407.125 1425.031 1438.968 1570.718 1640.562 1698.718 1719.937 1745.187 1765.968 1777.375 1863.562 1914.718 1985.406 
13.781 16.937 51.625 71.156 100.281 123.000 128.562 137.312 154.468 158.000 210.031 239.656 293.250 325.312 398.687 429.656 445.750 484.500 520.531 619.250 724.406 762.312 831.968 893.812 908.031 1035.875 1064.906 1078.031 1195.343 1208.750 1287.593 1333.000 1381.562 1407.125 1513.250 1584.406 1632.250 1687.281 1714.343 1744.843 1764.125 1773.281 1813.531 1864.812 1874.531 1911.281 1984.718 
15.000 68.031 114.781 125.437 131.281 153.843 209.218 212.625 228.656 291.718 326.812 342.906 394.812 433.593 487.468 519.468 590.531 623.937 659.750 692.125 722.343 762.968 825.156 839.250 893.093 931.687 961.656 1038.031 1124.968 1195.187 1262.312 1293.250 1320.468 1406.750 1437.906 1552.375 1596.625 1638.125 1696.187 1743.531 1772.843 1812.250 1866.937 1878.062 1918.750 
13.781 105.187 116.156 125.000 129.531 132.593 151.000 156.562 161.968 211.625 254.468 299.250 335.687 386.093 397.750 427.187 447.687 499.781 572.000 640.906 695.656 899.531 932.343 1036.343 1078.375 1193.156 1316.500 1408.468 1438.000 1585.281 1687.343 1700.656 1741.625 1770.062 1825.843 1863.375 1914.250 1986.375 
14.562 50.593 77.406 115.031 126.687 129.968 152.312 156.468 171.437 238.093 294.906 327.093 340.468 397.437 425.937 447.062 494.812 596.468 624.937 650.062 764.343 831.500 1041.187 1126.656 1193.937 1207.406 1262.437 1339.218 1406.250 1434.656 1574.125 1626.500 1696.250 1745.562 1774.312 1830.281 1867.093 
114.531 127.437 147.781 158.343 212.000 238.187 293.125 343.187 392.750 429.562 454.093 494.968 519.125 590.937 660.312 722.343 765.343 831.750 866.687 1037.187 1079.406 1177.000 1194.750 1286.031 1318.343 1410.843 1442.125 1582.750 1645.218 1716.031 1751.687 1779.781 1829.250 1862.812 1897.343 
13.531 23.750 52.531 77.812 127.093 130.843 151.843 155.375 173.406 209.531 227.375 249.000 292.968 341.093 357.562 398.093 433.750 487.125 591.781 651.625 691.531 765.000 822.968 896.187 907.000 1036.406 1083.937 1193.218 1207.937 1263.250 1295.000 1321.062 1404.781 1429.750 1437.937 1685.781 1732.531 1747.312 1771.593 1812.781 1862.343 1915.000 
14.312 50.093 115.968 129.125 132.593 153.875 168.781 209.250 226.125 291.593 310.750 342.062 361.125 397.656 433.062 476.062 495.906 637.937 662.125 682.812 766.843 833.093 892.125 1034.437 1073.343 1085.437 1193.281 1285.062 1319.031 1433.968 1584.750 1744.125 1766.750 1816.062 1866.750 1876.968 1924.250 1961.062 1987.312 
13.843 69.093 100.000 114.718 128.343 148.218 154.718 168.468 219.218 247.406 325.312 429.906 485.531 531.593 647.593 763.312 891.687 1024.812 1041.281 1080.093 1130.281 1194.531 1208.468 1300.781 1324.625 1405.625 1438.468 1472.250 1585.281 1696.000 1752.593 1815.718 1869.375 1916.625 1963.531 
