22.812 28.718 55.062 91.156 204.718 262.937 275.156 304.937 389.218 415.906 420.437 648.562 670.906 681.750 705.968 986.562 1390.968 1420.093 1487.156 1569.343 1578.531 1676.218 1688.812 2977.031 3042.562 3069.656 3088.968 3867.781 3885.906 3931.562 3970.031 
20.062 23.500 28.031 56.718 59.187 82.656 146.093 153.250 204.125 246.968 299.250 377.875 415.468 670.843 682.250 701.625 1005.781 1149.406 1208.031 1231.968 1240.468 1243.781 1268.250 1349.593 1371.125 1387.062 1696.031 1734.250 1743.062 1756.593 1859.531 1865.500 1971.781 1976.062 
22.312 22.937 27.562 49.687 55.968 59.750 86.656 106.781 155.062 178.468 246.000 298.250 305.000 419.562 423.500 433.812 444.781 462.812 531.937 559.250 705.843 709.468 844.937 914.343 992.687 1003.125 1012.625 1029.375 1041.531 1656.781 1675.281 1694.250 1706.062 3343.781 3361.593 3374.437 3424.875 
22.718 53.531 58.187 64.406 146.750 158.500 204.500 247.125 283.250 311.906 414.500 439.281 442.812 453.562 682.781 688.000 705.531 989.500 997.625 1142.000 1145.437 1175.781 1197.843 1225.437 1250.218 1418.500 1449.531 1495.468 1512.406 1532.656 1736.375 1750.031 1870.656 1875.125 2060.500 3257.843 3260.718 3289.968 3327.218 
21.187 23.093 28.437 56.375 91.906 98.343 189.531 200.406 211.437 247.187 261.875 434.875 450.562 455.031 484.968 504.656 525.812 598.125 604.125 612.906 620.312 632.687 668.812 686.343 704.843 993.093 1034.562 1043.593 1247.718 1434.437 1695.687 1706.937 1710.968 1750.500 1784.156 1941.375 2495.125 3561.062 3592.250 3917.406 3920.093 3923.687 3928.500 
22.437 25.312 27.250 28.343 35.312 52.656 58.312 62.562 85.437 96.437 160.531 200.968 209.531 251.156 255.593 264.781 417.781 438.625 446.156 466.031 486.062 515.437 532.531 617.500 674.843 703.562 847.250 991.593 992.156 1004.812 1008.187 1039.125 1043.656 1062.750 1393.500 1420.468 1428.000 1486.687 1492.375 1518.562 1522.187 1529.937 1575.812 1582.343 1696.656 1734.437 1781.406 1785.125 1790.843 2611.781 2620.625 2632.062 2637.093 2679.031 
55.062 59.875 84.718 103.343 136.375 200.875 205.250 217.187 247.812 252.406 255.500 262.593 286.718 302.937 310.343 338.250 440.218 516.468 597.593 616.656 632.406 672.843 681.843 719.875 991.625 1040.531 1169.250 1229.656 1235.625 1238.250 1346.593 1357.281 1697.062 1707.968 1756.875 2403.062 2426.406 2486.250 3654.843 3756.156 3763.656 3831.406 3849.500 3927.312 3931.031 3941.468 
59.437 91.562 181.593 208.656 255.031 270.281 435.687 441.531 488.656 491.531 495.625 498.812 611.500 677.000 860.218 926.625 987.656 991.093 997.531 1361.718 1689.062 1695.656 1702.593 1708.062 1739.437 1743.687 1766.593 1770.125 1773.937 
64.468 158.000 181.062 261.156 268.562 315.875 332.406 628.593 671.687 680.843 693.062 992.593 1034.625 1047.656 1148.875 1174.906 1227.125 1254.281 1286.937 1433.437 1572.218 1607.156 1702.250 2759.968 2798.687 2974.937 
47.468 59.406 90.812 98.093 138.437 147.375 151.500 204.093 289.906 418.187 422.406 430.625 521.937 582.843 601.125 603.531 844.812 1001.000 1041.875 1347.687 1356.593 1437.875 1575.500 1578.656 1587.687 1596.312 1757.281 1762.875 1774.500 1861.875 2786.000 
