27.968 43.906 49.437 82.281 136.187 156.343 171.343 238.906 339.750 363.500 367.718 382.875 475.937 819.375 992.812 1004.000 1022.812 1215.468 1221.781 1226.281 1257.093 1693.968 1697.625 1702.406 1707.687 1770.031 1922.593 1945.125 1951.343 1959.906 
27.562 31.156 31.500 75.656 95.718 121.000 136.781 144.968 209.437 221.562 382.375 395.781 484.468 613.625 670.750 1059.312 1093.187 1108.187 1113.343 1158.281 1204.812 1227.437 1255.406 1288.343 1338.750 1694.687 1703.937 1829.781 1970.906 2748.187 2757.125 3814.625 3827.812 3844.812 3856.875 3860.406 3866.750 
25.125 30.062 44.031 45.468 49.437 75.406 138.968 166.281 173.500 181.312 191.093 199.031 207.187 383.500 475.531 1036.531 1046.125 1110.625 1208.593 1226.375 1268.375 1724.875 1764.718 1826.312 1844.718 1862.625 1870.062 1870.468 1897.093 1907.281 1920.218 1922.625 1926.062 3067.093 3184.812 3906.437 3911.718 3949.593 
25.343 25.718 46.968 83.968 101.062 140.031 155.718 162.718 172.406 216.937 295.156 309.531 396.406 483.687 579.031 610.875 633.062 668.625 672.718 1043.906 1046.875 1115.218 1115.562 1221.906 1242.218 1258.343 1274.906 1277.968 1330.125 1378.531 1397.812 1443.437 1444.281 1455.750 1461.781 1486.812 1704.312 1951.468 2013.593 2046.187 3355.000 3367.875 3569.718 
9.687 25.906 26.406 29.781 43.656 47.375 47.906 56.281 81.812 94.218 98.906 102.906 156.750 175.343 368.750 378.062 383.843 456.312 463.000 479.218 498.625 551.375 557.593 612.375 1014.718 1038.937 1046.406 1055.875 1099.812 1198.187 1204.593 1264.687 1294.531 1333.406 1394.000 1403.031 1467.718 1471.531 1491.875 1500.625 1698.031 1720.593 1969.000 2537.562 2552.625 2557.781 2562.343 2566.125 3820.343 3829.875 3859.343 3865.062 
45.875 46.625 47.062 54.468 81.625 85.593 114.593 147.281 159.062 217.937 221.843 233.375 250.750 364.250 375.250 389.781 468.125 474.000 570.468 579.250 614.875 639.250 1029.968 1035.281 1070.187 1099.375 1107.875 1110.375 1118.812 1198.187 1222.562 1247.125 1290.562 1336.187 1697.187 1713.218 1720.843 1952.656 1963.593 1976.406 1982.406 2031.687 3343.781 3424.312 3431.968 3993.656 
28.437 32.218 38.781 45.343 54.000 59.312 75.562 85.437 137.531 143.218 154.375 160.531 167.375 211.500 229.531 234.093 237.625 255.468 263.343 363.218 368.437 373.875 383.500 392.562 396.593 415.625 436.687 474.875 480.343 491.531 504.468 564.718 640.718 668.343 679.156 818.000 1004.656 1020.531 1072.937 1103.625 1264.375 1655.468 1661.968 1670.437 1698.187 1952.718 1960.593 2102.343 3886.875 3904.781 3939.000 
0.250 25.531 26.625 31.312 105.875 142.718 158.062 394.656 400.468 477.468 482.062 916.781 932.468 947.812 1036.031 1109.687 1251.937 1285.031 1332.312 1705.312 1718.843 1736.437 1756.593 1763.531 1783.093 1803.875 1870.468 1960.843 3926.562 3948.406 
44.187 48.093 81.656 119.093 135.531 148.343 159.437 203.406 208.031 255.500 262.187 273.031 296.218 305.687 317.406 372.937 385.781 394.218 429.375 470.843 476.218 581.031 668.593 768.875 776.093 1047.937 1092.437 1260.406 1337.812 1695.500 1729.468 1764.062 1906.531 1952.531 1958.281 1970.437 1978.687 2092.125 2973.312 
51.343 56.562 81.562 100.843 108.468 147.718 164.687 390.281 443.625 464.062 474.593 482.125 494.031 1012.875 1024.656 1031.406 1060.281 1200.437 1336.468 1433.562 1706.500 1715.812 3213.093 
