20.062 22.562 25.250 27.937 289.625 498.906 954.812 1025.625 1201.843 1305.750 1554.375 1717.031 1873.468 1875.593 3799.187 3802.218 
20.312 20.875 23.906 26.875 158.531 159.968 166.406 177.312 267.468 396.687 416.031 423.406 1184.375 1338.343 1339.187 1341.000 1434.968 1447.000 1706.218 
23.187 23.937 164.968 190.031 645.312 796.531 798.250 983.125 1052.093 1441.718 1446.750 1603.468 1753.531 3221.093 3229.656 3661.500 3665.250 
137.125 141.875 401.000 663.843 694.906 1170.500 1174.062 3277.156 3284.531 3951.937 3958.531 3973.625 
20.906 163.375 849.125 1153.125 1424.093 3373.187 3380.343 
21.093 24.812 50.625 166.187 442.906 537.062 659.968 838.312 1433.593 1444.593 1453.781 3149.437 3445.375 
21.156 24.750 580.812 666.281 1178.218 1182.000 1183.281 1185.437 1212.531 1317.281 1670.968 1758.875 1970.343 
119.125 163.156 194.343 222.000 461.718 483.250 911.531 918.187 976.843 1304.187 1449.093 2180.093 3268.312 3277.968 
17.500 20.500 21.093 23.500 167.750 306.062 313.625 318.625 446.093 1344.062 1470.875 2898.062 3698.625 
21.750 27.656 190.906 394.125 566.156 570.906 746.812 778.281 1111.625 1302.500 1421.937 1448.093 1493.531 1605.093 1876.843 3259.250 3702.000 3705.312 3710.781 
