56.062 69.343 98.125 188.187 218.718 312.375 329.781 342.531 347.562 450.156 472.781 486.500 491.843 510.093 629.468 635.406 648.656 664.718 755.562 760.093 770.437 823.218 839.656 847.187 851.781 890.843 917.843 1001.156 1037.593 1051.093 1083.218 1116.187 1131.468 1146.437 1175.906 1182.500 1210.937 1220.656 1310.093 1390.593 1409.781 1444.062 1464.031 1470.875 1517.093 1662.093 1663.718 1670.937 1710.281 1745.000 1763.750 1777.843 1819.593 1831.500 1835.281 1847.718 1917.343 1943.031 1985.125 2006.062 2028.250 2039.468 2060.718 2107.968 2192.593 2212.062 2289.312 2315.187 2327.000 2340.781 2359.250 2363.875 2364.343 2375.531 2401.093 2408.875 2416.000 2425.156 
69.031 85.562 189.312 208.500 215.312 229.531 233.843 337.750 345.500 452.187 459.750 500.781 627.187 653.281 773.937 841.750 847.281 857.937 878.343 924.656 932.312 945.812 1008.687 1024.000 1101.843 1143.625 1196.468 1284.000 1320.812 1382.750 1415.468 1660.187 1667.531 1744.968 1836.375 1923.968 1991.812 2002.312 2007.906 2040.937 2282.593 2294.500 2336.781 2359.875 2377.531 2407.468 
70.125 76.937 218.906 232.218 339.593 615.062 751.781 1006.593 1008.875 1207.468 1299.812 1316.531 1679.343 1919.062 2002.968 2118.500 2199.281 2319.031 
53.593 70.125 79.562 207.343 341.625 471.500 488.781 625.875 863.187 931.125 934.343 1393.687 1416.875 1437.687 1514.250 1658.281 1665.468 1767.937 2022.718 2081.656 2204.937 2288.406 2294.875 
63.375 72.406 176.593 214.312 222.468 328.000 340.906 647.875 711.093 752.468 841.468 848.187 926.843 1233.968 1274.250 1378.750 1434.687 1497.343 1654.781 1711.625 1747.281 1832.218 1859.718 1911.468 1958.906 1984.718 2000.562 2226.968 2286.500 2303.875 
78.031 455.750 487.250 607.625 647.468 747.000 753.875 857.125 927.031 933.125 1092.406 1108.093 1116.343 1152.000 1301.687 1379.406 1421.187 1451.406 1507.625 1652.781 1669.406 1673.593 1820.531 1832.031 1947.812 2145.343 2228.375 2322.500 2364.531 2381.218 2399.656 
62.531 76.750 86.687 160.406 196.625 218.500 220.781 228.312 287.875 316.968 346.843 349.875 361.281 451.906 477.531 494.437 513.500 574.062 607.093 627.343 647.187 752.781 779.062 844.500 853.031 861.875 915.812 927.968 945.937 1001.812 1017.718 1020.937 1039.500 1052.125 1117.062 1130.500 1138.843 1149.125 1161.406 1234.687 1285.000 1297.593 1314.468 1329.531 1375.156 1429.593 1455.343 1479.593 1503.625 1514.687 1657.593 1677.343 1752.656 1761.562 1775.500 1833.781 1836.562 1844.781 1914.343 1927.531 1986.250 1999.625 2045.687 2070.812 2085.156 2104.968 2191.625 2209.281 2232.593 2234.812 2290.812 2303.718 2322.375 2379.437 2423.218 
45.875 54.750 72.781 80.937 85.968 181.093 189.250 205.281 243.187 332.812 343.218 349.156 369.187 480.156 489.156 610.187 634.375 650.062 753.437 836.843 842.531 853.312 863.906 924.687 947.937 997.531 1006.906 1032.375 1048.750 1083.500 1086.875 1105.812 1113.531 1131.625 1139.812 1149.781 1233.750 1275.125 1290.843 1316.812 1370.500 1378.375 1412.781 1428.000 1451.281 1467.062 1482.593 1490.750 1508.875 1513.625 1657.625 1664.281 1743.906 1767.937 1831.000 1857.812 1909.500 1918.687 1937.906 1985.843 1999.812 2008.312 2022.093 2042.312 2050.687 2061.718 2069.750 2101.968 2184.000 2207.937 2227.031 2306.000 2321.343 2342.218 2363.718 2413.906 2417.000 
30.218 48.687 72.656 79.562 99.156 165.062 186.062 210.187 215.406 222.687 311.156 346.843 454.593 479.156 486.812 608.343 617.906 622.062 649.656 668.468 752.125 760.281 768.281 838.625 854.468 863.812 875.875 925.250 932.687 948.562 1008.343 1041.468 1092.187 1120.406 1137.125 1147.000 1211.250 1241.218 1276.906 1397.906 1430.656 1492.468 1502.343 1665.343 1677.625 1757.281 1770.625 1821.468 1830.812 1833.406 1964.968 2006.843 2015.531 2040.812 2053.593 2068.562 2122.437 2203.031 2220.687 2294.031 2359.500 2404.312 
65.750 72.312 82.187 113.218 138.875 188.375 205.937 213.031 217.281 309.437 326.843 341.531 347.031 416.000 456.500 479.375 486.562 490.125 597.781 611.343 633.843 643.531 651.750 689.531 710.781 747.781 754.312 763.250 834.125 844.656 849.281 855.281 862.281 886.125 927.406 931.937 992.687 1006.687 1031.281 1041.968 1050.718 1072.468 1100.718 1117.281 1130.937 1135.375 1144.562 1156.531 1209.125 1285.281 1294.500 1302.093 1316.406 1368.375 1377.312 1382.281 1413.187 1450.093 1463.375 1500.812 1510.531 1649.500 1657.593 1659.500 1680.187 1692.812 1707.718 1753.656 1766.906 1838.906 1848.187 1863.687 1900.031 1914.562 1941.468 1976.718 1998.843 2008.312 2043.031 2045.000 2058.000 2120.468 2138.937 2205.656 2213.125 2215.812 2286.156 2288.531 2313.718 2342.062 2358.125 2365.906 2370.875 2396.875 2408.406 2421.500 
