23.156 34.906 256.437 408.156 503.218 510.968 529.968 532.500 554.937 594.062 688.062 729.718 734.187 792.593 813.156 819.531 922.156 983.750 986.562 1018.437 1029.468 1042.625 1083.281 1094.281 1111.406 1154.000 1243.562 1334.125 1342.593 1360.843 1373.968 1413.406 1420.968 1490.406 1491.375 1530.375 1546.062 1601.625 1644.500 1657.687 1672.718 1743.343 1765.187 1842.656 
126.562 249.343 273.875 281.312 420.312 516.093 529.031 538.000 545.156 614.000 734.781 738.187 816.343 850.750 965.906 976.812 999.875 1030.937 1032.500 1047.812 1079.531 1097.343 1123.062 1337.343 1368.375 1409.281 1416.218 1428.093 1465.781 1556.531 1613.562 1688.312 1756.531 
271.125 291.687 306.000 542.500 552.468 733.562 813.656 934.812 1132.812 1166.000 1489.375 
247.125 531.593 541.468 763.281 813.500 824.531 836.062 892.250 916.500 964.156 1019.218 1045.187 1053.312 1067.718 1178.875 1239.343 1322.062 1334.875 1362.781 1392.906 1513.281 1604.656 1656.093 1731.718 
24.125 198.625 260.281 438.031 501.281 527.375 558.437 631.156 742.968 791.250 815.656 911.750 949.843 974.718 1034.406 1122.156 1160.281 1182.812 1242.187 1357.593 1416.125 1492.062 1510.375 1586.281 1747.718 1903.906 
28.093 114.468 135.000 280.406 334.125 436.906 484.031 510.281 528.062 535.000 751.062 833.750 842.250 890.906 917.468 950.625 1034.843 1134.312 1155.437 1240.968 1246.750 1367.812 1401.812 1414.656 1562.625 1643.687 1779.312 
24.750 34.656 123.093 164.562 224.531 254.062 282.718 336.406 397.343 460.375 551.968 557.812 697.562 730.968 755.687 818.343 822.062 845.218 857.406 906.125 911.250 940.937 948.031 985.687 1034.906 1037.000 1071.406 1082.062 1110.187 1154.687 1172.375 1241.062 1320.468 1330.437 1360.343 1375.531 1394.781 1402.562 1408.843 1464.000 1488.218 1508.750 1528.156 1548.687 1573.281 1584.656 1601.156 1644.843 1679.250 1688.500 
22.250 108.468 141.562 158.437 177.000 233.468 250.343 283.062 295.593 315.218 348.625 413.562 443.375 521.156 531.531 543.031 558.750 619.843 688.375 707.875 717.218 739.781 755.406 768.187 813.031 820.968 855.531 916.343 933.437 963.000 972.781 994.312 998.812 1018.500 1088.281 1131.093 1142.000 1166.781 1181.531 1257.812 1318.343 1328.562 1341.312 1364.250 1366.781 1393.031 1409.812 1413.062 1464.156 1477.031 1529.875 1548.562 1584.156 1602.125 1616.375 1688.781 1706.218 1720.687 1777.218 
24.062 28.406 50.312 74.937 91.875 139.375 265.781 278.187 287.406 315.062 355.312 423.468 453.562 511.625 524.093 539.687 607.000 683.312 713.843 728.375 815.250 820.343 838.875 855.000 891.750 917.875 931.062 946.656 956.031 963.781 976.687 984.000 1003.781 1048.031 1067.687 1094.093 1105.093 1110.875 1129.687 1141.125 1179.875 1245.062 1260.000 1308.937 1317.062 1331.500 1374.875 1408.406 1464.031 1466.718 1509.343 1531.000 1556.406 1588.187 1614.625 1627.312 1656.687 1682.250 1687.250 1746.875 1755.968 1763.593 1831.593 
100.468 124.937 128.968 133.375 148.000 249.500 268.843 287.968 303.937 308.437 354.031 397.937 520.406 533.781 611.187 700.281 730.062 763.937 810.843 826.000 843.062 855.531 914.187 939.093 944.437 956.718 971.375 998.812 1003.718 1013.468 1017.593 1035.718 1089.468 1106.843 1112.750 1126.656 1144.093 1153.250 1173.343 1178.375 1240.843 1260.500 1313.250 1333.593 1359.437 1369.781 1375.312 1399.906 1410.687 1416.656 1419.281 1464.718 1512.250 1529.156 1581.531 1601.062 1613.656 1630.843 1672.312 1707.906 1730.250 1764.750 
