23.218 56.062 67.875 78.437 96.531 191.843 207.906 230.406 252.562 292.968 296.281 311.093 335.187 348.312 442.718 454.937 555.375 576.031 624.125 635.968 823.875 829.687 947.750 1038.250 1298.093 1306.062 1461.062 1508.593 1571.718 1578.250 1582.625 1663.687 1942.687 2107.812 
54.375 58.687 64.062 132.250 155.812 163.156 193.000 206.187 230.718 251.718 252.406 295.218 297.937 330.281 332.906 409.437 414.750 449.062 477.187 500.687 544.875 555.218 634.531 664.468 677.718 708.531 723.781 727.093 730.062 758.156 789.281 855.625 871.812 952.312 1019.562 1276.343 1292.062 1297.031 1383.531 1400.375 1431.062 1467.968 1527.281 1533.375 1549.281 1570.093 1575.593 1610.343 1641.093 1793.218 1803.312 1831.687 1843.718 1933.062 
35.937 85.687 118.125 170.406 176.375 191.000 230.718 241.812 283.531 301.406 371.250 373.562 373.875 375.875 422.625 432.406 450.781 501.687 522.562 565.656 574.875 690.937 734.375 753.281 759.906 807.125 854.500 1103.562 1154.625 1224.437 1236.656 1314.312 1370.343 1439.781 1456.812 1459.406 1467.531 1490.218 1503.687 1522.843 1530.843 1551.562 1568.281 1582.000 1584.562 1659.625 1758.750 1869.281 1869.625 1929.968 
68.843 177.656 216.000 239.312 250.500 281.843 291.781 307.843 339.906 373.531 463.468 482.468 554.656 572.656 624.468 626.781 630.406 677.781 704.312 764.218 791.437 1010.093 1021.437 1055.468 1093.031 1110.593 1194.281 1249.031 1359.812 1360.093 1377.968 1397.406 1427.718 1446.250 1459.187 1547.937 1552.375 1568.281 1653.500 1693.843 1796.406 1833.500 1837.375 1848.281 1966.218 1994.500 
21.625 48.875 50.562 55.281 56.187 61.875 63.656 134.687 162.781 193.281 213.500 215.312 228.093 264.593 274.093 280.687 292.718 299.343 321.500 329.656 334.937 379.000 418.375 455.875 559.656 574.500 626.687 732.406 786.593 787.250 803.937 871.187 963.656 1027.906 1035.781 1045.937 1047.062 1053.875 1244.062 1290.656 1351.656 1426.250 1462.093 1476.312 1532.875 1569.468 1574.937 1578.656 1595.250 1648.406 1657.218 1660.031 1672.843 1683.781 1690.718 1845.531 1870.968 1900.468 1977.812 2110.687 
15.906 48.406 62.218 67.968 72.343 110.218 147.562 176.125 192.437 213.468 224.093 226.718 293.125 372.906 423.406 440.187 442.406 452.656 452.875 482.781 503.093 510.875 624.562 624.968 627.125 664.218 806.593 823.875 827.406 851.656 875.281 950.312 1047.500 1051.687 1080.937 1102.843 1132.625 1173.687 1290.031 1345.406 1432.218 1509.812 1525.875 1586.906 1587.562 1658.468 1725.406 1814.468 1824.406 1833.375 1846.656 1929.343 1973.000 
56.843 63.468 155.468 157.406 162.218 214.531 215.687 221.031 229.937 233.937 247.562 254.656 268.593 288.531 335.031 372.750 375.093 420.062 427.625 473.593 516.281 521.750 614.187 641.812 665.125 679.031 701.406 722.375 745.531 755.906 902.125 1017.468 1107.031 1152.812 1236.656 1275.843 1286.093 1288.875 1325.687 1349.687 1360.593 1370.468 1383.031 1424.437 1428.093 1477.937 1478.375 1495.531 1509.687 1550.343 1605.250 1658.593 1681.968 1724.437 1755.281 1761.906 1815.031 1819.343 1886.437 
63.750 95.812 109.562 147.500 160.437 228.250 251.062 275.281 291.531 307.562 346.375 456.031 459.562 559.000 671.406 685.718 750.281 789.937 805.750 873.125 954.531 972.187 978.000 1073.718 1120.343 1146.843 1150.093 1188.375 1204.218 1208.406 1223.718 1275.250 1314.812 1327.937 1354.812 1369.250 1384.437 1491.250 1541.125 1586.406 1612.125 1682.031 1726.687 1815.312 1832.062 1850.156 1958.375 2121.968 
91.468 116.125 138.468 185.125 220.906 304.937 367.531 414.218 475.937 508.406 509.437 584.343 675.937 800.281 822.562 836.812 856.250 915.343 977.125 1012.000 1101.500 1217.468 1225.687 1238.687 1242.281 1289.718 1437.468 1495.156 1504.406 1757.843 1774.093 1795.250 1842.500 1857.625 1886.750 1896.343 1917.375 
55.312 74.718 156.468 160.968 222.406 275.562 317.718 608.593 748.437 860.562 970.812 975.750 1051.218 1051.500 1061.250 1224.125 1233.031 1263.906 1314.375 1328.656 1368.375 1505.218 1572.468 1681.125 1730.843 1830.500 1831.187 1847.875 1872.500 
