61.156 130.093 159.343 163.500 290.875 336.437 356.843 368.593 382.250 389.718 400.656 497.718 502.937 510.531 573.281 669.031 681.906 689.250 695.625 703.906 786.968 804.031 862.812 999.875 1030.250 1043.093 1153.843 1247.437 1269.062 1275.968 1475.531 1494.125 1498.343 1509.187 1831.250 1835.562 1876.281 1943.625 2093.281 2124.843 2145.406 2185.156 2296.781 2306.468 2740.312 3186.093 3258.093 3286.343 3520.937 3569.343 3787.531 3976.718 
73.875 80.875 153.375 155.687 161.906 188.625 233.531 311.000 336.750 343.375 349.875 371.250 389.531 494.281 516.625 689.562 711.156 793.937 826.250 888.218 1030.875 1143.375 1272.250 1506.781 1514.000 1810.000 1821.156 1872.437 1944.062 2182.062 2604.937 3065.812 3466.500 3483.843 3525.000 3654.156 
95.937 155.656 163.500 346.500 365.875 382.281 498.718 505.093 692.718 771.125 990.281 1043.187 1054.843 1120.562 1504.031 1511.500 1533.562 1823.343 1944.656 2137.281 2698.781 3527.656 3533.656 3543.531 3548.531 3586.468 3603.906 3644.375 
283.750 363.281 385.187 494.343 684.656 693.906 708.750 733.781 1280.343 1492.187 1518.750 1525.687 2113.031 2130.625 3242.687 3426.250 3759.937 
55.562 155.375 167.062 376.500 388.156 398.468 417.906 499.625 674.468 680.437 686.187 1061.000 1149.718 1258.968 1271.406 1281.843 1484.031 1525.875 1631.593 1691.500 1708.281 1825.812 1838.312 1864.156 1946.812 2284.250 2937.875 2949.375 3138.593 3414.343 
84.468 166.562 189.781 285.031 327.500 366.187 374.656 401.187 468.031 479.781 682.250 699.062 793.937 800.468 889.218 912.156 965.875 982.656 996.156 1004.250 1026.906 1036.875 1044.531 1121.000 1256.531 1276.281 1412.281 1475.437 1490.437 1496.531 1516.656 1527.250 1536.281 1642.625 1810.625 1815.312 1825.968 1834.468 1895.593 2133.437 2153.406 2179.062 2868.312 2877.781 2915.625 3082.125 3372.031 3396.906 3409.093 3608.093 3632.250 
333.406 369.062 373.000 411.718 601.875 706.812 1025.031 1149.375 1155.281 1332.656 1410.062 1491.187 1511.437 1517.343 1522.500 1603.718 1832.468 1875.375 1879.062 1940.781 2298.875 2993.906 3492.906 3676.125 3777.812 3790.156 3840.968 3864.750 
90.937 154.593 163.437 326.406 331.812 371.281 376.968 399.000 476.218 502.718 677.656 695.125 707.531 802.500 981.218 992.750 1041.250 1052.937 1269.125 1448.875 1492.593 1507.625 1531.468 1818.781 1831.093 2162.593 2169.312 2290.281 2293.093 3714.750 
154.250 395.968 500.062 608.218 703.843 800.593 887.062 999.968 1045.437 1291.968 1495.593 1508.437 1519.593 1550.250 1938.000 2175.468 3320.031 3813.531 3836.718 3974.125 
355.031 499.656 1047.156 1121.343 1155.343 1448.125 1747.062 2176.531 3569.593 
