39.218 55.187 68.531 78.156 167.125 171.937 177.937 182.062 206.437 208.718 217.781 459.187 473.468 487.218 499.187 568.187 600.812 735.531 766.812 776.406 779.500 809.062 809.562 914.718 968.750 1146.281 1175.031 1360.031 1400.531 1420.000 1516.875 1519.218 1520.812 1532.812 1545.781 1739.562 1766.750 1781.250 1958.187 1972.437 1974.062 1974.437 1990.562 2156.906 2169.812 2271.406 2274.750 2276.468 2292.843 3235.343 
33.343 36.750 71.593 172.718 177.968 208.656 212.781 215.687 221.125 302.843 355.937 451.750 464.406 492.843 564.062 613.312 755.531 758.031 762.187 783.750 791.343 806.343 820.843 826.625 852.031 905.218 933.562 1410.906 1416.218 1626.312 1773.750 1908.656 1921.031 1937.093 1958.156 1972.531 1976.218 1993.968 2023.906 2090.656 2091.625 2297.968 2303.093 2310.406 2608.718 3991.812 
36.250 39.031 165.250 187.406 208.062 230.812 353.187 464.468 484.531 493.875 498.531 563.687 733.031 737.781 759.375 769.843 770.937 774.562 779.218 795.625 811.625 833.468 942.000 1119.437 1123.125 1146.281 1366.218 1372.218 1481.687 1487.250 1522.812 1527.468 1627.468 1634.968 1659.718 1739.843 1805.500 1809.875 1939.062 1951.156 1969.312 1997.562 2012.656 2091.687 2093.750 2274.125 2300.031 2711.062 3202.281 3549.812 
33.562 35.468 40.843 168.906 192.250 238.625 356.500 433.500 575.500 583.031 647.125 769.343 784.062 799.125 812.500 823.531 1119.968 1154.281 1412.593 1598.125 1742.437 1935.875 2008.750 2023.281 2132.750 2304.593 
371.375 431.343 456.375 497.531 603.781 733.625 767.218 774.812 781.593 801.187 804.562 1158.281 1382.562 1511.875 1603.187 1739.968 1908.156 1972.906 2024.875 2130.562 2275.281 
34.562 39.468 67.781 70.875 89.531 234.281 336.593 372.937 461.500 466.375 467.406 491.437 568.281 734.437 763.875 773.750 805.625 812.750 1401.281 1633.781 1653.781 1906.468 1959.906 1974.062 2127.031 2157.406 2158.562 2294.218 2307.781 
38.531 42.781 46.281 64.687 86.406 91.343 208.218 219.250 232.281 238.281 345.343 433.250 463.000 480.843 496.500 613.781 759.125 783.468 800.593 812.156 837.750 1507.968 1767.781 1804.531 2007.875 2016.750 2028.281 2298.843 2301.468 2304.968 2308.781 
32.218 58.500 213.656 224.968 235.250 346.281 372.375 579.875 644.531 771.375 781.500 789.593 790.593 1360.468 1486.406 1739.687 1958.875 1973.812 1989.625 2275.687 2293.968 
36.656 40.718 48.531 189.437 200.312 227.500 231.281 324.968 344.437 359.218 460.718 564.937 735.312 746.812 766.843 772.718 790.906 799.593 816.093 1117.687 1119.093 1143.906 1156.187 1360.625 1930.906 1959.500 1990.625 2020.937 2029.375 2091.718 2142.843 2291.781 
47.375 78.187 342.093 343.625 451.531 809.937 816.000 817.875 822.406 906.375 1118.093 1625.343 1905.812 1946.312 2108.750 2291.593 2299.000 
