53.468 243.718 268.125 289.437 296.937 538.968 801.718 849.000 955.875 986.812 1249.781 1340.375 1425.875 1477.062 1552.812 1746.843 
162.093 268.750 528.906 699.187 724.656 756.812 763.406 801.531 979.062 1046.781 1071.562 1122.843 1124.625 1368.593 1669.437 
41.656 43.406 74.562 309.968 400.656 509.031 527.031 553.593 557.375 724.531 727.281 802.625 842.531 984.906 1030.937 1108.750 1121.562 1169.531 1408.875 1463.250 1504.093 1618.781 1721.750 1726.156 1746.156 
88.406 236.906 252.718 271.281 287.281 450.000 506.625 509.125 525.250 531.593 539.187 724.531 740.468 925.218 932.093 948.437 990.750 1002.875 1065.062 1124.375 1147.125 1232.562 1364.281 1419.906 1643.843 1658.937 1703.625 1717.875 1737.906 
14.375 130.062 244.156 509.125 519.718 530.656 555.312 731.093 755.437 756.281 832.187 854.812 912.812 945.250 957.250 998.343 1120.937 1234.125 1463.125 1507.187 1563.875 1568.031 1576.218 1605.968 1646.375 1736.468 1742.906 1760.218 1826.218 
150.093 260.531 283.781 300.406 518.968 564.187 806.500 819.312 922.062 975.125 997.937 1024.875 1085.656 1161.062 1302.875 1353.093 1368.187 1546.687 1566.031 1575.468 1648.687 
222.781 288.562 310.562 415.093 509.125 530.406 563.031 564.156 802.000 863.281 997.343 1095.468 1171.093 1366.500 1370.593 1373.250 1381.718 1489.031 1507.250 1554.375 1593.968 1619.531 1733.656 1757.281 
244.250 271.781 293.156 303.281 506.968 545.187 723.843 725.281 727.375 737.687 760.843 855.406 1043.656 1587.718 1615.625 1645.187 1649.906 1672.906 1705.312 
83.406 180.562 194.125 265.906 274.531 308.750 725.218 751.750 802.375 804.437 888.187 988.875 1046.593 1159.843 1251.812 1367.968 1649.437 
154.000 174.406 267.343 272.156 284.500 299.531 527.562 725.437 726.500 730.687 760.000 762.843 810.343 947.968 995.562 999.781 1014.031 1045.250 1160.968 1375.562 1466.031 1520.812 1594.218 1756.000 1760.062 
