1226.125 1414.156 1414.750 1766.187 1868.406 
289.656 393.062 693.375 969.625 1217.937 1226.593 1227.062 1575.906 
1199.656 1443.156 1797.437 1810.000 1829.593 
674.187 918.218 1141.718 1273.843 1722.218 1814.031 
757.312 1217.875 1442.500 1817.843 
408.593 1092.500 1175.343 1401.906 1440.468 1521.437 1800.562 1862.375 2062.156 
660.281 663.500 694.656 1207.437 1220.093 1414.312 1446.281 1578.187 
55.125 146.750 679.062 930.625 1207.062 1402.843 1403.218 2696.156 
297.500 297.875 893.937 932.406 949.468 1007.375 1088.468 1204.531 1415.500 1571.562 1868.031 
698.156 1208.906 1588.843 1692.562 1789.375 3850.187 3850.968 
