222.875 402.656 658.781 815.593 1143.968 1304.656 1326.531 2606.500 2674.000 2723.375 3413.531 3722.375 3798.718 3811.906 
215.656 219.312 242.875 526.312 531.968 537.812 835.500 1003.000 1088.812 1165.437 1185.406 1210.812 1301.250 1405.187 1950.781 1991.593 1993.812 1995.468 2013.375 2977.687 3018.187 3103.093 3492.500 3544.312 
405.343 687.531 700.937 1159.687 1299.093 1374.218 2220.343 2537.000 3408.781 3424.656 
150.031 183.531 331.312 820.375 1324.437 3527.343 3541.343 
103.156 532.250 743.187 858.875 1120.781 1295.281 1417.437 2505.656 2511.531 2583.562 
701.281 1088.500 1396.968 2506.875 2557.937 3425.343 3597.281 
676.468 2559.937 
71.781 76.437 337.937 973.875 1310.093 1312.437 2140.625 2474.968 
533.250 1589.968 2543.000 3213.937 3632.750 
714.875 888.375 1167.687 1384.531 3060.781 3077.750 
