214.687 494.000 497.437 686.875 837.218 844.218 1204.093 2299.062 2358.093 2431.093 2802.218 2939.687 3261.406 
202.937 252.625 291.187 310.718 832.687 840.656 847.875 1003.812 1025.906 1941.750 1951.656 2800.312 2817.125 3521.375 3542.250 3552.593 3752.437 3768.218 
218.875 380.593 886.187 1035.062 2487.968 2524.937 2535.250 2648.312 2795.187 3176.281 
276.312 449.187 840.468 2470.437 3525.843 3786.593 3942.250 
286.781 514.781 1209.343 1232.937 3502.125 
74.281 363.250 992.156 1673.718 1778.093 2287.375 3144.062 
696.781 1067.468 
82.750 185.000 627.031 966.593 2816.531 2824.312 2834.093 2884.312 3681.843 
99.843 196.250 886.500 1256.000 3551.093 
70.125 109.656 456.031 
