42.437 233.437 304.343 308.031 447.656 454.906 483.125 580.468 590.031 595.406 599.468 629.125 787.687 866.218 971.031 1112.156 1181.781 1277.812 1297.468 1334.625 1347.812 1358.062 1408.187 1412.312 1438.406 1490.250 1494.937 1615.531 1651.500 1769.343 1779.281 1783.875 1805.968 1920.281 1939.062 2071.593 2220.218 2322.062 2334.281 2339.343 2375.031 2431.218 2505.437 2530.125 2633.312 2679.250 2774.812 2970.125 2979.437 2994.281 3228.406 3238.031 3251.000 3433.062 3482.218 3514.218 3851.406 3860.500 3881.000 
87.875 131.906 137.093 145.406 153.687 259.562 309.343 322.406 369.218 377.968 454.156 457.156 621.593 628.718 642.375 694.968 719.500 727.156 739.593 851.687 871.656 874.062 882.375 986.187 1136.125 1178.312 1269.062 1279.468 1280.718 1301.593 1322.687 1348.093 1460.343 1508.125 1532.125 1546.531 1566.656 1591.968 1692.093 1707.625 1731.875 2060.593 2063.437 2066.593 2077.187 2094.843 2104.062 2107.406 2109.812 2122.781 2136.531 2151.281 2154.812 2194.875 2318.343 2340.750 2367.656 2370.593 2481.281 2486.562 2607.750 2623.687 2763.843 2786.281 2793.156 2796.687 3010.093 3049.812 3077.343 3084.375 3107.968 3117.031 3138.093 3574.500 3585.500 3589.343 3642.656 3720.718 3889.187 
124.781 251.812 262.687 264.000 275.750 291.000 295.687 307.093 314.031 367.500 423.812 484.625 557.875 581.218 585.718 607.718 708.656 713.093 718.000 736.968 842.968 875.375 969.187 992.468 1088.031 1184.625 1270.937 1278.562 1309.093 1323.843 1338.500 1399.781 1442.500 1469.218 1490.156 1501.843 1525.687 1526.500 1539.843 1547.218 1607.406 1812.937 1818.468 1873.937 1928.562 2093.250 2112.875 2113.968 2294.250 2311.843 2318.593 2375.125 2381.281 2387.468 2614.156 2821.625 2844.250 2849.062 2866.718 2872.531 3060.937 3075.968 3105.187 3108.687 3115.750 3135.250 3523.500 3597.875 3605.031 3625.125 3799.968 3888.156 3893.156 3908.156 
115.687 204.093 215.750 228.437 255.625 275.718 459.031 467.906 576.093 658.687 709.500 748.656 936.875 956.562 973.500 1197.093 1266.062 1272.781 1274.875 1407.031 1437.968 1459.281 1500.031 1536.906 1554.437 1720.812 1912.500 1913.187 2048.781 2075.531 2198.156 2249.718 2278.500 2312.437 2407.875 2410.656 2418.437 2442.562 2521.312 2545.125 2545.531 2772.812 2792.312 2803.406 2914.437 2923.531 2932.593 3071.000 3079.093 3080.000 3096.062 3182.687 3188.125 3197.062 3393.281 3395.656 3413.562 3794.437 3841.906 
39.781 86.468 105.281 132.156 148.156 156.562 207.906 233.968 253.562 274.812 279.062 318.031 466.843 499.375 532.593 610.093 615.875 643.968 700.062 711.406 752.281 785.062 788.437 842.375 870.062 892.125 963.406 1190.656 1271.687 1272.468 1300.281 1301.468 1351.312 1395.718 1515.500 1575.562 1615.656 1673.968 1710.531 1734.031 1950.812 2074.437 2080.406 2205.125 2216.031 2273.937 2527.750 2566.000 2622.656 2649.843 2683.812 2732.812 2796.062 3072.500 3135.906 3149.156 3180.781 3265.500 3447.187 3450.281 3500.281 3542.562 3625.406 3629.843 3634.625 
61.656 109.687 124.468 129.500 149.781 153.656 226.250 236.937 243.031 278.687 280.218 358.937 384.843 434.406 476.343 484.125 492.875 575.531 581.812 615.593 650.500 702.562 713.968 1065.593 1077.437 1141.781 1274.968 1285.250 1302.250 1330.781 1405.750 1422.468 1456.718 1520.312 1611.656 1642.656 1990.812 2019.062 2035.000 2053.968 2060.843 2076.281 2280.968 2489.968 2707.187 3111.031 3133.218 3141.187 3161.156 3161.750 3190.000 3200.531 3202.500 3303.093 3415.375 
70.687 94.281 107.718 125.125 149.593 218.718 231.781 257.437 394.437 465.031 469.218 566.406 608.062 712.937 720.781 728.312 731.187 752.312 799.031 825.125 838.500 850.062 888.531 907.062 913.187 1179.468 1195.812 1211.718 1278.250 1308.000 1321.718 1356.625 1403.281 1449.437 1456.906 1484.687 1491.562 1532.781 1538.406 1547.093 1620.625 1658.968 1662.250 1696.625 1807.937 1937.781 1959.281 1995.406 2206.093 2219.187 2271.156 2276.875 2283.656 2292.968 2311.468 2401.187 2560.156 2567.531 2577.500 2744.031 2794.031 2802.656 2846.000 2894.500 3014.937 3080.125 3247.218 3425.375 3426.625 3460.562 3483.906 3574.437 3690.906 3985.812 3988.875 
20.218 25.000 29.125 93.031 108.718 116.687 150.812 210.125 222.531 238.500 259.062 347.750 353.937 382.125 460.781 465.968 574.093 597.437 636.656 709.250 751.718 867.718 882.500 931.343 933.187 1300.218 1350.625 1358.593 1392.750 1401.250 1404.750 1497.937 1639.625 1675.375 1829.437 2072.500 2081.312 2113.000 2124.718 2160.437 2177.562 2184.656 2414.156 2522.562 2532.531 2580.343 2586.687 2603.562 2667.218 2810.500 3076.250 3083.343 3335.562 3355.906 3383.062 3609.562 3610.312 3618.875 3768.281 3773.406 3972.156 
41.156 92.343 135.843 141.375 202.906 220.156 230.375 258.187 368.250 570.187 902.375 913.718 1085.281 1102.968 1277.031 1286.312 1308.593 1329.468 1333.125 1357.375 1427.875 1428.906 1574.906 1697.031 1816.406 2201.031 2219.343 2251.281 2254.437 2283.062 2298.250 2318.156 2326.625 2330.156 2334.687 2639.750 2768.562 2977.281 2985.875 3032.062 3035.218 3037.500 3039.468 3077.781 3080.312 3164.656 3169.468 3318.218 3324.468 3335.500 3660.281 3707.281 3770.218 3890.437 3911.906 
101.718 110.125 115.906 125.906 149.812 153.031 195.968 212.281 223.250 230.062 250.406 275.812 334.125 496.250 507.718 564.531 583.625 595.500 596.406 617.500 701.531 708.468 819.593 832.000 912.937 950.687 1280.437 1300.531 1345.593 1359.062 1406.218 1418.687 1480.500 1522.437 1544.125 1558.718 1579.312 1934.875 2118.906 2276.812 2315.500 2581.031 2599.843 2634.218 2660.343 2700.187 2713.687 2803.562 2816.875 3302.437 3349.500 3416.687 3568.843 3791.937 3879.625 
