14.468 15.843 20.250 37.781 242.281 262.375 308.531 330.031 416.531 439.812 476.593 532.531 626.343 700.718 732.500 767.343 990.375 1510.156 
11.312 94.937 208.625 259.343 331.312 359.531 377.906 384.531 466.000 481.500 922.687 961.281 1022.718 1111.468 1238.093 1829.187 
12.000 16.156 67.125 78.343 125.375 129.843 189.718 292.125 568.812 1620.812 1625.187 1742.000 1829.625 
12.312 75.906 130.718 240.656 252.062 280.687 466.031 542.500 562.781 570.750 685.750 1462.906 
14.968 36.625 108.062 170.468 210.687 243.656 262.406 306.781 466.375 516.781 555.062 812.062 849.062 1398.781 1740.125 
40.968 115.250 431.343 932.500 1110.468 1575.125 1966.593 
13.906 48.687 290.468 425.968 977.312 1650.000 
12.250 37.375 73.906 246.406 308.343 717.000 1488.937 1713.656 1736.062 
15.781 51.531 111.656 553.875 
14.843 17.062 79.781 243.406 380.656 560.906 1901.343 
