22.000 71.062 83.843 121.156 128.812 263.625 274.843 293.968 303.687 417.468 433.500 448.531 580.781 594.687 623.625 739.062 770.937 780.781 1009.468 1095.187 1223.218 1248.125 1276.031 1317.375 1349.406 1378.156 1945.656 2080.000 2167.187 2247.093 2610.500 3037.093 3129.781 
15.156 65.843 85.562 91.375 105.531 120.250 131.750 264.656 279.031 306.218 418.781 436.968 461.062 580.968 602.406 740.687 758.906 780.687 803.531 838.875 875.062 1011.281 1045.968 1089.093 1117.875 1222.312 1281.718 1309.218 1355.750 2415.468 2497.031 2575.062 3261.000 3358.000 3486.156 
54.125 80.218 90.437 101.281 119.218 264.031 280.375 290.031 310.125 418.031 437.656 450.812 582.750 610.156 739.375 763.750 787.312 809.000 865.250 1014.750 1022.250 1084.250 1114.312 1226.562 1254.687 1271.562 1308.906 1341.062 1386.843 2754.250 2832.781 
43.781 71.406 85.562 118.312 268.031 291.406 310.562 415.500 453.093 587.218 609.593 632.187 740.031 754.187 780.531 818.812 838.468 1014.593 1071.500 1226.593 1260.875 1285.968 1331.031 1352.062 3410.968 
21.312 80.156 85.687 97.218 105.718 128.718 266.156 279.000 302.968 419.656 438.218 582.093 602.000 738.281 750.218 779.125 813.156 878.406 1010.562 1032.156 1087.406 1226.687 1267.531 1288.843 1326.218 1368.812 2762.968 2827.812 3163.437 3247.156 3358.843 3532.343 3915.031 
22.531 67.093 80.625 93.156 138.125 266.843 281.531 306.875 422.218 441.406 463.750 585.000 600.906 627.125 738.125 759.343 797.437 821.062 849.687 908.343 1019.281 1081.625 1116.062 1224.093 1260.281 1302.500 1371.843 2086.625 2904.218 3978.656 
23.125 69.968 84.593 92.625 122.781 264.531 280.781 423.781 441.031 473.250 585.781 601.625 627.500 741.625 768.750 793.843 819.656 857.031 891.093 1011.093 1023.406 1079.781 1117.187 1219.125 1227.687 1274.812 1304.156 1333.468 1364.812 2863.406 2957.093 3934.125 
22.468 70.500 83.812 91.093 102.000 265.812 286.375 301.875 317.093 419.000 438.843 472.406 583.218 738.062 769.718 786.062 817.156 850.312 885.406 1076.843 1115.187 1223.281 1258.562 1279.937 1316.187 2938.906 
24.343 66.687 85.125 92.375 106.062 264.562 277.531 300.125 421.531 434.750 580.281 602.406 738.125 762.781 783.593 808.593 825.187 848.250 883.000 1014.218 1082.687 1114.750 1219.906 1244.468 1287.687 1307.000 1354.656 3253.781 3340.187 3432.062 3542.125 3644.156 3718.187 
19.406 70.031 81.531 93.218 107.750 136.687 264.375 283.187 309.718 420.500 438.625 582.781 609.187 739.781 762.031 780.218 800.125 829.625 853.000 881.968 1010.687 1081.812 1118.406 1223.281 1261.406 1313.718 1347.500 2269.750 2374.875 2456.906 2558.250 2675.906 2781.125 2904.437 3327.656 3431.125 3537.562 3605.437 
