16.062 32.093 44.593 57.531 66.437 142.687 167.156 209.500 241.031 268.218 281.500 376.000 398.218 428.406 463.187 479.750 502.750 535.125 727.812 762.375 793.375 887.437 919.593 963.156 1005.562 1066.312 1109.000 3389.468 3520.468 3615.031 
16.031 31.500 39.187 57.093 77.125 137.156 209.218 252.531 269.281 306.781 374.875 389.156 509.687 540.250 562.156 730.312 775.593 798.281 887.937 929.687 1006.843 1057.000 1095.687 1130.500 2365.406 
15.625 30.312 48.156 63.281 71.187 166.406 221.656 252.187 376.406 409.312 447.718 478.468 523.218 557.406 607.750 730.156 761.750 800.875 823.781 894.937 923.718 1003.718 1127.406 2463.031 2562.468 2666.156 3526.531 3637.281 3744.781 3894.437 
16.093 33.843 49.156 59.750 135.000 160.656 213.281 223.093 243.625 377.218 400.812 449.750 490.031 557.343 598.375 633.250 730.937 769.031 823.531 893.156 921.000 973.625 1059.937 1154.812 2747.718 3575.968 
15.000 29.718 44.906 62.468 79.468 166.937 242.468 252.906 283.875 377.000 390.375 407.031 446.500 479.593 525.406 555.562 581.468 606.906 733.250 769.281 802.531 888.406 914.531 960.625 1004.937 1036.625 1075.062 1105.937 1129.875 3845.562 
16.843 34.468 42.843 66.656 77.187 134.250 153.031 171.625 240.312 273.031 282.781 374.875 397.187 426.593 480.812 519.218 543.218 587.093 633.718 775.375 809.187 944.625 976.625 1032.562 1104.625 1139.062 2944.843 3961.843 
16.750 32.093 134.093 209.093 240.843 281.750 307.062 376.687 414.187 445.281 528.562 581.468 607.687 736.625 893.437 969.593 1011.937 1050.218 1095.156 1150.250 1785.312 
15.593 30.937 37.937 52.750 168.312 210.593 242.843 269.875 289.906 307.750 376.718 406.843 448.156 479.812 534.218 732.281 782.843 891.343 939.375 975.687 1010.343 1046.125 1086.312 1127.312 2470.750 2569.406 3519.281 3614.281 
15.593 35.250 43.937 56.875 68.843 170.500 247.437 278.656 306.593 377.625 408.468 448.437 476.718 504.343 569.937 598.281 628.875 725.593 776.312 807.750 886.343 934.468 992.218 1057.437 1106.312 1130.968 3338.562 
15.968 33.281 45.281 60.437 138.093 270.218 290.156 319.218 374.750 563.750 636.875 781.781 892.437 929.968 975.468 1014.906 1059.031 1095.968 2701.500 3623.906 3725.781 
