-1254.625 75.375 90.781 223.343 361.125 411.718 417.750 468.625 473.093 506.500 523.218 597.125 647.031 689.812 765.031 811.656 813.718 839.781 902.000 911.968 1068.187 1089.781 1090.281 1116.718 1210.656 1356.062 1360.656 1371.406 1390.375 1491.750 1542.968 1589.500 1606.500 1622.906 1632.781 1706.968 1756.500 1764.406 1830.781 1953.281 3118.000 3217.750 
59.812 220.406 228.406 257.187 547.843 571.156 606.312 926.843 964.312 992.343 1110.687 1116.750 1147.156 1230.062 1504.000 1564.031 1587.468 1663.562 1687.562 1813.781 1817.750 1821.312 
272.656 291.718 475.343 717.593 752.781 1091.375 1112.625 1113.281 1174.968 1508.312 1548.500 1645.312 1757.156 1760.218 1931.750 1991.156 
19.437 60.500 100.593 387.312 506.718 598.343 619.718 636.500 1070.250 1129.250 1133.500 1198.343 1295.781 1370.031 1384.156 1403.125 1407.250 1515.250 1519.781 1686.781 1702.687 1719.843 1729.656 1975.281 1991.218 2567.312 3212.312 
88.937 137.968 344.500 667.250 685.156 815.781 912.781 946.031 1053.187 1099.218 1125.750 1165.343 1249.500 1296.125 1349.593 1366.031 1437.718 1476.062 1509.218 1592.375 1699.218 1799.375 1862.531 1925.718 2458.218 
17.343 88.968 371.906 374.468 413.812 561.500 628.281 757.687 883.031 912.156 950.781 1002.343 1123.937 1238.093 1249.812 1270.093 1367.125 1408.437 1454.281 1546.625 1611.281 1697.062 1711.156 1749.750 1756.187 1766.218 1940.000 2561.187 
19.343 125.375 295.281 378.906 545.875 662.437 689.687 741.687 811.531 919.437 969.062 984.750 1311.875 1467.781 1611.187 1756.500 1868.437 1901.437 1995.031 2476.843 
111.062 173.250 364.312 373.968 399.718 506.812 511.093 528.656 603.250 689.718 745.812 762.250 839.812 902.187 971.312 1104.906 1205.031 1229.468 1336.187 1362.687 1423.406 1606.218 1759.750 1799.625 1974.656 
-830.657 -374.063 42.750 110.531 219.281 275.406 345.750 376.250 597.500 619.156 647.312 668.812 751.968 775.968 778.250 818.906 969.125 1079.593 1115.281 1158.656 1174.750 1382.062 1459.000 1476.562 1589.500 1785.281 1885.593 1902.250 1992.843 3119.968 
86.312 88.281 124.343 137.468 172.437 369.937 530.875 560.156 760.250 892.656 983.843 1087.750 1100.218 1109.875 1126.937 1311.156 1353.968 1380.718 1404.781 1475.843 1477.500 1504.031 1543.187 1656.250 1816.625 1883.656 1894.687 
74.875 89.468 172.406 256.531 272.281 301.125 341.937 346.937 506.218 527.812 551.406 557.562 577.656 756.156 785.468 844.531 968.718 1068.281 1378.187 1478.343 1505.843 1547.843 1632.656 1756.062 1784.500 1818.468 1901.812 2852.281 
-157.344 21.468 292.562 411.750 425.968 442.718 450.062 475.468 602.906 622.781 1117.500 1126.125 1209.250 1221.000 1333.781 1392.312 1492.406 1526.031 1542.750 1683.437 1858.718 3313.750 3543.093 3932.968 
-723.563 -399.844 -185.657 126.718 293.062 555.093 559.125 573.562 646.968 750.187 808.687 1089.000 1159.187 1194.062 1526.312 1548.093 1552.718 1674.875 1883.531 
-695.813 184.968 301.281 322.312 474.875 535.906 657.937 784.812 808.500 1012.562 1084.187 1175.718 1207.562 1208.375 1325.156 1353.937 1588.562 1789.125 1884.750 1978.750 
