14.843 31.781 34.718 120.875 122.625 654.562 1127.625 1128.968 1130.687 1276.968 1337.031 1682.906 
30.500 33.312 35.875 1130.093 1276.750 1280.531 1684.812 
31.843 33.781 34.000 40.875 125.718 239.687 252.937 274.781 475.812 565.031 637.125 638.718 694.156 718.156 877.843 1128.125 1129.343 1277.468 1279.843 1281.031 1431.468 1514.062 1677.687 1683.406 
28.625 31.281 97.500 118.562 139.343 145.656 161.593 238.562 239.281 241.781 314.968 565.500 637.500 690.500 729.437 1128.625 1277.093 1277.687 1280.281 1330.187 1335.156 1351.062 1352.250 1513.125 1556.093 1687.375 1739.281 1837.562 
35.750 63.343 119.437 120.718 122.156 238.187 238.625 250.218 314.968 338.500 470.312 473.531 475.281 633.937 637.406 1276.843 1278.437 1280.812 1334.125 1377.656 1681.187 1684.937 1686.093 1775.031 1837.468 1992.093 
14.843 31.531 33.281 122.593 141.468 238.656 241.750 380.218 386.218 525.000 638.937 724.781 874.562 929.281 1130.093 1277.937 1278.468 1280.531 1350.843 1367.843 1376.937 1683.750 1707.406 
30.375 43.937 120.875 157.093 238.593 239.031 341.468 475.343 637.562 883.375 1130.750 1277.312 1280.781 1334.687 1350.718 1683.593 
31.375 68.781 124.218 148.562 237.062 238.156 241.625 322.687 636.187 1130.906 1277.343 1279.156 1336.312 1411.906 1683.562 1684.687 1794.125 
21.937 32.218 34.500 49.031 50.562 58.156 118.375 120.781 122.312 124.062 125.781 242.437 279.281 297.656 396.593 469.843 564.906 639.343 651.843 749.218 887.093 1277.250 1336.843 1562.750 1684.656 1686.343 
14.375 28.968 36.375 39.125 78.437 89.906 122.281 127.218 154.250 374.093 386.468 397.875 473.250 494.906 516.687 661.312 877.343 1128.718 1277.718 1278.781 1350.312 1367.468 1451.750 1512.812 1514.031 
