-1839.344 -1253.532 -1136.157 -920.657 -919.907 -748.938 68.062 70.218 147.125 212.062 305.781 438.343 620.093 707.500 742.437 775.187 887.468 1035.656 1043.812 1153.000 1318.281 1375.312 1773.750 1853.718 1858.281 1860.843 1915.250 1919.187 2040.375 2167.187 
-1329.719 -1327.750 -1326.563 -1040.719 -946.813 -403.282 -294.813 -17.625 -4.438 165.812 245.187 362.812 366.187 831.406 892.687 904.000 1014.875 1036.062 1088.843 1207.093 1469.562 1471.687 1565.093 1905.500 1911.562 2017.156 2118.062 2209.625 2258.031 2303.156 3354.218 3388.468 3718.187 3725.562 
-1773.813 -1753.688 -1606.844 -1509.063 -748.813 -588.813 31.906 44.093 222.687 243.656 306.812 442.906 542.468 708.718 877.968 1027.281 1515.062 1635.312 1723.281 1811.093 2020.968 2115.593 2135.218 2549.875 2643.437 2656.000 3041.937 3463.781 3572.437 3663.218 3954.468 
-1752.157 -1572.938 -1422.782 -505.594 -468.969 -434.313 32.593 41.187 44.437 121.593 131.593 215.093 239.031 285.125 285.625 617.781 702.781 705.906 763.625 948.125 1015.875 1035.593 1180.156 1236.156 1258.312 1369.562 1513.312 1514.218 1522.468 1591.375 1642.343 2059.281 2114.500 2138.187 2139.843 2205.531 2989.250 3783.062 3840.875 
-1633.000 -1585.782 -1500.875 -379.750 72.031 218.125 222.812 240.375 288.843 297.125 437.312 553.406 744.281 843.781 887.125 946.218 963.031 1391.312 1462.218 1571.062 1644.281 1644.468 1864.718 2014.062 2167.031 2229.187 2238.531 2240.031 2501.812 
-1941.157 -1936.219 -1180.375 -1178.532 -539.907 -159.844 -152.594 33.375 43.031 43.937 94.500 230.875 363.250 379.187 457.062 470.062 492.406 512.750 653.500 846.281 1000.906 1142.375 1325.437 1467.562 1478.187 1507.312 1512.437 1621.375 1641.937 1858.218 2655.531 2933.406 2950.843 3705.343 
-1923.907 -1920.094 -1911.000 -1644.157 -1305.250 -559.657 32.156 96.468 107.875 154.656 246.968 283.375 321.781 353.812 767.968 944.156 1258.656 1302.125 1344.656 1580.406 1634.687 1720.656 1726.125 2246.875 2426.000 2432.093 3631.125 
-495.063 -367.344 -145.250 81.093 297.406 368.343 370.781 489.250 619.031 627.718 659.781 671.156 808.468 840.062 951.750 964.468 1012.843 1086.593 1088.875 1092.750 1166.750 1167.968 1169.625 1258.250 1269.500 1288.406 1480.906 1513.687 1781.218 1989.156 2234.468 2925.875 2940.937 3006.093 
-1889.313 -1525.250 -1523.813 -1326.907 -650.438 -138.094 -133.438 2.406 32.656 91.562 150.875 223.562 235.343 358.406 367.812 999.781 1111.875 1175.250 1375.875 1473.875 1480.281 1643.562 2115.687 2135.062 2169.718 2349.000 2819.750 2852.218 3043.843 3211.062 3970.000 
-1633.969 -1558.688 -1556.157 -1515.844 -1328.750 -1303.094 -318.282 31.312 36.593 91.187 94.500 117.250 126.562 130.125 220.750 236.125 245.218 286.750 317.187 410.968 413.250 478.281 818.843 833.218 864.468 993.062 1174.593 1175.812 1213.437 1214.500 1384.812 1426.968 1437.781 1712.093 1859.562 1978.531 1984.406 2183.968 2721.437 3221.718 3229.875 3434.687 3568.812 
