34.593 50.718 66.062 67.343 227.093 241.000 273.562 276.000 388.250 396.562 466.687 510.312 514.000 726.062 727.375 735.281 736.218 743.750 747.937 754.187 755.312 757.343 850.406 850.718 873.062 876.062 938.031 955.281 1214.468 1238.531 1245.312 1273.250 1375.843 1409.875 1608.187 1630.656 1702.312 1705.437 1713.937 1776.187 1993.437 3472.000 
42.781 49.687 51.406 53.156 58.156 90.281 123.312 125.500 127.687 236.218 270.750 290.062 305.812 388.718 518.000 723.656 739.062 747.718 748.906 752.750 757.593 760.750 856.406 958.125 1087.843 1216.843 1240.750 1252.937 1283.406 1291.218 1315.156 1366.531 1371.125 1397.156 1400.843 1403.218 1406.906 1411.093 1630.625 1779.843 2334.500 2491.218 2664.312 2866.781 2904.625 3231.656 3363.593 3503.750 
33.968 47.750 60.093 125.562 135.687 145.125 246.625 294.218 295.781 310.562 469.375 475.937 510.031 529.312 687.500 733.218 737.406 748.656 752.031 755.843 758.843 759.062 774.406 858.281 860.937 868.406 881.781 889.031 947.687 953.843 955.406 962.781 1083.312 1083.562 1216.250 1230.187 1230.437 1235.906 1244.625 1270.937 1271.843 1274.750 1327.093 1415.281 1607.718 1777.875 2001.125 2727.125 2794.031 2807.250 3098.093 3142.656 3231.437 3318.062 3886.906 
33.312 42.875 45.406 49.343 60.281 66.593 69.375 118.406 127.718 129.218 233.656 246.125 265.718 310.625 322.625 401.593 404.062 568.437 723.375 725.656 734.593 747.718 753.187 758.531 765.625 851.250 854.093 895.937 957.062 965.031 1096.843 1215.750 1238.781 1267.437 1276.531 1282.906 1389.562 1389.843 1403.656 1597.406 1610.625 1613.843 1631.187 1706.406 1778.968 1780.125 1785.312 1786.000 1996.125 2531.625 2952.187 2989.343 3006.218 3031.687 3488.312 3709.312 3759.750 3957.687 
33.000 34.718 44.375 124.250 127.187 146.312 217.281 242.375 254.531 256.875 280.437 296.593 298.750 393.625 682.937 729.000 755.593 757.812 759.906 769.343 852.750 870.875 946.562 946.750 956.125 1088.937 1102.468 1121.781 1128.187 1224.500 1231.500 1238.000 1245.093 1253.187 1268.093 1288.875 1407.437 1418.031 1616.187 1616.437 1632.062 1687.718 1692.500 1778.312 1780.312 1784.937 1805.625 1882.593 1997.375 2093.250 2217.843 2863.718 2938.062 3092.187 3401.156 3484.718 
11.656 32.156 36.562 51.906 55.843 63.406 70.218 126.906 205.375 249.156 310.250 317.562 402.531 484.500 540.125 728.875 730.125 734.937 741.000 750.125 752.750 755.281 763.250 873.687 902.343 946.000 953.500 955.750 1238.875 1243.031 1281.531 1295.000 1370.312 1403.531 1413.093 1586.218 1603.281 1637.750 1704.250 1779.593 1785.375 1787.406 2003.375 2320.625 2489.312 2563.156 2767.750 2963.093 3310.656 3463.187 3560.625 3723.062 
34.531 51.000 72.750 93.781 123.125 126.312 238.031 245.000 271.906 291.750 298.156 298.843 322.937 386.281 391.406 392.375 440.156 468.843 475.875 515.906 517.281 582.843 728.656 734.156 747.718 751.375 754.218 775.250 775.656 861.062 863.187 875.562 880.312 945.812 1232.343 1237.093 1267.000 1280.625 1281.812 1286.406 1408.718 1632.437 1632.656 1702.687 1705.562 1778.687 1779.812 1794.812 1804.250 1895.218 1896.906 1988.562 2274.406 2361.812 2362.468 2608.250 2987.843 3298.500 3314.156 3957.937 
34.843 46.875 47.218 70.062 70.906 97.468 116.718 134.375 247.281 277.218 294.875 315.125 325.250 417.218 525.718 570.718 586.531 686.718 734.062 737.500 747.000 750.125 751.843 753.687 754.187 755.281 763.843 852.343 853.937 859.250 910.093 938.000 942.312 1008.531 1111.406 1196.625 1221.343 1222.406 1236.875 1239.437 1241.000 1244.687 1277.156 1282.125 1404.031 1405.562 1609.937 1614.031 1617.843 1750.062 1779.468 1785.406 1793.937 1992.656 2272.343 2531.312 2691.562 3036.000 3231.718 3298.312 3322.250 3404.500 3747.906 3769.406 3839.906 
33.187 46.375 49.125 55.718 109.218 122.968 124.656 134.968 140.531 243.406 247.656 249.562 254.562 271.593 281.093 289.125 303.437 309.187 323.656 326.750 422.250 521.093 540.062 578.937 728.812 731.156 734.437 735.093 737.125 743.031 746.218 755.593 758.218 849.187 850.906 854.937 867.062 870.250 897.937 936.437 965.062 1088.343 1102.687 1121.281 1131.562 1241.218 1260.093 1274.781 1284.468 1288.687 1323.406 1393.531 1403.812 1581.812 1608.218 1619.562 1642.812 1695.093 1703.187 1710.250 1795.062 2207.312 2300.687 2485.656 2495.531 2543.593 2656.437 2755.500 2836.468 2902.500 3238.093 3246.968 3387.312 3465.500 
31.750 42.718 67.437 101.000 123.656 126.343 130.812 246.000 248.562 264.937 289.093 292.656 297.093 424.281 520.562 521.937 571.875 686.468 724.968 726.187 726.906 733.500 742.812 747.781 755.593 757.343 761.125 931.875 952.875 958.187 1091.312 1106.406 1108.812 1277.375 1277.625 1286.531 1393.312 1410.843 1602.875 1730.375 1776.500 1778.218 1782.718 1786.718 1787.468 1985.375 2138.687 2216.968 2302.343 2381.687 2399.656 2438.406 2596.406 2703.187 2814.218 3023.437 3162.125 3459.062 3520.687 
