-1997.313 -1962.969 -1872.032 -1156.375 -36.657 24.750 66.906 119.687 647.062 676.250 694.093 714.312 1020.625 1640.156 1705.875 1738.031 1951.875 2123.968 2142.250 2154.812 2267.468 3058.562 3260.531 3494.625 3706.000 
-1248.407 -417.094 -224.844 37.156 85.281 145.250 602.156 649.312 662.843 681.156 842.781 1234.593 1300.531 1641.218 1720.625 1893.593 2148.843 2231.375 2415.687 3144.875 3335.781 3755.781 
-1817.094 -730.032 -181.532 77.218 234.812 259.687 631.406 743.187 1034.468 1760.250 1800.281 1911.218 1945.093 2123.687 2704.812 3659.843 
-1795.032 -1653.313 -1577.344 -1191.782 64.500 871.906 1023.156 1283.531 1700.031 1760.281 1869.187 2295.781 
-1914.219 -1343.532 -1135.188 -848.375 -331.219 -254.063 -75.594 130.843 1099.218 1385.343 2122.312 2177.312 2199.093 2292.312 
-1867.657 -1669.000 -826.688 111.218 286.031 492.281 603.468 1319.968 1550.031 1725.218 1886.906 2187.718 2757.375 3170.437 3748.343 
-161.094 86.000 363.406 367.312 2144.062 2443.718 
-1247.532 -1236.219 -334.188 93.781 2135.062 2181.250 2850.406 3185.531 3285.812 
-1569.813 -387.782 -196.032 16.343 630.187 727.000 1621.437 2327.156 2457.562 3535.812 3775.375 
-721.875 -67.157 -62.657 73.906 90.125 117.968 120.343 1096.593 1101.031 1107.218 1397.125 2138.156 3075.156 3252.687 3424.218 3425.906 
