-1965.250 -1830.907 -1545.344 -1245.313 -503.344 -296.844 -231.563 -230.282 17.718 91.250 132.531 162.875 662.125 675.187 775.437 1239.656 1606.250 1809.312 2844.843 2846.062 3449.125 
-1879.250 -1049.000 -1043.094 -909.407 24.531 57.906 168.656 305.187 310.375 315.781 652.156 1061.437 1083.218 1558.875 1815.093 1838.812 1890.062 2740.500 2826.500 
-1906.219 -1567.407 -1251.313 -815.282 -623.000 -329.719 63.156 107.187 162.187 397.781 400.500 535.343 778.781 941.000 1082.218 1234.000 1859.812 2519.343 3341.125 3473.968 3802.000 
-1996.250 23.125 137.031 402.250 495.468 958.531 1173.156 1201.781 1432.437 1478.968 1786.000 1832.562 2276.406 2570.906 3323.562 3501.125 3734.906 
-1561.813 -1489.063 -1119.875 -741.688 40.656 138.468 179.187 399.906 520.656 1066.375 1193.812 1216.156 1224.406 2090.750 2151.656 3240.531 
-1742.750 -1704.594 -1272.688 -966.594 124.843 309.031 857.281 1370.843 1956.843 2752.031 2936.343 3748.875 
-618.625 42.218 430.625 800.218 2356.281 3041.375 3088.812 3635.343 
-1547.438 -1195.532 -1162.407 -1153.532 -1001.407 273.562 536.750 709.531 1077.937 1828.343 2154.000 2166.593 2626.593 3864.906 
-1486.219 -833.813 -622.657 188.468 511.687 708.687 3060.281 3274.156 3278.031 3418.031 
-1938.782 -1271.657 -716.375 41.906 2305.250 3742.000 3806.156 3806.375 
