44.281 54.000 72.250 76.093 81.437 123.781 154.000 167.906 321.281 380.593 395.093 500.562 502.218 670.000 678.468 715.437 966.281 1057.625 1073.906 1118.812 1120.875 1196.093 1224.156 1257.250 1315.468 1576.906 1848.687 1952.937 2181.218 2605.937 2862.093 3246.000 3491.125 
55.000 89.312 127.000 130.500 141.750 330.531 348.906 369.468 499.406 538.000 987.937 1253.812 1385.281 1611.406 1618.343 1913.406 1921.406 2046.750 2995.531 3885.781 3968.750 3974.906 
30.437 98.375 104.187 122.281 129.968 158.812 187.031 330.968 378.812 844.125 1416.812 1452.406 1584.000 1894.968 1996.093 2450.156 2573.156 2933.937 3053.125 
43.093 105.656 173.281 321.656 383.093 538.718 670.125 801.031 995.562 1125.406 1184.437 1485.656 2030.062 2076.156 3019.906 
27.500 72.375 94.000 532.906 799.375 844.312 940.125 1253.531 2182.812 3849.750 
76.000 91.625 95.500 334.375 339.500 359.281 559.375 561.906 892.718 1334.312 1762.718 1957.781 3942.187 
44.343 98.937 125.406 835.437 1193.000 1928.562 2173.062 2622.875 2752.906 
86.343 100.218 517.187 539.250 846.406 1103.250 1254.500 1568.593 1952.687 2036.718 2898.250 
87.031 174.656 200.687 536.656 661.968 674.687 835.187 1671.218 1884.812 1887.125 1904.281 2301.218 2450.343 2540.187 
186.500 192.281 198.562 321.875 331.718 1204.593 1223.843 1482.218 3341.000 
