25.593 104.593 145.812 159.343 193.468 201.906 247.562 267.125 282.937 330.500 354.875 429.437 723.000 723.843 853.750 895.531 1038.437 1144.906 1274.156 1337.156 1385.093 1448.531 1513.156 1821.375 1865.187 1954.687 2007.625 2164.593 2211.062 2375.656 2380.531 2708.468 3112.375 3621.906 3990.062 
19.000 24.968 99.406 105.781 126.875 152.406 180.406 354.750 421.218 430.031 451.843 486.156 529.500 587.156 727.687 1045.562 1096.937 1363.437 1396.875 1425.562 1705.718 1831.218 1863.875 2001.125 2052.750 2155.843 2676.687 3406.406 3651.968 
16.812 17.218 48.718 99.062 209.000 264.875 320.875 395.937 689.625 862.000 1143.093 1643.250 1655.250 1779.187 1914.500 2716.406 3006.156 
25.656 99.468 537.500 906.781 1007.718 1392.843 1646.531 1654.500 1697.750 1920.437 2223.312 2283.000 3809.781 
81.281 149.000 208.437 245.750 275.781 353.593 422.437 654.125 957.218 1053.906 1074.062 1242.000 1323.218 1447.093 1645.812 2008.687 2013.250 2042.750 2244.156 
98.250 696.750 930.531 951.687 1263.187 1351.406 1748.843 2383.062 
20.656 230.125 296.968 737.875 1079.906 1146.187 1651.156 1979.281 
21.218 1085.250 1264.687 2001.531 3301.343 
69.468 70.812 106.968 151.281 721.437 1252.750 1334.000 1956.375 
17.812 98.500 104.906 210.625 1086.281 1394.093 2169.968 3255.000 
