18.593 214.281 542.156 667.093 906.500 1159.187 1439.750 1719.218 
19.031 245.281 508.531 545.718 694.062 1405.281 1548.562 1720.937 
17.906 21.031 39.843 81.812 120.343 515.250 553.468 729.031 1463.156 1548.687 1720.812 1788.031 1890.250 2264.500 
15.781 17.812 21.031 43.625 118.375 121.468 143.468 647.000 1212.062 1267.000 1787.687 
52.343 186.406 222.562 311.250 988.406 1058.812 1211.906 1378.375 1407.343 1666.187 1785.500 3892.750 3894.875 
15.406 17.562 369.906 552.187 932.750 1720.312 1941.750 1986.500 
279.218 489.343 1405.625 1847.781 
1192.656 1448.625 
407.000 1193.687 1624.843 1720.625 1893.906 
14.937 43.812 1630.343 2007.468 
