23.031 37.468 
21.625 22.968 85.750 95.906 658.250 1416.031 1616.250 
22.062 23.500 160.250 499.312 1016.656 1061.406 1864.437 3437.812 
373.656 872.031 1053.906 1092.656 1729.843 1873.468 1994.562 2558.125 3073.000 3414.625 
287.375 319.312 542.906 734.156 1018.156 3880.906 
172.906 447.125 1156.218 1410.906 1460.406 1616.187 1698.687 1897.968 
118.875 136.125 158.968 398.937 500.812 1750.531 1903.031 2640.093 
23.843 161.656 475.843 500.812 660.093 821.562 922.156 1751.781 
22.562 146.312 712.750 1017.406 1619.812 1699.156 
24.468 80.031 84.312 1034.500 1620.437 3784.906 
