21.187 59.656 275.656 569.156 1065.093 1271.312 1819.093 2692.093 
21.843 55.093 328.593 618.375 1118.531 1180.062 1292.281 1493.531 1601.343 1765.687 1896.593 3265.625 3838.093 
52.687 373.125 652.906 1124.750 1268.281 1460.343 1636.875 
29.781 48.406 198.937 335.656 541.625 796.218 829.656 921.312 1179.250 1408.687 1448.000 1594.593 1760.843 
205.312 574.375 671.593 684.875 695.718 1038.937 1059.093 1363.250 1706.500 2907.000 
543.343 781.718 858.750 1901.375 
80.125 939.781 1706.343 1908.125 
55.875 238.687 477.750 486.875 586.187 592.312 997.593 
1656.281 1942.843 2941.281 
331.625 759.156 
