17.031 329.687 847.781 873.281 1205.281 1325.781 1361.718 1724.093 1961.843 2680.375 
14.343 60.843 185.218 498.343 704.843 810.093 1205.500 1341.187 1994.218 
14.312 164.343 182.031 253.437 789.218 810.531 1108.718 1337.968 1374.468 1516.281 1631.593 1902.843 
61.687 87.125 101.656 503.031 550.031 633.843 674.906 813.187 873.531 1069.968 1555.125 2380.281 2577.750 
14.656 100.156 498.156 498.812 637.031 847.843 875.218 1238.281 1401.312 
14.562 62.406 95.656 123.843 200.593 330.093 995.656 1205.937 1455.750 1974.781 
15.250 17.437 156.968 195.437 342.062 499.687 998.906 1101.593 1473.687 1532.687 1964.312 1979.093 
14.406 18.218 329.218 728.406 814.093 873.468 912.218 1185.250 1248.343 1337.687 1696.750 1993.906 
14.406 61.750 329.531 370.156 689.281 814.218 910.000 953.062 998.593 1151.000 1323.000 1678.156 1995.593 2707.562 3507.750 
14.093 17.968 161.687 499.750 689.812 938.156 1134.187 1365.687 1807.968 1995.406 2534.062 2535.531 
