48.562 51.656 59.593 116.843 151.406 172.906 181.187 191.718 199.937 301.375 306.906 374.625 382.406 386.031 390.906 404.375 416.218 422.750 430.937 439.593 447.906 497.125 601.406 615.937 616.500 627.343 809.437 880.281 922.875 1016.531 1044.906 1064.406 1155.968 1165.187 1263.625 1274.468 1290.781 1338.843 1501.687 1505.281 1609.625 1618.250 1640.750 1649.250 2121.750 2418.250 2524.031 2647.375 2865.906 2949.187 3053.031 3225.875 3389.625 3393.312 3395.093 3398.218 3401.562 3427.875 3539.281 3543.531 3808.156 3817.843 3823.281 3903.093 3990.000 3997.031 
27.750 31.437 47.343 50.593 59.656 100.375 139.062 175.062 190.250 205.281 259.500 264.875 287.687 343.875 381.062 450.156 459.937 490.125 511.562 590.687 603.937 608.781 628.593 654.375 671.718 1008.562 1035.937 1046.812 1199.500 1249.156 1254.718 1261.718 1281.718 1294.218 1308.687 1318.937 1341.343 1448.843 1472.062 1516.312 1587.687 1679.781 1728.968 1781.406 1972.312 2014.062 2117.500 2402.875 2429.968 2477.312 2481.437 2485.281 3099.562 3104.718 3107.031 3120.437 3131.906 3138.906 3229.250 3253.875 3314.281 3321.625 3367.218 3450.250 3454.906 3691.875 3697.625 3774.062 3814.906 3842.062 3847.750 
20.562 25.000 28.187 46.812 54.281 65.031 174.031 185.031 192.656 214.000 285.093 383.437 392.031 401.750 436.281 453.031 540.250 548.312 613.343 641.656 708.031 753.406 866.875 881.718 1026.093 1123.312 1127.843 1315.812 1480.406 1563.500 1621.531 1630.375 1645.625 1663.062 1900.312 1925.218 2655.250 2660.843 2664.687 2734.968 2770.687 2881.281 2889.187 3515.875 3527.875 3538.250 3670.625 3677.031 3681.500 3714.968 3724.500 3769.343 3779.218 
25.937 45.968 52.093 57.531 86.500 100.500 105.656 196.656 212.093 301.906 381.218 439.750 447.968 500.218 542.812 622.781 714.000 864.125 902.781 914.687 970.531 981.000 1005.187 1157.406 1248.781 1269.937 1390.937 1504.000 1535.781 1548.531 1560.093 1578.750 1704.687 1893.812 1918.250 2349.062 2362.968 2632.281 2651.500 2655.593 2664.906 2720.562 2996.593 3365.531 3379.187 3394.593 3410.250 3428.812 3440.187 3558.625 3758.812 3929.312 3955.750 3981.187 
21.906 27.375 47.468 56.781 74.812 81.656 85.625 137.250 157.843 160.406 171.781 310.906 373.468 386.156 392.000 400.906 421.906 452.937 518.968 544.687 610.125 616.562 822.781 861.812 979.375 983.500 1037.187 1118.625 1127.062 1187.468 1282.156 1483.531 1532.156 1568.031 1650.312 1653.343 1680.875 1768.062 1927.031 1943.250 1949.937 2756.406 3118.343 3496.125 3499.281 3507.656 3639.843 3695.437 3767.500 
29.250 33.250 49.937 57.781 87.250 95.687 114.062 165.468 188.312 200.562 213.156 252.531 384.281 413.562 466.968 498.062 606.000 812.000 826.093 997.812 1047.718 1052.687 1056.656 1064.687 1108.343 1198.812 1261.187 1274.531 1282.562 1446.375 1653.968 1659.562 1824.343 1877.062 1958.343 2263.093 2542.687 2642.250 2726.843 2737.375 2740.718 2745.906 2974.375 3228.562 3540.656 3619.656 3732.843 3738.000 3740.250 3745.250 3751.875 3766.843 3824.031 
28.000 31.343 45.875 48.531 53.718 61.125 100.562 160.406 170.718 187.500 205.937 265.125 270.062 305.125 364.812 395.187 422.312 431.500 498.468 532.125 605.687 634.062 667.625 752.468 803.968 816.625 956.343 971.125 1033.093 1050.468 1158.312 1243.312 1541.937 1572.656 1593.875 1690.968 1719.375 1727.125 1862.843 2060.562 2386.906 2398.375 2461.781 2464.781 2467.718 2471.687 2680.062 2685.500 2694.875 2712.000 2728.593 2734.468 3298.781 3309.875 3313.375 3332.781 3374.281 3720.625 3729.562 3745.000 
27.718 31.843 47.656 51.468 83.812 107.781 117.593 187.125 203.812 207.343 211.687 303.031 318.093 382.093 418.062 438.000 448.656 456.406 499.187 503.562 558.781 660.437 1007.156 1090.187 1170.906 1198.906 1252.468 1258.687 1270.937 1290.281 1302.750 1523.906 1540.718 1553.437 1653.593 1658.718 1688.125 1767.375 1782.437 1954.937 1972.218 1980.187 2084.593 2153.968 2174.625 2468.562 2483.781 3059.500 3116.218 3292.968 3297.406 3551.500 3574.250 3633.875 3637.937 3748.718 3752.812 3811.000 
27.218 30.125 32.281 53.562 110.781 147.125 161.000 168.062 178.531 187.812 194.500 281.250 380.125 389.687 448.843 498.906 521.375 556.500 590.406 635.062 797.625 922.968 1031.687 1041.968 1123.812 1168.968 1312.593 1348.406 1502.375 1590.281 1762.968 1953.968 2027.375 2035.156 2193.468 2196.218 2198.312 2573.125 2576.187 2655.937 2665.343 2708.156 
29.312 54.812 169.218 386.781 395.031 460.937 465.656 481.906 510.125 539.562 550.250 561.750 571.968 580.406 691.468 699.718 813.906 863.875 886.718 925.187 966.375 1066.937 1116.250 1125.625 1188.031 1273.937 1284.812 1334.031 1352.156 1520.812 1625.343 1630.531 1874.562 2097.375 2121.781 2407.750 2518.562 2804.375 2888.843 2910.968 3195.375 3557.281 3633.031 3634.187 3655.562 3745.781 3749.593 3755.656 3809.687 3820.656 3928.750 
