74.812 221.000 403.125 537.750 591.406 595.875 603.062 824.531 900.093 1166.000 1185.750 1557.906 1651.000 1740.718 2057.218 2162.437 3990.156 
63.843 74.812 404.468 409.312 587.468 596.937 604.375 664.531 692.781 777.656 856.906 1188.031 1499.375 1699.718 1737.125 1807.968 3046.500 
75.125 102.812 225.906 241.343 267.625 385.968 428.437 536.718 907.875 1213.500 1424.750 1501.156 3134.125 3252.437 3791.593 3962.500 
92.750 179.156 192.843 228.156 688.093 754.093 859.312 1483.437 1661.406 3134.093 
63.312 230.156 236.156 237.843 313.156 418.343 497.218 608.968 780.000 1010.031 1167.843 1662.968 1817.812 1996.250 3902.843 
64.218 68.968 75.000 99.875 218.281 234.906 397.687 476.593 568.625 660.718 713.250 739.562 777.687 794.281 867.625 884.218 897.343 1107.750 1134.093 1173.531 1397.031 1489.062 2146.531 2172.812 2646.187 3080.093 3145.843 3763.812 
59.281 60.500 572.093 609.625 664.125 703.593 769.343 1032.312 1042.750 1492.500 1516.500 1847.562 2820.593 3609.531 
69.000 90.062 103.250 195.312 216.281 339.937 402.656 537.156 607.375 1023.687 1326.093 1329.500 1352.406 1523.343 1615.375 1733.781 1749.500 1754.906 1786.343 1799.531 1812.625 2023.031 2312.312 2562.125 2614.718 2904.000 2996.031 3390.531 3495.718 3548.312 3653.500 3745.531 3903.343 3955.937 
87.687 163.968 190.718 217.031 230.125 322.187 572.000 598.312 716.656 769.250 913.906 1098.000 1176.906 1352.656 1426.718 1548.125 1716.000 1794.875 1808.031 2110.437 2386.625 2399.718 2491.812 2636.437 2912.562 3215.000 3293.875 3586.593 3754.125 
73.781 267.906 399.406 407.156 412.562 478.281 675.562 701.812 780.781 807.062 820.156 890.750 1122.593 1135.781 1175.187 1188.375 1214.625 1240.937 1425.031 1510.312 1556.500 1609.093 1727.500 2240.312 2292.843 2818.812 2910.843 3000.218 3001.718 3081.781 3173.875 3279.031 3778.718 3844.468 3923.375 
