40.000 60.468 71.718 158.750 377.968 562.906 662.187 691.093 693.250 738.812 777.343 784.343 815.000 1427.312 1434.000 1693.687 1722.531 1733.562 1789.843 1797.187 2933.781 3065.218 3827.875 
57.625 129.843 168.218 326.000 554.406 556.718 788.593 1290.750 1406.468 1426.781 1439.781 1450.031 1690.031 1806.375 1855.593 3617.812 
57.375 166.281 253.406 397.437 413.968 427.125 576.750 641.468 718.875 764.906 1406.406 1429.500 1820.968 2083.937 2241.750 
37.187 43.375 516.593 657.937 750.000 757.718 813.500 1290.500 1410.906 1411.625 1420.625 1519.437 1688.375 1933.437 2327.875 2840.687 
252.250 322.687 350.718 555.156 647.218 699.812 1988.406 2737.875 3000.906 3145.531 
39.343 43.062 79.968 371.781 420.656 539.000 555.500 679.593 723.062 802.000 1170.156 1380.562 1446.281 1780.437 1848.906 2024.812 2130.031 2300.968 2550.781 2616.562 2629.718 3103.062 3129.406 
36.531 39.125 46.906 140.000 205.750 363.500 665.937 689.062 784.312 863.156 889.468 1284.000 1389.156 1409.531 1494.343 1560.156 1691.562 1783.593 2191.250 2388.500 2414.750 2769.812 3045.937 3479.843 
25.156 35.312 36.812 285.187 364.062 380.593 692.781 701.750 758.531 771.687 929.468 1192.468 1218.750 1285.125 1757.843 1784.187 1836.750 2375.875 2428.468 2441.656 2467.906 2796.625 2888.656 3572.437 
21.843 38.750 43.937 44.156 74.437 153.343 271.656 284.812 350.531 352.343 376.843 521.531 626.687 774.562 1231.531 1402.437 1586.593 1612.875 1652.312 2309.781 2401.812 2585.906 2651.687 2980.375 2993.562 3519.500 3729.875 
45.937 75.343 137.062 344.281 400.093 689.343 742.000 899.718 1083.812 1110.093 1188.968 1399.437 1433.093 1570.312 1583.500 1599.375 1675.500 1732.625 1782.968 1825.468 2004.218 2332.968 2359.250 2858.968 3108.750 3292.843 3358.593 3516.406 3542.687 3713.593 3779.375 
