30.562 101.625 230.187 380.875 381.968 538.875 740.593 763.875 930.062 1062.406 1103.406 1169.656 1398.031 1463.812 1488.000 1497.156 1513.281 1549.406 1577.281 2249.062 2306.812 2336.406 2363.468 
381.500 651.687 755.156 758.656 1039.281 1074.750 1105.968 1151.781 1316.625 1908.750 2070.656 2209.250 2248.781 2298.218 2303.218 2352.843 2553.031 3302.593 
186.781 359.531 393.156 554.937 649.187 737.718 817.937 887.968 923.718 1102.156 1182.375 1304.468 1326.125 1420.250 1488.375 1509.593 1528.000 1541.125 1584.437 1593.718 1910.375 2159.656 2304.312 2334.968 2343.218 3776.468 
101.656 124.968 232.218 416.312 539.593 560.937 565.843 731.906 766.000 1415.625 2059.968 3694.093 
98.593 101.312 110.812 255.000 378.031 399.343 554.718 996.406 1399.593 1463.531 1484.750 1609.937 1976.375 
34.468 87.093 98.937 102.250 118.781 218.562 402.687 560.468 573.593 665.656 691.968 744.531 764.125 1217.906 1796.468 1875.375 2164.625 2191.750 2271.968 2351.875 2651.156 2743.187 2782.656 3058.781 3308.593 3834.593 3979.218 
381.812 390.531 536.093 650.062 815.750 834.156 920.937 995.406 1289.125 1401.156 1407.437 1433.718 2156.812 2183.250 2433.062 2590.875 2682.937 3037.937 3261.437 3300.906 3366.687 
93.531 106.718 119.812 422.250 777.250 921.937 953.312 974.531 1027.156 1053.031 1177.000 1303.281 1344.843 1548.375 1919.937 2736.500 2986.343 3038.906 3078.375 3354.531 3564.875 3643.781 3670.062 
98.718 226.500 628.281 667.750 672.093 693.093 812.406 917.562 957.000 996.468 1009.625 1016.968 1193.687 1496.125 1588.187 1653.906 1824.843 1877.437 1903.718 1916.875 1943.187 2008.968 2153.593 2176.031 2179.937 2206.187 2350.812 2416.593 2587.500 2600.656 2692.687 3534.218 3600.000 
149.593 379.000 504.656 555.062 688.750 1162.062 1254.187 1265.000 1449.687 1503.968 1517.125 1532.031 1556.593 1661.750 1688.062 1911.593 1937.875 2016.781 2174.593 2345.500 2555.906 2792.593 2937.218 3055.562 3305.406 3436.906 3778.750 3870.812 3936.593 
