27.687 34.343 41.937 48.062 63.781 71.406 80.906 93.312 99.031 121.375 126.406 144.718 158.000 179.125 198.406 206.062 210.468 237.281 255.125 311.968 344.468 422.500 430.406 526.437 539.375 578.218 708.187 722.125 765.781 828.312 921.187 926.656 932.156 957.156 1014.093 1052.937 1080.500 1217.343 1247.656 1257.937 1311.906 1315.375 1353.281 1497.531 1526.718 1553.875 1608.687 1648.062 1698.062 1713.500 1832.093 1851.562 1862.875 1937.718 1946.218 1968.000 2399.531 2847.218 2854.531 2858.968 3195.625 3533.625 
27.156 31.406 42.031 62.000 71.312 76.625 124.843 147.843 179.468 218.937 226.656 344.312 520.062 587.843 829.093 842.593 928.343 945.968 1041.687 1065.406 1072.875 1228.000 1237.000 1259.031 1301.812 1354.375 1370.250 1526.375 1547.125 1595.750 1656.093 1678.937 1690.218 1704.000 1720.687 1777.718 1828.406 1870.718 1992.937 2451.343 2551.875 2716.312 3084.250 3468.031 3858.781 3902.031 
30.218 32.937 46.968 52.625 57.968 73.437 77.718 87.812 98.937 125.906 204.281 218.968 253.218 325.843 343.531 413.125 427.531 441.625 530.187 554.031 568.781 578.843 674.031 706.750 780.875 827.468 843.531 929.218 952.218 962.406 982.437 1065.875 1072.531 1219.218 1230.562 1238.718 1244.875 1314.687 1411.656 1507.000 1525.187 1531.781 1655.875 1679.031 1700.406 1703.437 1711.406 1719.531 1764.500 1817.187 1851.125 1885.718 2036.875 2120.875 2266.625 2276.187 2527.718 2577.593 2678.593 2682.562 2789.593 3213.093 3259.000 3324.437 3331.593 3373.406 3479.843 3761.218 3798.468 3814.750 3977.281 
27.062 36.218 42.562 45.656 52.500 67.750 75.531 85.843 117.406 126.968 179.343 245.375 257.843 281.625 351.375 425.000 449.750 565.875 579.000 665.031 680.218 826.531 842.656 926.187 949.687 957.343 988.312 1050.093 1058.531 1086.531 1144.968 1233.031 1238.593 1250.718 1256.812 1264.218 1323.031 1338.187 1354.843 1373.250 1498.000 1527.781 1535.437 1551.312 1580.062 1605.031 1683.343 1705.687 1817.531 1849.687 1862.531 1881.718 1912.656 2107.156 2114.625 2914.375 2917.968 3196.093 3264.843 3280.437 3696.062 3699.593 3742.656 
25.062 40.281 57.468 71.062 83.500 95.781 173.656 204.562 221.562 265.375 336.750 385.406 439.812 454.593 472.468 526.843 537.875 556.812 570.000 592.000 658.937 709.406 802.968 828.718 836.156 908.937 924.500 930.125 954.500 990.281 1006.906 1020.062 1046.281 1062.843 1074.656 1090.093 1230.531 1236.375 1242.468 1258.531 1512.843 1532.625 1697.156 1711.031 1720.437 1731.187 1748.843 1814.812 1819.750 1824.093 1885.343 1924.531 1938.968 2073.718 2087.062 2092.718 2096.625 2105.375 2154.500 2455.187 2513.687 2531.812 2789.937 2801.468 3557.843 
26.125 33.093 35.875 50.250 101.093 207.843 215.687 235.312 264.062 278.843 293.593 340.312 421.937 433.625 460.718 580.968 587.187 697.312 717.812 753.062 841.000 916.218 921.437 957.187 1005.718 1046.968 1073.375 1088.093 1127.312 1236.937 1239.625 1258.000 1268.062 1288.281 1302.625 1332.312 1352.687 1376.312 1459.781 1498.281 1524.875 1548.562 1606.625 1676.906 1694.156 1698.750 1796.781 1824.562 1841.468 1857.281 1928.250 2006.375 2108.843 2115.031 2145.250 2200.531 2367.625 2841.875 2891.718 2898.125 3277.375 3282.187 3285.187 3288.531 3338.500 3742.031 3796.437 3809.312 
27.156 29.875 33.875 38.281 52.312 56.562 75.812 93.062 118.906 133.843 147.531 186.281 246.656 273.500 311.000 334.281 413.593 430.250 527.750 569.343 654.906 691.625 708.375 843.125 923.906 951.781 963.750 984.062 999.718 1086.437 1093.812 1230.156 1238.812 1244.625 1251.125 1264.062 1277.093 1401.062 1417.031 1496.531 1540.562 1545.656 1607.750 1616.937 1685.000 1698.750 1704.500 1735.000 1740.375 1775.062 1850.281 1863.625 1887.937 1946.437 2108.312 2116.250 2161.906 2170.218 2434.187 2440.937 2485.531 2576.531 2584.000 2592.125 2833.125 3134.281 3203.781 3208.187 3217.781 3245.156 3309.531 3312.937 3499.812 3502.875 3581.593 3669.750 3672.343 3676.625 
27.687 31.250 34.750 41.687 93.593 115.968 148.375 180.125 251.687 255.156 279.187 353.750 436.187 450.968 554.343 572.968 600.687 697.406 717.312 797.312 835.406 918.812 942.062 1008.375 1070.218 1085.250 1128.406 1238.187 1270.968 1274.375 1299.875 1336.812 1344.968 1357.468 1524.687 1536.718 1542.687 1548.156 1638.093 1688.718 1703.343 1707.718 1722.968 1823.593 1841.125 1863.406 1899.750 1919.437 2054.843 2078.062 2120.968 2161.218 2165.187 2469.750 3483.562 3497.406 3538.468 3542.562 3815.906 3880.812 
26.187 28.500 42.031 54.500 71.906 125.812 146.750 179.531 185.500 218.468 243.250 268.875 281.312 304.406 346.906 398.531 412.781 423.687 456.531 466.312 559.625 583.437 652.937 699.875 724.000 781.781 938.625 950.906 955.968 1016.281 1041.656 1058.750 1077.343 1081.718 1099.875 1229.281 1241.125 1259.875 1301.531 1342.000 1348.250 1356.000 1372.531 1388.906 1512.031 1561.281 1698.593 1704.656 1710.968 1722.875 1732.375 1816.062 1828.968 1837.156 1963.750 2450.718 2462.437 2472.843 3532.531 3696.500 3738.687 3781.750 
34.312 37.250 62.875 71.125 95.093 105.437 116.937 119.843 137.968 218.093 230.125 246.187 276.781 282.593 355.875 430.156 526.531 564.937 710.187 770.093 918.375 923.062 945.593 949.093 958.781 978.500 1072.781 1088.281 1112.343 1230.812 1240.906 1244.906 1272.625 1288.687 1345.437 1373.750 1393.656 1454.343 1461.093 1547.000 1555.843 1568.093 1612.343 1700.625 1711.375 1760.937 1811.125 1825.843 1863.375 1940.468 1998.937 2049.031 2058.281 2835.593 2859.531 3284.125 3350.875 3362.593 3670.093 3707.375 3745.656 
