17.468 35.343 70.593 164.125 182.250 183.843 184.625 186.656 190.562 191.437 414.906 426.812 460.718 516.718 522.843 614.687 686.750 704.281 771.968 868.062 957.968 973.593 987.937 1033.343 1035.781 1037.156 1040.500 1053.312 1072.906 1165.625 1181.406 1193.218 1222.875 1268.718 1373.500 1472.437 1498.406 1523.718 1602.625 1611.781 1896.906 3164.781 
64.281 94.281 127.281 156.781 184.656 186.593 187.468 191.468 193.375 292.000 384.406 416.156 424.156 438.312 545.312 616.781 694.031 717.031 873.281 1036.406 1037.156 1040.656 1075.125 1130.875 1446.062 1524.687 1607.406 1626.343 1654.062 1885.500 1896.687 1903.718 
16.906 100.968 104.125 124.468 183.843 184.656 188.031 191.500 192.031 200.875 207.250 288.875 291.781 346.468 424.593 434.468 471.500 517.250 519.343 537.968 615.937 688.937 759.468 850.843 871.625 947.000 1033.656 1036.093 1036.406 1040.375 1040.656 1159.093 1190.343 1199.781 1487.281 1503.343 1545.000 1607.062 1626.031 1650.312 1662.562 1896.218 1903.718 2183.875 2518.375 
17.218 21.250 36.593 44.625 109.250 128.250 156.906 169.781 184.656 186.656 190.031 191.500 192.031 205.312 248.312 343.906 460.531 518.656 687.156 701.750 773.937 852.562 857.906 859.750 862.281 1012.156 1033.500 1035.937 1040.531 1279.656 1656.343 
17.312 111.375 162.500 174.187 182.843 184.656 186.656 426.093 519.093 526.437 694.843 763.718 855.750 873.843 883.218 960.500 975.656 1033.343 1035.937 1040.531 1067.937 1122.000 1300.281 1518.062 1791.562 1799.875 1815.812 1879.750 
14.531 17.375 18.250 163.687 171.625 182.343 184.625 186.687 201.156 276.593 379.312 394.843 421.312 423.531 443.406 461.281 485.250 687.562 696.031 704.500 848.000 849.125 981.406 984.562 1035.781 1036.406 1040.375 1040.656 1172.625 1191.625 1223.343 1270.218 1484.437 1506.937 1633.125 1714.968 1885.937 1897.375 1899.218 1902.375 1982.281 1989.406 2507.031 
17.812 21.312 27.218 131.468 167.812 174.437 182.281 184.656 186.656 190.906 200.937 220.218 227.750 378.812 394.906 408.500 463.468 518.156 523.500 616.218 687.156 716.937 752.093 803.406 850.812 946.875 980.625 1035.625 1036.406 1073.718 1074.406 1178.750 1191.406 1277.281 1301.218 1504.093 1533.031 1540.125 1881.250 1883.812 1898.218 1899.218 1899.656 1901.906 3747.687 
18.218 38.500 39.531 80.218 112.562 131.562 165.968 184.093 184.656 188.843 191.468 415.593 421.312 463.468 516.218 521.281 685.812 686.875 772.250 858.656 947.343 1033.500 1036.093 1036.562 1040.531 1113.656 1191.906 1498.406 1551.968 1625.718 1648.343 1896.937 1971.343 2009.968 2890.250 3409.843 3480.375 
36.906 114.625 124.906 165.031 184.656 184.937 188.062 191.500 194.250 352.562 380.250 402.750 425.093 431.562 518.406 538.125 615.531 687.031 694.406 968.468 1033.375 1036.093 1037.312 1040.531 1041.781 1116.031 1198.656 1216.968 1278.687 1539.062 1548.718 1631.625 1805.781 1808.968 1894.187 1898.968 1901.625 1902.343 2732.718 3289.531 3524.968 
109.062 175.593 179.468 185.593 188.062 188.562 189.156 190.531 191.500 192.593 201.218 203.437 224.968 248.625 308.312 405.625 415.906 433.687 461.125 466.781 469.218 686.718 706.062 769.562 852.031 868.312 977.843 982.593 1035.375 1035.781 1036.562 1203.250 1211.062 1222.781 1368.437 1477.250 1484.812 1498.468 1504.750 1632.750 1655.281 1879.468 1899.187 1899.437 1901.625 3677.687 3717.937 
