58.875 90.687 95.218 189.375 224.375 296.843 301.593 318.125 437.656 535.343 537.906 625.625 625.812 636.531 700.218 781.218 788.125 792.125 868.625 1014.562 1135.562 1147.781 1256.093 1260.406 1295.812 1429.531 1651.562 1757.187 1799.531 1817.937 1884.687 1895.375 1918.906 1964.000 1980.875 3978.687 
57.187 305.312 541.093 549.875 623.687 633.062 656.937 661.937 870.562 919.656 937.625 988.187 1022.718 1233.656 1510.031 1551.218 1563.406 1581.281 1681.093 1831.531 1885.593 1918.968 
32.531 65.062 190.125 303.968 314.375 430.906 436.718 536.156 570.718 583.218 624.875 625.625 625.812 789.531 792.156 1029.781 1038.875 1135.062 1284.125 1425.562 1440.406 1717.937 1774.062 1803.250 1820.593 1891.781 3171.312 
120.406 260.687 295.156 302.218 329.468 558.437 625.812 626.031 696.187 782.187 812.906 977.531 1007.562 1271.718 1424.031 1434.437 1437.031 1454.250 1584.125 1610.218 1619.562 1718.250 1979.093 1997.281 
17.812 18.625 20.937 33.531 49.437 104.968 218.562 301.031 306.093 330.875 538.781 619.718 621.687 625.625 625.812 663.593 671.250 708.031 793.250 948.968 957.781 1036.250 1042.125 1222.218 1296.937 1302.125 1330.031 1507.968 1581.218 1602.718 1730.843 1738.531 1760.250 1792.562 1884.156 1971.156 1974.156 1996.312 3437.250 3896.843 3902.062 
21.500 187.812 195.093 202.375 295.406 544.531 552.593 578.750 599.562 625.625 625.843 626.031 706.281 800.375 945.656 1020.687 1105.406 1156.156 1252.125 1257.406 1430.718 1441.656 1614.625 1621.031 1735.218 1741.812 1752.375 1762.156 1802.843 1818.500 1828.656 3255.000 3414.468 
19.031 21.093 56.968 181.312 183.468 298.531 329.468 419.687 436.031 504.781 543.781 620.343 623.500 625.625 625.843 791.406 831.531 835.437 876.437 1255.500 1264.937 1423.437 1614.968 1730.875 1778.687 1979.250 1980.718 1981.375 3910.968 
27.187 188.281 202.750 296.187 317.468 324.218 330.812 621.468 623.531 625.625 625.843 654.593 669.718 789.812 876.468 922.406 937.843 1031.437 1175.156 1256.125 1333.312 1589.000 1727.843 1781.187 1802.843 1961.656 2932.968 3919.750 
38.093 49.312 73.562 97.093 98.187 108.625 152.937 154.343 187.062 257.812 266.718 540.093 583.968 620.562 624.437 625.625 634.343 725.593 875.187 884.000 1146.062 1256.906 1281.687 1433.656 1453.843 1509.968 1518.250 1582.250 1594.250 1598.218 1771.125 1802.843 1979.312 1980.406 1997.125 
27.406 56.812 106.531 110.968 121.718 193.031 366.968 406.250 481.437 542.687 570.687 613.718 621.281 624.875 625.625 625.843 733.593 786.031 953.656 1011.906 1060.062 1119.968 1178.093 1253.906 1259.062 1445.875 1753.625 1777.406 1799.343 1802.843 1979.312 
