224.375 507.718 507.968 727.781 813.593 853.281 867.156 1234.125 1433.781 1479.343 
497.906 525.781 532.500 584.375 713.218 744.437 847.968 1152.062 1484.218 1492.937 
535.187 553.343 555.187 572.125 579.156 700.281 798.687 829.968 1235.750 1452.062 1460.906 1478.781 2312.750 
462.375 517.093 814.250 829.718 850.250 1167.625 1204.812 1224.937 1361.562 1428.031 
462.062 516.531 553.406 554.906 712.531 741.343 799.093 824.593 1238.062 1345.437 1371.593 1458.625 1472.781 1481.312 1872.156 2072.093 3856.625 
531.625 568.312 597.281 610.968 706.812 847.656 1186.625 1190.468 1227.468 1235.218 1316.781 1372.312 1416.281 1448.500 
497.843 553.125 583.656 594.875 724.906 784.593 817.906 839.750 852.593 1172.156 1190.156 1192.031 1488.718 1492.187 3555.687 3581.781 
524.125 568.343 587.750 610.281 682.218 707.500 780.000 811.750 828.531 1150.968 1192.312 1477.750 3007.343 3630.343 
342.250 454.218 555.781 580.031 598.375 726.000 780.656 815.875 849.593 1198.125 1223.156 1238.250 1316.968 1351.437 1447.687 1458.500 1492.718 
226.312 529.468 553.687 567.812 1225.625 1316.218 1423.406 2132.437 2959.031 3274.187 
