-290.438 -18.125 168.875 175.562 521.250 587.718 776.593 865.093 898.593 948.625 1218.250 1236.843 1341.843 1346.187 1629.531 1659.593 1882.218 2122.562 
56.375 87.625 144.093 147.500 174.750 197.656 315.781 398.937 409.000 500.125 519.562 557.906 559.781 703.781 846.781 860.437 918.531 1060.562 1162.468 1297.937 1312.968 1357.687 1377.843 1411.562 1453.312 1529.593 1549.968 1689.906 1864.187 1952.125 2106.437 2131.281 
-1937.000 -847.500 -466.313 -451.094 57.093 64.406 184.812 318.375 336.406 368.656 410.312 518.906 532.343 565.625 769.437 820.718 888.406 915.250 955.468 998.437 1053.468 1173.687 1218.906 1314.593 1337.406 1350.062 1413.812 1477.562 1655.500 1722.968 1746.343 1781.250 1856.718 1881.000 1898.156 2021.312 2103.281 2120.187 2148.687 
-231.094 73.718 85.000 145.437 154.312 395.250 455.312 500.718 519.906 526.125 560.593 586.937 695.843 697.812 786.656 788.312 790.718 870.093 932.250 936.031 951.125 998.343 1056.625 1097.812 1206.625 1325.406 1355.562 1399.406 1518.218 1541.250 1542.843 1623.750 1628.250 1779.906 1834.468 1885.937 2007.031 2096.187 2106.156 2113.750 2572.312 
-1574.938 -1198.000 -493.375 -137.219 84.812 85.656 190.906 211.218 313.437 369.281 387.937 462.375 516.625 585.156 599.031 654.375 709.000 762.281 831.906 866.000 881.125 888.843 899.625 928.156 1002.562 1015.343 1043.531 1061.281 1071.312 1098.718 1312.062 1323.593 1329.000 1548.375 1655.843 1734.218 1738.875 1950.281 1964.500 2034.843 2052.531 2053.218 2064.375 2065.531 2066.625 2070.781 2104.906 2111.687 2138.968 3448.468 
-1636.719 -955.532 -909.375 -643.782 -481.625 -79.844 53.937 64.218 190.437 194.750 212.375 220.000 285.781 315.875 324.375 342.750 343.500 375.250 477.000 559.781 702.000 709.812 717.625 722.218 727.156 762.843 780.750 877.656 925.656 930.718 998.437 1032.218 1072.250 1099.781 1205.562 1239.343 1243.906 1297.218 1349.437 1409.000 1529.968 1543.000 1629.593 1849.156 1850.281 1952.218 2032.437 2041.437 2055.343 2057.781 2128.937 2139.000 2623.000 2648.937 
-1857.500 -1093.813 -1069.532 -598.875 74.125 77.062 108.687 185.125 199.562 249.531 259.531 273.062 276.343 279.187 318.187 325.156 335.281 359.687 451.250 464.875 468.406 491.968 518.718 525.500 527.468 554.281 595.312 673.781 760.500 773.843 822.468 823.531 830.718 861.656 898.656 912.843 928.218 937.500 968.875 1044.062 1072.125 1075.250 1081.187 1092.437 1167.312 1197.812 1392.656 1409.312 1410.593 1411.500 1453.593 1475.062 1486.968 1487.812 1527.750 1530.156 1548.500 1622.593 1627.625 1668.343 1728.250 1782.250 1864.843 1898.343 1932.750 2046.593 2069.187 2072.875 2130.218 3798.218 3912.375 
-1407.063 -266.594 40.687 78.218 159.218 159.656 175.687 218.625 269.562 287.812 307.750 317.406 329.156 359.812 369.937 400.937 447.281 600.718 644.812 680.031 739.156 789.093 832.250 843.968 868.656 897.906 938.875 949.343 956.062 1092.812 1196.750 1234.625 1237.781 1312.656 1356.312 1516.718 1627.375 1628.937 1695.468 1745.218 1775.562 1781.812 1886.156 1894.062 1957.437 2047.656 2134.625 2875.843 3426.750 
-953.813 -618.250 -47.344 34.281 45.125 125.250 175.312 183.156 184.656 210.281 327.468 389.906 406.375 468.625 506.562 507.812 516.937 533.812 655.625 725.406 745.531 772.468 781.156 860.875 874.531 880.343 918.000 947.031 1045.375 1229.375 1341.718 1385.312 1395.093 1496.906 1524.937 1526.093 1551.343 1624.781 1739.375 1794.500 2103.812 2133.750 3698.531 
-1625.313 -834.282 -616.094 -532.063 34.625 34.906 41.656 44.437 50.562 72.750 89.375 90.437 115.625 146.156 181.906 317.875 320.718 346.437 389.968 403.843 410.031 451.281 490.781 560.000 578.500 588.687 711.812 714.718 822.906 831.937 865.906 869.343 905.750 936.437 937.156 959.875 968.656 998.843 1062.875 1071.312 1186.062 1201.687 1273.000 1330.656 1399.562 1540.281 1543.968 1545.375 1647.718 1689.656 1731.906 1790.843 1834.593 1864.906 1902.843 1956.593 2065.312 2076.093 2080.656 2101.312 2108.062 2112.718 3576.656 
