-1975.250 -1639.875 -1175.219 -726.532 -358.000 -340.657 -317.313 -225.063 -73.500 -48.344 398.531 1096.156 1442.750 1445.875 1447.312 1678.187 1680.937 1777.156 1824.562 2451.125 2454.406 2688.781 2710.593 3722.500 3727.656 3807.656 3819.687 
-1962.875 -1697.657 -1687.688 -1477.438 -1472.625 -1295.469 -1284.094 -1172.219 -1048.157 -637.032 18.437 24.343 241.437 1135.218 1142.906 1719.375 3076.718 3186.218 3240.093 3269.750 3295.281 
-1359.875 -1129.344 -1114.063 -1089.750 -1045.032 -894.032 -764.688 -746.750 18.656 22.562 70.843 76.781 141.687 193.250 806.625 812.156 854.687 1139.812 1444.843 1692.000 2324.375 2395.968 
-1247.157 -1187.375 -278.313 18.250 73.437 486.687 707.312 795.937 830.281 839.750 934.468 935.250 1005.187 1038.718 1083.406 1133.812 1354.093 1456.656 1510.656 1979.156 2041.062 2057.781 2154.250 2155.531 3329.968 3488.187 
-1998.688 -1361.938 -784.782 -748.157 -733.500 -506.813 -466.750 -389.157 -291.500 -277.844 72.218 136.093 182.937 223.593 241.218 348.656 553.343 621.187 650.812 1025.750 1026.906 1170.687 1541.031 1613.937 1717.937 1758.718 2081.468 2218.937 2252.437 2298.937 2574.468 2855.031 2894.000 3397.875 3398.750 3499.437 3553.562 3622.500 
-886.688 -883.063 1042.343 1443.031 1686.906 1819.750 2212.218 2351.875 2842.500 3049.437 3050.281 3139.093 3198.218 3288.593 3327.437 3330.437 3395.375 3398.718 3612.937 3849.812 
-99.875 19.156 129.437 206.531 681.593 801.375 909.187 969.625 3261.718 3352.250 
-1882.313 20.187 199.812 942.125 1481.031 1684.812 1822.062 2168.343 2176.468 2250.687 2347.656 2361.593 2455.187 2496.687 2514.281 2572.781 2580.875 2733.000 3219.500 3241.906 3271.968 
-1935.125 -1930.500 -1339.094 -771.969 -452.625 115.875 415.687 832.718 1259.437 1462.406 2590.875 2630.593 2634.187 2676.031 2683.406 2782.312 2787.250 3028.750 
-1486.469 -1261.813 -1223.532 -382.063 -364.344 -314.313 19.125 287.500 548.812 798.093 1142.812 1535.218 1555.125 1619.187 1798.000 2229.593 2634.718 
