-1669.219 -1658.344 -1186.782 -1108.907 -1083.719 -271.157 153.156 179.437 406.250 754.468 930.468 2028.312 2168.125 2253.875 2334.343 2465.250 3273.437 3556.375 3738.937 
-1659.969 -1634.719 -1606.063 -1571.125 -1354.782 -1291.157 -988.563 -465.219 20.343 23.250 26.250 72.218 173.718 177.656 487.781 572.531 871.187 1353.937 1360.125 1606.000 2791.968 3440.500 
-1867.750 -1474.938 -931.688 -875.969 -733.750 -662.750 -374.532 22.437 88.343 498.125 1085.437 1263.406 1302.375 1328.937 1908.812 2239.843 2652.406 3473.593 3676.562 3685.750 3792.906 
-1715.157 -1543.188 -1362.469 -906.532 -565.563 -559.063 -450.969 -371.625 -62.625 -21.688 24.281 61.000 74.281 171.187 247.781 855.406 1306.812 1391.125 1669.875 1995.437 2998.625 3534.468 3544.718 3866.687 
-1775.438 -1752.719 -1237.282 -1075.125 -990.094 -977.469 -932.688 -880.407 -340.313 23.312 128.000 753.093 1311.781 2748.531 2890.968 3510.343 3764.281 
-1650.750 -219.782 -16.438 -7.782 110.406 268.437 282.125 439.031 1301.343 1303.781 1446.562 1484.562 1523.625 1562.406 2335.125 2973.781 3012.500 3078.781 3592.812 
-1870.469 -1621.875 -1475.125 -1467.969 -1411.594 -1315.282 -1129.157 -695.844 -607.032 -347.813 254.968 347.718 370.250 391.250 527.000 1301.718 1513.906 
-680.188 -669.875 -605.250 -450.625 716.625 787.843 835.093 855.500 899.687 925.781 1035.718 1078.343 1106.812 1486.187 2459.843 3722.500 
-1750.000 -857.219 -855.157 -793.750 -750.375 -722.063 -685.282 18.875 45.687 109.281 163.531 280.625 849.281 935.781 1361.968 3308.406 
-1951.157 -1501.032 -1473.907 -719.938 -561.157 -196.344 18.875 22.656 248.500 271.625 364.625 992.281 1027.937 1081.281 1357.656 1503.000 1960.531 2367.531 2431.031 2443.843 2546.187 2712.656 2829.406 2966.531 2972.343 
