32.531 39.437 40.000 51.281 60.906 125.656 146.593 152.062 158.375 171.687 260.125 272.343 289.281 298.500 314.343 324.937 341.937 346.593 416.281 429.968 526.750 540.437 561.906 685.468 715.062 733.906 767.468 785.031 946.125 973.312 987.562 1003.312 1052.468 1087.968 1107.093 1109.562 1115.375 1134.781 1154.500 1296.687 1313.156 1438.062 1452.968 1457.937 1511.218 1555.218 1561.750 1604.375 1619.187 1689.500 1736.281 1739.843 1842.343 2165.812 
32.750 34.656 35.093 53.812 82.250 121.750 132.156 143.250 151.000 153.906 159.406 211.343 248.656 274.187 287.937 322.906 343.500 374.625 392.218 420.531 427.281 433.312 486.093 515.625 561.000 563.343 578.625 637.656 651.250 662.968 678.750 679.625 684.843 687.250 719.281 724.218 761.468 763.906 768.437 770.843 808.968 1059.437 1061.750 1066.781 1073.468 1114.687 1161.750 1172.500 1185.562 1187.906 1279.000 1282.781 1286.656 1288.687 1316.843 1328.843 1357.281 1437.781 1555.812 1579.187 1580.187 1732.031 1734.000 1748.281 1771.656 1786.562 1829.812 1837.718 2196.593 2765.125 
28.468 34.781 44.312 53.843 76.250 88.750 120.500 152.906 229.406 246.687 248.656 250.000 292.156 314.750 319.656 323.062 327.875 340.500 344.562 350.468 365.937 401.000 414.656 426.062 430.218 470.375 479.406 516.000 525.187 526.968 689.312 701.937 719.000 733.468 738.375 741.750 769.781 793.343 1128.156 1133.750 1154.750 1161.937 1195.656 1279.312 1289.500 1315.531 1383.656 1412.906 1432.156 1454.062 1559.250 1561.531 1614.937 1684.093 1689.406 1691.656 1716.625 1723.343 1804.875 1851.250 1853.593 2957.531 3562.968 3625.281 3628.687 3634.750 
35.187 40.906 49.218 55.718 60.250 76.531 93.718 121.343 126.093 141.937 242.218 247.937 252.000 289.500 323.593 350.843 389.531 405.000 522.750 616.062 665.968 675.718 681.781 684.593 691.593 700.218 703.281 706.406 720.500 727.187 754.750 760.343 954.625 957.812 1012.593 1051.125 1111.875 1134.468 1148.218 1175.656 1282.968 1388.812 1401.468 1409.156 1416.375 1437.906 1441.468 1555.875 1556.875 1610.031 1615.187 1689.187 1701.343 1717.468 1727.312 1737.875 1743.000 1799.343 1809.625 1820.093 1827.187 1841.687 1859.125 1987.156 2410.562 2645.656 2648.531 2858.843 3144.781 3158.468 3258.312 3298.781 3307.062 3314.031 3614.531 
34.937 38.875 45.843 57.375 62.906 70.437 73.343 121.812 129.125 136.125 155.187 168.500 170.406 229.781 273.000 287.437 316.375 322.187 363.031 372.562 376.000 395.937 398.843 415.906 427.218 524.687 565.812 579.968 703.093 724.031 755.750 757.843 814.125 1087.531 1105.031 1109.312 1128.125 1134.781 1138.687 1147.906 1166.531 1177.687 1197.406 1283.437 1289.343 1356.750 1397.875 1409.906 1447.000 1555.125 1565.250 1603.437 1622.156 1723.343 1768.718 1811.781 1831.906 1857.093 2186.906 2221.718 3973.187 
34.593 40.875 46.375 63.906 67.781 80.968 156.906 172.375 178.218 215.375 237.531 246.968 287.656 315.062 321.593 323.687 325.468 378.406 397.375 404.843 491.718 520.500 541.312 619.718 640.468 645.250 664.281 672.687 679.718 700.343 703.437 772.093 789.937 794.656 803.000 806.000 812.250 951.812 976.718 989.812 1050.875 1093.281 1100.343 1102.125 1110.812 1134.718 1154.093 1174.406 1184.687 1287.437 1315.437 1357.625 1359.218 1365.437 1385.968 1448.468 1451.375 1585.562 1593.625 1608.031 1621.718 1688.781 1739.218 1868.250 
22.718 61.187 69.343 91.875 153.156 180.187 222.687 239.531 242.375 244.968 282.875 290.093 316.781 327.906 343.687 390.000 397.250 410.687 412.125 413.906 415.562 425.250 562.031 568.000 573.718 636.562 674.593 690.843 710.406 723.812 739.593 759.562 801.343 816.906 992.687 1049.562 1088.281 1090.125 1118.906 1128.093 1137.500 1147.250 1192.562 1286.906 1295.062 1357.906 1381.156 1454.187 1454.718 1462.843 1557.062 1583.937 1609.906 1690.531 1745.906 1760.656 1777.250 1868.875 2176.250 2217.000 2776.531 3986.093 
34.187 34.968 40.093 64.343 72.843 93.062 125.406 160.250 192.000 229.968 234.125 320.406 324.375 326.125 337.406 341.312 363.187 364.843 385.531 404.843 514.843 519.718 525.562 542.625 562.531 653.718 709.625 737.406 750.625 761.031 781.906 951.375 972.531 1071.406 1109.718 1112.812 1130.843 1147.312 1314.812 1363.750 1383.843 1396.062 1454.031 1522.375 1556.843 1599.531 1616.125 1739.281 1742.062 1752.875 1767.781 1803.125 1868.343 2024.875 2897.875 
33.343 34.937 58.187 76.000 87.000 125.906 148.812 153.937 289.687 292.218 326.656 411.593 521.687 543.500 645.093 674.468 677.281 688.593 724.312 762.937 767.343 788.906 972.156 1013.843 1019.781 1084.781 1096.250 1139.656 1190.937 1195.125 1285.500 1319.156 1375.656 1388.031 1410.125 1449.968 1593.031 1616.937 1624.125 1711.031 1755.625 1809.187 1848.031 1853.781 1862.187 2751.218 3191.125 3598.093 3759.531 3765.062 
33.375 34.906 70.468 76.093 93.562 128.468 158.468 247.781 288.093 328.156 344.875 365.593 388.375 411.156 640.343 641.468 701.000 747.343 811.500 994.156 1043.812 1045.437 1060.718 1112.218 1128.812 1147.375 1284.718 1287.093 1417.687 1425.937 1453.281 1458.156 1460.343 1559.718 1583.625 1602.406 1722.156 1723.406 1764.968 1765.937 1783.093 1806.718 1834.625 2909.187 2911.468 
