242.593 1695.750 1781.531 1992.281 1994.843 
685.218 688.156 
103.625 1151.812 1431.000 2480.906 
339.625 340.062 349.937 703.625 1145.812 1778.656 1783.125 1783.937 3272.718 3531.281 3567.562 3861.625 
55.562 80.343 338.156 1777.031 1785.031 1786.031 2247.468 2259.031 3183.625 
316.187 705.187 1152.156 1705.218 1774.687 2251.000 
96.593 224.406 1777.812 1785.375 1786.250 1807.750 2246.031 3954.468 3958.843 3959.812 
380.500 381.375 744.093 920.500 1209.968 1210.687 1581.812 2015.062 2278.906 2279.531 3678.687 3703.406 
217.312 217.843 685.062 685.937 692.312 751.562 765.375 1710.531 1711.312 1775.062 1778.187 1780.093 3201.593 3202.531 
411.031 1133.468 1134.000 1781.125 1869.718 
