-1903.125 -1776.438 -1758.782 -1711.000 -1689.532 -1619.844 -1596.688 -1549.625 -1431.657 -1348.563 -1336.594 -1176.032 -1065.625 -1001.438 -983.282 -963.719 -905.657 -878.344 -858.282 -687.907 -661.969 -624.250 -552.907 -506.094 -403.907 -381.282 -295.594 -281.657 -219.125 -212.188 -36.407 33.718 39.406 49.343 75.812 107.593 115.656 122.343 192.125 236.718 251.187 256.531 273.437 339.218 359.843 395.937 428.656 479.187 522.593 547.531 554.343 570.750 586.187 631.062 640.906 713.531 720.937 748.437 752.812 764.281 775.125 776.250 794.562 812.593 869.031 873.500 920.375 1088.906 1140.062 1187.937 1193.500 1208.906 1236.093 1254.781 1269.031 1396.718 1415.156 1420.750 1458.437 1471.437 1474.593 1490.875 1542.937 1567.125 1586.218 1592.125 1674.812 1773.781 1912.718 1928.000 1973.781 2052.218 2173.312 2246.281 2396.156 2481.500 2503.250 2574.031 2591.968 2914.156 2972.062 3014.468 3126.562 3153.656 3176.218 3203.625 3222.906 3231.375 3246.875 3362.437 3390.593 3445.062 3540.156 3635.312 3708.406 3768.843 3777.906 3792.343 3819.468 3866.968 3944.968 
-1883.782 -1786.063 -1764.094 -1711.969 -1680.657 -1618.907 -1565.157 -1539.125 -1470.188 -1385.375 -1303.407 -1284.657 -1196.844 -1152.532 -1123.407 -1080.907 -1054.125 -990.719 -966.469 -906.719 -871.313 -826.907 -736.594 -675.938 -627.032 -596.532 -555.969 -551.657 -530.813 -517.125 -437.532 -413.875 -346.219 -297.782 -273.719 -267.969 -262.094 -193.688 -186.219 -124.438 -106.219 -91.625 -46.938 -26.875 29.343 44.375 75.406 78.000 107.062 112.375 128.000 175.000 192.500 195.875 206.406 233.625 237.031 249.625 255.906 265.000 326.625 341.500 358.937 458.000 523.187 553.250 584.062 598.093 604.062 607.562 624.937 633.156 682.000 720.781 752.750 765.750 775.593 790.656 816.656 827.406 829.281 903.875 920.312 941.593 963.468 968.468 1093.000 1164.937 1179.062 1197.750 1202.843 1233.656 1234.937 1243.593 1248.968 1250.156 1259.500 1269.093 1321.406 1346.312 1348.906 1355.750 1361.031 1385.375 1409.625 1446.468 1450.156 1471.687 1472.781 1508.968 1519.531 1553.093 1555.906 1573.468 1576.656 1591.937 1611.156 1648.812 1664.375 1716.843 1726.687 1780.937 1854.750 1884.375 1896.468 1922.875 1968.406 2023.156 2231.250 2250.750 2303.218 2365.750 2404.687 2451.781 2475.687 2495.625 2512.562 2540.656 2562.562 2596.875 2631.062 2631.906 2649.937 2695.718 2791.468 2846.437 2903.312 2965.062 2994.531 3034.406 3036.687 3102.781 3170.125 3198.781 3211.468 3235.843 3259.937 3297.000 3312.718 3346.062 3347.281 3360.562 3377.718 3416.406 3443.031 3458.125 3536.718 3559.125 3607.593 3753.312 3817.343 3831.281 3883.250 3900.468 3914.750 3937.125 3959.218 3987.312 
-1986.813 -1560.438 -1422.063 -1031.188 -855.313 -756.094 -739.125 -599.219 -365.344 17.875 41.843 85.468 256.281 345.250 464.406 551.187 604.656 642.312 680.781 683.312 782.156 841.468 874.093 900.812 906.656 1092.718 1165.937 1193.343 1212.687 1231.968 1282.250 1402.312 1478.031 2077.718 2138.375 2777.187 3036.750 3117.843 3464.656 3498.406 3587.468 3676.812 3818.937 3950.562 
-1871.750 -1816.657 -1794.063 -1634.219 -1566.875 -1511.219 -1488.782 -1403.000 -1389.188 -1226.469 -1012.469 -983.032 -843.469 -824.344 -774.625 -753.625 -649.157 -503.000 -356.532 -258.407 -184.625 -165.438 -111.032 -96.594 -41.532 49.656 82.156 105.500 108.375 121.781 146.125 256.718 359.750 396.875 439.250 487.156 530.687 540.125 564.375 571.093 609.250 626.218 632.937 641.781 683.281 716.875 762.625 813.781 905.875 953.437 1095.156 1134.562 1188.375 1232.000 1233.406 1246.843 1381.000 1429.312 1456.906 1477.593 1542.875 1563.468 1808.531 1899.312 2052.875 2148.750 2341.687 2573.375 2771.312 2870.406 3103.531 3348.375 3424.656 3496.343 3582.468 3638.156 3670.343 3682.156 3731.343 3904.343 
-1925.219 -1846.625 -1683.282 -1502.719 -1446.813 -1429.532 -1378.938 -1359.907 -1314.313 -1259.032 -944.313 -872.719 -595.657 -547.188 -467.813 -361.313 -306.375 -244.688 -134.532 -118.844 -61.407 49.968 86.187 165.093 195.781 244.750 385.218 390.406 397.906 488.718 561.968 566.375 593.312 608.437 626.375 639.812 642.468 681.875 749.468 818.093 820.000 832.406 931.718 963.375 1092.656 1202.843 1222.875 1271.562 1272.875 1336.500 1385.093 1448.468 1454.937 1477.312 1498.562 1543.312 1562.000 1601.812 1611.968 1828.843 2222.187 2387.812 2485.625 2662.437 2895.531 2925.468 3012.312 3063.843 3199.718 3288.218 3553.812 3621.000 3638.031 
-1876.438 -1771.282 -1738.375 -1531.969 -1387.969 -1282.407 -1032.844 -651.625 -555.219 -516.750 -302.344 -208.782 -158.063 -26.719 44.375 68.375 194.406 232.000 334.312 401.500 454.093 498.625 531.000 568.437 570.437 605.281 643.625 683.406 748.531 750.718 785.156 822.593 855.281 904.718 929.812 1164.750 1255.343 1383.625 1421.812 1464.406 1491.937 1542.718 1571.156 1579.281 1611.468 1890.875 2296.875 2728.375 2801.281 2819.718 3209.031 3251.375 3550.000 3561.750 3633.218 3666.593 3891.250 3996.156 
-1782.719 -479.688 -53.938 42.656 100.656 455.031 554.500 571.000 593.562 624.968 638.125 684.343 750.093 815.218 859.093 905.062 1092.062 1238.781 1320.718 1393.750 1457.281 1458.750 1477.343 1612.062 3532.843 3873.968 
-1576.469 -1564.063 91.062 453.031 488.375 529.968 682.843 795.000 1188.250 3185.031 
42.250 860.375 1472.218 
567.875 607.375 788.031 905.093 1255.656 1400.250 1421.593 1428.343 
528.000 1094.031 
502.125 547.312 683.812 1225.562 1271.812 1427.000 1458.406 
587.500 1209.687 1401.375 
620.718 941.531 
