-1714.625 -1635.375 -912.500 -779.969 -575.657 -375.844 -240.813 -209.157 313.125 374.000 375.406 401.750 473.812 595.000 654.812 774.187 807.250 901.125 908.375 959.968 979.093 994.500 1129.156 1138.281 1146.125 1225.000 1270.187 1308.062 1357.656 1407.125 1429.656 1458.125 1510.062 1511.156 1699.093 1796.156 1883.781 1902.937 1978.656 1990.093 2083.625 2187.125 2237.968 2601.968 2656.125 3006.625 3039.937 3178.375 3611.843 3748.718 3822.437 
-1947.657 -1915.032 -1875.157 -1837.000 -1778.313 -1728.157 -1651.594 -1597.594 -1559.375 -1541.032 -1433.844 -1370.000 -1333.719 -1303.438 -1287.032 -1249.719 -1215.563 -1196.813 -1186.219 -1130.157 -1116.344 -1067.282 -1057.000 -944.875 -902.907 -814.657 -711.407 -634.250 -590.094 -559.344 -519.188 -480.563 -457.688 -381.907 -356.375 -345.719 -331.063 -315.750 -301.844 -230.500 -85.219 -6.875 11.281 42.718 126.656 154.843 174.843 221.187 238.781 315.656 341.281 375.687 380.437 387.156 406.031 494.718 496.250 564.937 643.562 743.125 766.687 793.000 802.218 816.000 835.125 840.906 875.500 935.812 943.875 989.406 1022.562 1030.781 1046.312 1139.812 1180.437 1202.218 1251.625 1348.093 1357.218 1358.343 1380.125 1447.625 1468.218 1486.750 1503.437 1512.468 1562.625 1569.718 1602.156 1642.812 1708.500 1733.343 1738.218 1752.437 1778.406 1790.468 1791.500 1808.031 1830.468 1843.093 1869.468 1884.718 1885.593 1902.031 1955.437 2006.593 2010.218 2090.656 2126.062 2128.593 2130.156 2163.468 2173.687 2282.468 2353.875 2374.875 2431.468 2504.937 2519.281 2542.625 2583.000 2662.343 2689.718 2751.406 2791.468 2893.125 2913.625 2947.468 3051.593 3082.062 3116.187 3145.187 3207.625 3231.968 3251.312 3317.750 3337.375 3398.437 3494.750 3516.031 3554.843 3597.000 3685.250 3715.750 3817.375 3854.625 3873.656 3883.593 3934.125 3949.562 
-1398.188 -1347.532 -932.500 -830.032 -124.532 158.906 220.718 313.375 390.906 488.437 563.375 691.468 766.593 959.000 984.968 991.781 1032.906 1130.562 1138.156 1277.062 1359.156 1365.218 1418.968 1433.312 1450.906 1510.593 1511.687 1581.562 1733.937 1790.406 1800.937 1882.031 1891.375 1919.062 1991.187 2014.406 2022.187 2039.312 2046.968 2090.281 2124.531 2127.406 2265.187 2883.593 2926.843 3432.656 3866.562 
-1716.657 -1463.938 -1371.500 -1322.032 -1304.344 -1220.688 -1174.844 -992.157 -589.438 -476.125 -419.032 -338.094 -319.000 -91.094 -50.000 35.437 57.312 77.062 138.250 201.968 219.812 314.093 341.250 370.406 385.687 471.968 593.375 599.812 654.718 689.593 746.343 853.750 978.562 988.968 1030.062 1224.812 1237.781 1280.312 1346.625 1422.343 1502.156 1509.031 1567.906 1624.375 1701.125 1730.843 1822.031 1888.843 2019.312 2118.750 2240.968 2435.656 2595.468 2681.437 2701.906 2735.593 2877.125 2912.187 3201.468 3428.875 3523.906 3587.281 3739.375 3778.968 
-1905.969 -1839.188 -1570.750 -1444.782 -1382.125 -1281.188 -1179.688 -1143.125 -834.157 -822.907 -787.813 -609.375 -526.875 -482.750 -128.969 -100.719 36.750 156.593 201.406 313.531 367.250 378.937 465.156 562.500 655.218 686.343 755.968 878.125 952.062 994.000 1031.218 1084.656 1132.781 1223.406 1334.406 1371.250 1433.437 1472.781 1512.843 1572.000 1624.250 1702.000 1887.125 2006.343 2008.125 2082.937 2125.406 2132.437 2176.656 2230.531 2266.718 2371.875 2426.437 2648.812 2910.562 2957.687 3306.906 3326.750 3365.593 3971.437 
-1973.125 -1794.938 -1268.844 -1239.375 -1152.625 -938.875 -858.313 -749.438 -694.938 -580.032 -428.188 -350.532 -129.469 -81.532 -11.563 37.093 62.093 78.156 212.062 226.593 332.375 339.468 427.156 440.625 488.437 565.156 590.437 652.406 746.531 861.468 910.656 944.843 948.343 993.812 1029.687 1089.250 1140.968 1143.656 1225.187 1265.843 1272.343 1358.625 1418.000 1446.937 1593.875 1708.437 1792.781 1901.625 1958.750 2020.468 2120.906 2128.218 2228.781 2278.875 2569.937 2587.406 2664.218 2735.218 2742.500 3093.781 3144.281 3252.468 3393.156 3547.531 3569.281 3760.656 3872.468 3932.875 
-988.813 -972.313 -334.282 36.031 127.625 346.218 745.843 777.093 862.218 903.812 965.250 1040.531 1085.218 1141.968 1223.875 1224.343 1263.000 1356.500 1409.750 1473.906 1521.437 1588.593 1700.781 1789.000 2078.656 2090.843 2146.031 2265.812 2853.875 3253.593 
36.218 579.250 793.312 909.125 1085.250 1224.312 1610.562 1728.156 2131.062 2134.187 
902.625 1021.250 1358.343 
55.031 465.031 2091.000 
143.218 317.281 341.125 466.875 562.562 582.375 910.312 1588.562 1884.062 2130.656 
42.000 1589.000 1730.218 
1108.281 1141.843 1420.062 1821.156 2102.875 2127.093 3222.156 
35.656 1087.875 1796.593 2265.218 
