34.093 35.125 36.843 38.250 92.281 104.718 106.375 107.000 125.375 139.093 145.375 145.593 175.343 190.125 194.781 205.781 222.062 223.718 226.625 229.093 269.406 270.875 274.218 353.343 394.125 394.812 397.718 438.187 442.343 443.750 538.343 541.781 572.031 676.156 725.187 737.906 763.968 766.062 792.781 821.343 852.437 864.375 892.531 893.750 922.250 974.000 1029.093 1055.156 1182.781 1220.843 1259.375 1322.062 1364.562 1365.031 1366.093 1366.718 1367.343 1368.281 1480.281 1495.062 1496.718 1583.562 1610.218 1648.875 1671.625 1672.031 1734.062 1749.937 1964.062 1964.406 1964.906 2120.593 2238.062 2523.625 2547.156 3239.812 3742.906 
34.906 37.031 92.781 93.687 108.718 109.906 184.281 207.531 222.812 226.125 226.656 227.812 230.812 274.906 377.250 438.875 737.031 738.875 765.031 790.750 801.781 923.218 974.687 1057.343 1147.750 1165.656 1184.281 1283.187 1364.406 1366.250 1454.187 1480.812 1495.718 1583.093 1610.125 1614.656 1670.781 1673.750 1755.250 1895.156 1964.812 2986.562 3468.625 
10.406 31.906 38.375 102.562 104.468 106.343 143.031 218.062 222.031 227.375 270.812 435.593 438.500 677.187 726.812 733.125 737.812 738.718 743.625 765.562 766.093 790.468 868.281 869.937 881.406 921.750 1025.031 1032.500 1054.906 1082.406 1090.531 1147.406 1180.062 1182.562 1212.718 1367.781 1373.718 1497.125 1543.593 1674.156 1766.656 1967.593 2890.437 3195.406 
80.093 90.750 101.750 107.500 138.687 142.375 206.843 216.562 224.656 228.093 268.906 271.843 273.812 349.437 394.843 441.687 443.281 444.406 570.250 674.531 732.562 744.593 753.093 763.156 764.781 853.468 865.062 921.500 921.843 923.531 941.750 942.531 975.343 1110.156 1183.218 1220.218 1258.718 1365.375 1366.156 1366.500 1367.156 1613.031 1667.593 1833.625 1893.812 1896.218 1960.343 1962.968 1967.531 1968.625 3144.750 3426.906 
37.156 39.437 208.750 225.562 271.312 272.906 274.406 438.281 442.531 764.593 923.468 974.125 1059.093 1110.406 1114.187 1148.156 1183.937 1362.687 1366.281 1502.718 1612.593 1903.250 1963.843 1966.843 1967.500 
19.250 20.562 36.562 38.531 103.187 192.125 226.156 226.531 228.031 273.125 437.750 438.281 445.718 531.500 571.750 675.875 677.406 728.906 738.531 765.875 789.093 825.406 867.281 893.312 921.781 922.687 976.906 1019.843 1022.781 1056.875 1181.625 1183.718 1214.843 1274.937 1366.031 1368.000 1437.218 1445.531 1477.562 1551.781 1583.875 1612.656 1671.468 1969.187 
39.437 45.687 66.093 90.906 107.781 133.312 222.937 225.312 226.250 271.718 272.437 273.156 352.312 437.781 439.437 444.375 571.375 678.625 726.093 727.718 734.593 741.375 850.312 866.531 892.843 919.468 1144.968 1179.843 1215.187 1306.968 1320.187 1322.812 1364.218 1472.062 1478.250 1494.625 1615.281 1673.750 1963.781 2637.281 2837.000 2908.656 3771.187 3885.562 
36.812 55.187 102.062 103.781 108.468 204.156 208.750 210.125 227.375 270.343 271.468 275.000 394.750 396.843 438.562 440.281 441.968 442.750 443.406 445.875 453.031 515.218 570.843 725.062 731.218 740.093 765.250 766.312 853.468 867.375 921.531 921.843 925.343 1024.500 1058.031 1082.687 1090.250 1183.187 1185.218 1214.906 1319.000 1362.593 1366.906 1459.187 1608.468 1614.343 1674.781 1929.468 1964.593 1967.125 2660.812 3043.875 3796.250 
37.093 84.125 85.968 101.531 103.500 106.375 107.562 142.281 178.156 181.812 206.906 208.437 209.656 210.843 224.343 226.437 274.906 437.968 442.375 445.718 450.031 571.281 572.218 639.625 675.343 701.593 768.218 865.312 868.406 924.062 975.343 1023.718 1054.093 1092.031 1181.593 1182.093 1184.343 1220.468 1224.687 1227.343 1260.000 1262.281 1364.031 1365.437 1366.343 1367.718 1475.250 1498.593 1612.000 1671.406 1673.750 1963.656 1964.906 1967.656 2161.718 2772.625 3442.437 
36.750 38.343 91.843 107.125 139.625 147.125 207.718 208.687 225.562 226.125 227.625 269.062 272.093 274.593 314.718 395.875 438.375 439.156 439.968 444.343 446.218 542.187 572.062 676.093 677.187 734.031 737.031 739.156 740.062 766.687 892.656 922.312 924.031 924.781 1090.000 1174.000 1183.375 1184.250 1223.906 1322.656 1364.531 1542.687 1543.406 1666.187 1671.500 1897.406 1903.062 1966.156 2533.000 3610.343 
