-1809.063 -588.219 -502.407 17.125 24.031 40.343 44.968 83.031 92.156 117.343 136.531 178.281 259.187 267.500 272.093 280.531 283.687 295.250 308.187 379.218 411.468 478.125 509.750 527.156 564.875 616.062 727.187 738.750 744.750 760.593 802.593 807.218 811.437 825.812 830.062 837.062 841.281 845.125 893.750 904.250 928.312 946.500 956.500 962.000 967.937 980.406 1004.312 1014.781 1019.625 1041.031 1050.312 1057.281 1081.093 1104.875 1112.281 1138.781 1142.625 1152.812 1165.125 1239.312 1318.906 1331.437 1344.593 1363.500 1413.625 1470.750 1485.031 1502.125 1524.656 1534.750 1540.531 1566.750 1587.406 1597.312 1628.312 1635.437 1650.000 1664.343 1673.687 1694.187 1744.875 1832.000 2811.218 3857.187 
-1793.782 17.000 20.843 35.468 41.187 52.593 56.218 84.593 93.000 138.562 148.000 168.875 181.250 203.812 235.843 274.375 285.500 355.562 404.781 440.875 451.937 492.375 507.062 512.437 517.687 525.562 533.875 536.843 557.468 690.781 728.562 747.687 757.468 807.500 810.062 818.562 824.468 831.093 834.437 839.656 893.375 896.687 911.531 920.468 925.062 927.718 947.343 951.406 960.875 963.468 1015.468 1062.875 1071.062 1074.437 1093.093 1124.500 1128.062 1138.937 1145.781 1157.906 1164.093 1238.593 1306.687 1310.937 1326.781 1344.875 1353.812 1362.156 1371.250 1384.406 1401.593 1406.312 1418.125 1431.250 1494.250 1501.500 1512.906 1524.031 1546.750 1631.031 1638.468 1644.656 1663.281 1686.937 1697.593 1709.687 1799.718 1831.250 1860.750 2392.343 
-1477.907 -1172.750 37.468 50.687 55.500 118.843 166.781 202.812 245.593 250.562 260.343 263.750 271.156 274.343 282.062 286.468 293.781 308.406 358.593 384.406 388.843 455.125 510.281 513.687 527.500 550.250 559.812 643.062 694.218 729.562 751.906 764.906 803.468 807.468 812.375 818.375 833.906 838.781 844.125 852.000 894.187 905.218 908.093 928.968 946.968 950.343 962.781 1015.625 1021.687 1029.093 1043.531 1094.375 1107.687 1113.718 1127.375 1136.375 1138.968 1151.375 1158.500 1167.687 1237.718 1306.406 1327.031 1331.437 1340.656 1346.468 1355.781 1377.593 1385.000 1395.031 1402.406 1406.343 1478.156 1484.437 1494.968 1502.312 1511.250 1534.687 1548.593 1577.000 1586.718 1597.406 1639.093 1644.250 1687.562 1709.562 1717.343 1727.031 2474.093 
75.718 116.843 182.875 205.812 243.062 247.718 250.718 270.500 273.906 279.281 292.718 297.781 359.031 469.218 535.562 545.000 690.656 708.562 726.281 738.781 743.281 754.812 764.812 807.750 811.093 819.781 824.718 831.218 835.000 900.781 915.343 922.781 957.281 1019.156 1042.343 1054.062 1081.250 1105.125 1113.562 1246.843 1306.156 1312.156 1320.906 1327.718 1336.062 1355.187 1363.937 1403.593 1470.718 1478.593 1501.187 1525.500 1535.125 1548.593 1566.125 1640.968 1697.468 1715.500 1724.812 1743.406 1898.687 
20.687 34.687 70.156 136.687 169.156 207.562 237.437 246.562 248.843 258.437 266.812 276.000 304.968 340.906 475.281 507.781 528.718 536.062 541.437 544.625 570.625 616.656 689.750 708.125 723.812 738.656 745.218 752.125 807.500 812.500 820.250 840.593 853.437 894.406 916.687 937.125 947.312 957.843 961.906 1014.093 1026.125 1071.468 1079.937 1213.468 1249.656 1311.281 1319.437 1360.218 1368.656 1386.125 1403.281 1408.343 1414.031 1473.093 1503.781 1524.500 1542.156 1564.156 1579.062 1661.343 1708.656 1720.250 1832.062 1995.906 
16.562 60.750 76.625 120.937 139.125 180.312 270.218 277.375 281.937 304.406 360.718 396.343 528.562 596.531 722.062 807.187 837.500 840.125 897.781 937.937 958.125 961.812 970.187 1015.312 1028.343 1076.656 1094.281 1105.812 1166.500 1306.875 1328.343 1360.531 1368.000 1431.781 1470.718 1493.781 1548.593 1603.531 1641.093 1689.625 1707.093 1744.656 1860.875 2960.531 
64.937 182.281 247.906 442.968 498.062 726.312 824.593 894.187 928.562 947.750 962.781 991.656 1016.718 1020.437 1239.781 1250.875 1264.625 1383.937 1400.750 1412.593 1470.750 1590.281 1596.031 1668.375 1760.093 1912.062 2019.937 2976.187 3050.718 3754.062 
-1119.282 -635.907 18.562 33.593 48.312 137.281 209.656 268.250 302.250 470.500 726.250 730.375 744.187 751.406 764.812 802.218 825.937 831.781 840.625 898.000 922.562 946.656 968.281 1005.812 1015.468 1048.968 1052.000 1068.406 1073.437 1095.468 1111.968 1129.406 1142.156 1162.375 1189.843 1246.031 1249.750 1322.312 1346.093 1406.468 1547.812 1552.156 1563.718 1585.375 1601.468 1708.375 1743.906 
-1418.032 17.750 63.187 68.187 88.812 121.187 137.468 167.937 202.843 209.125 259.250 275.750 286.406 338.656 358.562 408.906 521.406 527.562 542.156 739.687 808.437 825.375 837.000 840.125 845.156 894.062 947.937 975.968 1034.750 1092.531 1101.406 1238.781 1305.312 1324.375 1345.937 1358.187 1367.500 1406.218 1429.843 1509.937 1577.468 1637.531 1689.000 1709.031 2516.250 3941.156 
-1983.125 -406.813 93.000 169.250 256.031 268.750 417.031 511.437 522.093 563.468 618.156 708.593 740.250 765.593 809.031 839.250 897.375 918.562 1018.750 1026.031 1056.531 1072.000 1137.031 1306.031 1372.968 1399.843 1405.562 1479.250 1576.593 2257.968 
-208.532 19.781 75.156 139.843 246.156 253.218 370.312 453.031 503.718 550.218 619.250 748.000 757.875 816.625 911.656 919.625 1125.562 1136.312 1145.562 1179.375 1335.843 1345.218 1376.968 1378.750 1407.062 1573.375 1595.937 1636.593 1651.406 3315.031 
43.531 74.687 244.593 302.937 341.406 475.750 504.687 564.312 754.437 807.781 931.500 1010.937 1017.281 1023.343 1140.000 1328.875 1397.000 1508.468 1590.625 1624.875 1730.281 2897.531 
24.250 26.656 49.312 117.875 150.937 167.812 214.781 257.281 260.937 270.125 496.812 730.500 753.968 1094.156 1356.562 1385.062 1431.531 1470.843 1549.968 1833.687 1859.937 2402.281 
74.625 238.093 256.406 527.406 1042.125 1130.781 1163.750 1389.062 1444.500 1503.968 1572.843 1685.312 2111.281 3502.468 
