-59.469 24.656 54.437 68.312 73.468 80.062 91.406 171.531 180.125 187.625 191.093 197.937 218.062 329.906 340.968 346.375 351.281 383.531 388.000 451.468 453.718 457.812 472.906 480.500 500.187 549.593 557.750 567.000 581.625 583.187 595.156 633.000 641.000 705.968 709.031 715.906 760.125 779.468 784.843 835.843 844.187 931.062 937.281 966.906 1006.218 1112.406 1120.656 1129.687 1230.625 1249.937 1283.593 1311.125 1319.031 1333.250 1370.750 1385.625 1400.500 1407.812 1463.250 1490.437 1498.437 1514.031 1530.906 1552.093 1596.000 1611.718 1616.187 1655.562 1660.937 3579.593 3584.500 3584.781 3585.375 3743.250 
-425.282 -331.000 35.562 40.531 44.781 48.593 50.656 55.593 60.125 83.375 188.500 191.375 204.687 212.593 333.375 348.062 453.093 463.125 484.781 504.781 547.500 554.187 563.937 581.625 653.093 704.531 707.968 715.562 754.781 758.781 766.937 772.562 783.531 790.593 836.000 843.375 859.656 872.187 881.281 950.937 959.718 981.812 1000.125 1017.031 1063.750 1068.375 1083.687 1096.937 1101.812 1120.687 1130.781 1283.687 1297.156 1318.531 1365.000 1391.000 1396.906 1420.000 1464.281 1476.468 1486.781 1503.875 1534.218 1548.906 1595.718 1601.312 1614.406 1629.406 1668.812 1940.500 3395.781 
-1333.188 33.812 36.812 50.406 53.531 76.718 159.250 163.812 172.281 179.250 183.093 188.593 203.500 328.875 333.656 347.156 353.625 363.812 371.687 382.875 389.437 452.906 462.875 471.156 481.843 491.906 548.593 564.687 583.406 597.187 609.093 617.218 636.093 704.406 720.375 752.125 774.562 779.781 806.312 836.093 844.687 866.625 872.343 886.531 930.312 936.375 942.812 948.906 967.125 998.312 1011.593 1063.593 1086.625 1098.718 1112.375 1120.812 1228.656 1234.687 1283.500 1288.937 1311.750 1366.312 1380.687 1389.968 1476.250 1489.750 1512.593 1517.000 1554.468 1612.062 1615.062 1629.343 2492.156 3491.093 
-594.094 40.312 45.562 53.656 56.500 61.718 70.750 84.593 88.437 146.000 164.687 175.031 177.875 199.656 213.187 329.593 332.875 344.125 361.406 458.531 473.781 479.593 503.468 548.062 705.781 717.093 752.937 781.937 794.281 841.843 855.843 881.312 934.000 991.125 998.531 1063.062 1080.156 1113.343 1118.812 1228.875 1305.937 1320.718 1374.750 1390.750 1488.937 1538.187 1595.906 1648.187 2901.937 3578.281 3611.031 
23.750 33.750 45.000 52.031 73.656 159.437 163.906 175.625 179.156 194.562 331.406 349.468 468.812 476.687 483.281 491.718 559.406 582.906 606.375 709.281 758.312 770.218 778.625 798.437 842.156 849.531 849.781 853.937 863.250 868.875 872.812 876.343 951.500 959.250 1008.468 1064.687 1078.187 1083.531 1125.218 1129.531 1232.000 1253.000 1415.687 1518.281 1532.093 1612.156 1631.656 1643.000 1650.593 1655.750 2225.625 
20.250 49.750 56.843 68.187 189.031 349.750 353.156 372.500 555.093 630.937 760.031 778.812 794.375 847.968 852.906 861.281 970.000 1081.156 1112.468 1129.687 1285.593 1288.718 1331.468 1469.312 1488.937 1593.968 1605.625 1629.812 3766.062 
-1433.907 -49.375 26.375 45.562 56.250 74.156 82.843 88.968 169.312 197.000 200.562 344.062 362.687 469.218 490.500 550.062 557.625 649.968 706.125 743.531 766.781 772.718 780.031 793.250 931.625 936.718 942.468 995.812 1004.937 1080.750 1296.937 1379.218 1405.843 1477.000 1503.437 1539.281 1596.281 1618.906 1630.218 1786.156 
-1928.250 -1926.844 43.718 51.437 53.468 58.625 83.125 87.000 158.656 187.250 197.906 351.718 359.812 370.500 378.250 470.687 492.281 547.156 556.687 579.812 594.468 630.187 758.406 841.937 884.656 958.812 1072.125 1242.843 1385.281 1398.562 1409.125 1415.406 1463.625 1469.718 1514.187 1538.781 1601.687 1629.375 1641.875 1659.781 
-1018.875 35.250 44.343 55.968 64.468 68.187 75.218 160.156 175.656 211.625 351.062 360.156 380.750 480.093 487.218 634.312 718.406 752.437 775.281 871.906 873.312 1006.468 1064.531 1297.375 1366.156 1372.718 1377.750 1467.125 1489.687 1530.187 1647.125 1668.718 1896.875 3529.750 
-1296.938 -1252.625 25.937 67.343 73.343 76.500 83.875 171.656 202.406 354.250 717.468 754.250 773.031 863.375 891.531 979.531 1081.750 1086.968 1096.812 1289.343 1304.187 1469.375 1479.406 1501.031 1537.562 1628.937 1669.781 2148.250 2269.500 3119.250 3519.406 
330.781 371.843 380.531 387.500 593.718 630.031 781.187 870.937 931.125 980.968 1004.281 1025.406 1109.968 1115.625 1241.250 1308.031 1313.343 1366.218 1466.125 3063.468 
12.781 78.125 162.000 349.718 381.937 785.031 793.281 937.375 958.468 1284.562 1294.531 1397.937 1522.687 1539.656 1555.000 1622.125 1630.843 1692.500 1737.375 2298.656 
-1971.000 39.656 49.906 75.656 83.000 189.437 212.343 372.875 622.750 631.312 861.437 948.125 996.656 1011.437 1289.031 1296.250 1380.843 1596.687 1656.312 3505.031 3558.781 3631.187 3759.156 
-866.125 -199.000 54.625 59.968 160.093 189.406 505.250 725.562 753.406 847.468 860.718 933.812 1014.781 1550.906 1628.312 1641.187 1921.687 
