104.031 181.156 247.000 346.031 431.625 482.437 631.468 791.875 1191.687 1201.406 1250.187 1300.937 1356.968 1394.875 1477.281 1602.875 1703.062 1729.125 1737.531 1765.625 1852.875 1950.625 
108.562 246.187 400.500 479.250 601.875 630.750 728.812 770.656 797.625 945.718 1180.625 1197.125 1202.437 1257.218 1297.718 1486.531 1655.656 1706.500 1729.156 1767.312 2314.562 
44.843 247.125 327.937 434.781 479.781 600.125 725.281 796.125 1192.093 1198.906 1241.750 1304.187 1443.906 1473.937 1599.937 1653.187 1704.937 1853.437 
247.593 432.062 479.406 787.656 1180.312 1263.343 1388.468 1483.406 1599.437 1704.031 1728.843 1767.875 2460.625 2688.093 
46.281 77.687 178.062 246.218 264.281 429.343 438.343 479.718 631.812 1193.718 1200.218 1248.812 1266.500 1356.968 1477.093 1599.625 1729.031 1762.500 1855.468 
44.093 79.781 117.593 247.625 256.031 429.906 479.531 632.718 771.531 796.468 1181.750 1198.312 1252.281 1475.750 1601.250 1648.625 1706.250 1732.843 1738.125 1768.937 1949.562 
45.937 107.906 248.062 276.843 330.625 430.125 437.343 483.687 631.500 644.625 725.406 771.718 851.406 1181.718 1199.281 1266.750 1298.687 1481.625 1600.000 1702.281 1732.656 1738.531 1761.781 1851.781 1857.593 2450.156 
73.468 116.562 247.000 327.937 430.000 485.593 601.531 786.312 799.937 825.125 1179.843 1198.906 1358.625 1476.593 1604.968 1704.125 1734.968 1763.437 1856.125 1951.656 
42.437 82.468 119.406 246.750 434.156 479.281 598.843 638.718 775.437 787.562 801.812 984.468 1196.781 1201.093 1269.812 1702.843 1735.406 1855.250 1968.312 
44.500 118.781 176.343 248.000 402.625 432.875 478.781 726.906 785.875 821.937 1000.875 1180.750 1198.031 1240.375 1304.187 1478.968 1601.000 1653.031 1704.250 1732.343 1738.718 1853.062 2414.093 
