24.093 688.562 1186.156 1286.187 1518.500 1631.843 1978.031 2023.000 
22.531 24.500 299.031 701.531 900.843 979.531 1532.937 1738.625 1925.875 
701.343 715.312 951.531 1188.593 1286.406 1459.812 1530.500 1631.656 1738.343 
294.468 323.781 605.000 701.187 1641.812 
482.156 502.843 938.687 1188.343 1286.281 1297.687 1438.187 1531.500 1631.281 1738.500 
788.281 953.250 1200.906 1285.000 1437.375 1518.843 1640.625 1738.500 1954.062 2019.656 
481.343 595.125 879.875 1286.500 1518.937 1633.093 1724.187 
482.562 603.218 1395.875 1631.312 1953.937 
157.750 482.343 595.187 701.437 1532.750 1885.156 1976.968 
431.875 688.843 1284.812 
