267.687 275.781 295.625 555.906 575.656 759.562 808.625 908.937 925.593 959.906 965.781 1038.593 1113.437 1319.343 1546.531 1558.875 1599.906 1628.906 1642.156 1667.937 1742.187 1750.500 1767.843 3518.593 
-133.782 524.187 554.687 559.843 743.156 752.468 832.843 836.625 916.281 1042.312 1099.718 1143.281 1153.718 1165.906 1315.062 1500.093 1532.843 1558.625 1599.843 1667.187 1674.718 
-1488.750 -205.844 289.156 298.406 768.125 811.000 822.500 859.968 860.625 894.875 901.750 954.968 969.500 1011.500 1028.968 1043.937 1048.406 1069.406 1071.875 1122.187 1127.187 1160.468 1338.843 1361.187 1395.000 1512.375 1560.562 1703.218 1795.218 
-97.063 136.500 260.312 270.625 274.375 292.187 294.000 310.593 517.156 541.437 554.437 852.125 868.906 927.312 954.187 980.000 995.906 1037.250 1053.781 1074.031 1074.625 1131.062 1142.000 1165.031 1252.250 1264.156 1394.312 1426.593 1514.687 1544.718 1546.312 1717.718 1724.312 2047.937 
264.656 279.093 297.750 302.906 318.343 514.187 525.000 544.843 821.000 836.375 837.218 844.812 848.906 854.781 913.562 927.000 927.875 941.406 948.593 951.843 957.968 1043.968 1069.406 1078.562 1108.375 1109.062 1131.531 1160.468 1165.750 1186.781 1327.656 1347.843 1353.031 1358.593 1410.562 1436.843 1472.375 1492.125 1499.812 1524.031 1528.062 1531.062 1570.937 1578.218 1598.000 1647.656 1688.187 1704.531 1713.437 1736.125 1737.062 1744.250 2420.687 
-488.844 253.906 260.500 745.656 760.250 768.781 855.437 862.718 899.187 924.250 934.875 945.906 980.468 1017.937 1021.937 1037.750 1038.437 1068.375 1119.093 1339.812 1355.781 1368.750 1410.718 1427.750 1468.781 1582.656 1584.843 1615.406 1632.281 1638.468 1656.781 1660.718 1688.500 1731.906 1738.562 1745.250 1975.656 2768.718 2894.625 3269.187 3818.093 
-1737.563 -1662.532 -1577.157 280.937 286.250 295.187 302.406 579.281 824.687 836.156 841.531 848.750 852.750 862.000 897.187 911.343 945.812 949.312 968.218 978.500 980.375 987.125 1002.625 1029.875 1036.437 1047.750 1068.781 1123.906 1176.750 1269.468 1331.468 1336.343 1340.093 1352.750 1387.250 1423.187 1436.250 1491.281 1514.031 1545.781 1565.750 1599.937 1616.031 1650.437 1664.812 1677.156 1703.625 2166.062 3075.187 
114.593 251.781 287.218 287.968 299.812 532.312 540.875 548.343 550.281 562.187 758.593 842.093 843.062 898.093 899.250 912.125 913.343 965.750 967.156 1025.968 1040.187 1069.468 1111.812 1121.656 1125.156 1129.906 1136.031 1252.843 1325.312 1386.531 1409.625 1422.625 1424.968 1508.375 1525.281 1547.000 1549.656 1563.281 1596.875 1612.937 1648.781 1726.187 2125.156 2762.687 2924.968 2925.812 3163.250 3703.562 3882.843 
293.312 295.187 518.781 765.250 808.968 905.750 915.312 916.031 944.093 945.531 949.875 952.312 963.906 980.281 988.625 1005.593 1025.750 1035.875 1047.625 1093.843 1110.250 1114.187 1120.843 1133.468 1143.093 1150.281 1175.375 1272.500 1325.906 1359.812 1366.750 1383.093 1397.687 1431.125 1431.937 1489.156 1514.062 1519.531 1522.718 1536.968 1547.812 1549.812 1591.656 1615.031 1630.625 1649.687 1664.718 1688.812 1721.875 1738.562 1964.062 2888.562 3165.031 3282.187 3314.968 
-1903.032 -1708.469 63.062 292.187 530.750 543.343 547.125 554.437 570.718 737.843 766.281 821.250 830.187 838.000 858.437 862.843 913.031 914.062 946.156 946.937 964.218 1008.000 1013.812 1044.093 1054.375 1063.843 1070.375 1079.875 1132.531 1137.875 1151.343 1151.687 1170.656 1254.156 1320.750 1329.156 1341.218 1352.468 1364.562 1370.781 1513.343 1534.718 1536.156 1537.843 1591.812 1614.156 1629.750 1640.281 1646.250 1647.000 1651.375 1680.375 1701.281 1704.312 1704.843 1707.781 1713.406 1714.750 1721.468 1732.093 1739.937 1748.375 1765.187 3020.562 
-1002.875 -252.532 279.187 281.750 288.406 514.093 552.156 555.437 765.718 813.562 822.000 849.937 863.718 864.968 915.406 924.343 938.250 953.875 955.093 963.843 983.500 996.750 997.156 1014.156 1048.312 1080.031 1096.750 1113.781 1119.000 1170.687 1238.281 1264.968 1317.093 1329.281 1359.593 1397.125 1404.875 1413.656 1437.687 1479.687 1490.500 1532.656 1564.093 1581.906 1588.531 1624.593 1630.906 1638.718 1643.093 1649.562 1654.531 1659.750 1673.031 1687.656 1701.781 1721.000 1754.000 1763.218 
80.406 280.343 287.781 292.562 297.875 307.781 546.625 756.500 821.250 841.406 858.687 864.062 930.406 964.187 1008.937 1021.500 1058.625 1063.906 1071.218 1080.437 1084.843 1113.343 1130.125 1142.000 1147.343 1313.718 1348.562 1354.218 1377.125 1415.375 1424.687 1525.250 1559.531 1561.468 1564.343 1576.218 1618.593 1671.281 1703.406 1730.687 1762.531 
-501.907 202.343 272.531 298.750 542.843 549.875 822.156 836.125 848.875 926.937 932.312 972.437 1002.562 1031.968 1037.281 1065.125 1069.750 1072.000 1082.343 1093.593 1097.281 1139.437 1159.562 1176.781 1178.375 1266.531 1325.593 1340.656 1393.031 1408.968 1410.375 1501.875 1550.968 1572.562 1595.718 1598.468 1731.312 1738.718 1742.593 
272.187 279.937 280.343 290.750 297.125 547.031 556.000 771.031 833.562 842.031 850.250 897.093 935.000 950.343 956.187 1000.625 1027.875 1040.531 1072.062 1113.125 1149.937 1174.125 1314.031 1372.468 1495.062 1501.031 1600.625 1615.625 1616.718 1617.875 1638.750 1640.656 1641.718 1642.875 1699.812 1707.343 1723.343 1739.187 1739.843 1747.593 
