25.125 30.906 41.531 49.531 58.468 64.500 75.468 79.062 82.093 139.687 147.343 153.312 199.843 271.187 318.750 353.781 415.406 462.718 530.125 576.125 608.093 748.875 754.218 772.531 808.937 873.593 912.593 919.437 933.718 994.281 1075.687 1186.250 1204.031 1218.937 1251.062 1336.187 1604.281 1679.625 1958.062 3064.937 
28.312 42.406 58.562 116.437 140.406 142.781 168.093 195.468 210.625 219.593 262.156 304.187 354.875 413.937 415.718 419.906 461.406 509.375 511.781 525.031 696.562 749.562 755.250 758.718 809.875 839.281 875.343 885.750 917.062 947.625 1075.000 1082.125 1103.343 1187.718 1254.218 1257.625 1420.718 1469.906 1517.062 1522.312 1559.937 1568.812 1623.468 1668.156 1677.718 1723.781 1769.843 1786.093 1838.000 1893.437 1904.875 1970.687 1983.531 1988.218 2038.562 2430.031 2965.718 3001.781 3347.406 3788.687 
20.625 25.218 32.343 51.687 83.437 93.156 118.656 141.437 199.968 216.656 253.437 268.593 336.156 361.468 416.000 465.187 491.781 516.250 523.156 558.687 673.812 696.250 755.312 887.500 920.968 945.000 1036.187 1076.812 1186.500 1307.875 1362.406 1412.250 1518.562 1708.687 1773.031 1875.843 2882.093 3369.562 
32.312 42.750 57.187 60.156 83.500 89.968 104.875 109.250 121.875 144.000 209.625 248.937 269.406 304.500 356.218 416.718 480.531 505.281 677.500 698.312 749.031 759.843 804.281 818.687 829.937 887.718 1077.687 1140.406 1162.343 1186.750 1252.031 1257.531 1287.937 1380.187 1395.062 1680.593 1685.781 1723.687 1787.687 1848.906 1875.593 1883.062 1919.187 1933.562 1968.656 2983.093 3128.812 3816.343 3863.281 
20.968 33.000 42.500 61.656 78.375 114.156 136.656 144.000 152.062 219.312 277.250 301.968 337.437 419.562 460.718 469.843 520.812 561.062 670.625 677.625 806.218 830.906 880.812 885.343 920.562 1077.937 1106.343 1138.031 1185.437 1255.656 1289.156 1328.906 1363.562 1649.250 2035.875 2284.062 2290.156 2292.093 2997.062 3283.093 3316.031 3948.437 
21.281 24.093 25.875 37.625 56.000 59.031 61.843 77.250 92.812 150.875 221.000 250.281 280.250 359.468 377.875 413.250 418.968 458.843 506.187 523.406 603.468 680.406 832.656 920.437 997.687 1252.437 1335.156 1361.968 1366.562 1416.500 1519.125 1559.343 1605.875 1637.375 1645.937 1675.187 1678.031 1682.718 1772.531 1788.687 1955.468 2928.343 2967.937 2972.187 3266.156 3729.406 
20.718 22.968 25.250 27.843 40.156 54.781 61.468 81.625 91.343 145.562 193.093 197.093 277.187 415.468 466.625 519.437 558.937 606.125 748.562 757.625 785.406 806.500 833.718 869.687 876.593 993.531 1255.968 1518.000 1561.375 1668.281 1678.031 1769.875 1875.250 1881.781 1970.437 2867.093 2914.625 3732.406 
23.312 43.656 111.875 316.875 319.593 340.625 415.000 479.656 608.687 676.062 759.281 973.062 1202.187 1364.656 1521.375 1681.750 1771.562 2331.937 3602.781 
32.031 39.000 56.750 59.437 120.437 143.062 169.125 270.906 278.812 319.562 377.531 415.750 521.500 559.531 681.437 749.250 753.375 829.343 888.906 1139.468 1149.093 1324.406 1364.593 1682.125 1709.531 1838.812 1897.437 1925.250 1951.062 2962.937 3904.125 3913.281 
18.656 20.937 51.937 58.687 81.312 95.843 119.343 141.625 149.437 167.187 195.031 219.843 250.343 303.656 355.187 378.937 417.843 462.687 480.437 494.781 582.281 604.562 617.781 753.437 757.562 829.656 886.843 913.093 1003.625 1139.031 1183.562 1252.781 1305.312 1341.718 1567.781 1604.031 1843.312 1948.750 1967.125 1970.093 3595.343 
