18.031 26.125 38.656 50.437 59.875 64.718 71.125 74.031 120.812 125.062 137.187 170.875 173.968 210.687 223.875 260.625 278.187 281.031 407.062 413.187 415.937 432.531 438.906 462.468 478.968 554.875 607.500 618.906 647.656 697.500 729.625 958.718 965.968 1017.937 1024.562 1057.593 1061.375 1124.406 1185.218 1207.343 1314.093 1322.093 1364.218 1395.625 1468.937 1668.000 1683.968 1687.031 1690.468 1694.093 1738.218 1808.968 1892.093 1898.375 1963.375 2560.968 3748.968 
2.718 17.625 24.656 29.156 45.687 56.125 60.375 70.906 89.937 97.968 100.968 158.281 174.656 222.437 230.218 260.531 271.531 412.687 416.125 477.281 639.343 751.687 767.343 876.312 878.281 961.687 986.968 998.125 1053.781 1057.468 1154.125 1218.625 1243.781 1344.656 1355.093 1365.843 1467.500 1594.593 1623.625 1656.437 1686.593 1738.343 1810.031 1817.437 1828.875 1843.781 1886.125 1939.031 2545.625 3190.281 3673.437 3820.656 
23.062 40.437 47.125 59.406 71.187 81.437 99.375 102.312 124.281 129.937 136.437 172.062 176.125 223.968 279.343 408.937 412.812 415.218 436.812 548.937 618.375 694.875 756.000 775.531 961.562 968.093 991.718 1018.500 1022.218 1155.500 1160.625 1191.625 1197.812 1262.218 1344.781 1367.218 1533.875 1595.250 1665.125 1693.500 1697.687 1729.875 1842.281 1885.375 1889.250 1923.343 1938.812 1963.875 1979.562 3022.718 3172.906 3237.906 
22.625 24.781 31.218 40.218 48.718 64.937 73.750 121.062 129.343 211.343 221.531 279.531 374.125 413.281 431.437 435.062 471.031 480.156 557.062 632.406 797.437 956.562 962.000 1188.750 1308.437 1538.093 1592.156 1675.218 1827.093 1843.312 1888.281 1890.718 1917.968 1937.093 1961.656 3046.312 3374.906 
19.781 43.125 49.781 59.781 68.593 98.468 175.718 214.875 262.562 616.156 835.531 879.843 961.531 1009.625 1180.031 1191.531 1228.375 1265.031 1449.968 1528.125 1684.093 1882.406 1916.093 1937.875 2763.812 3602.500 
17.843 19.531 26.750 39.156 42.218 48.687 57.843 75.250 127.718 166.656 210.812 404.750 441.093 481.031 565.343 620.062 635.906 652.750 659.093 697.812 738.281 795.625 801.062 821.875 879.687 946.625 959.656 963.625 991.218 1021.375 1055.593 1158.937 1176.968 1215.031 1304.187 1308.531 1365.843 1396.218 1531.906 1630.187 1669.312 1684.968 1688.843 1703.718 1744.875 1781.125 1887.750 1894.250 3039.937 
18.093 24.843 38.937 45.031 63.562 104.031 119.656 126.281 133.000 172.343 221.593 242.187 257.218 276.656 409.062 413.687 575.031 699.562 794.875 875.937 956.062 960.093 987.968 1059.937 1204.625 1264.968 1308.093 1317.093 1351.406 1391.843 1596.687 1625.000 1684.875 1770.375 1808.906 1811.625 1883.312 1913.375 3055.062 3573.250 3717.000 3920.187 
17.437 21.906 48.000 57.125 61.812 95.937 99.031 101.031 126.250 174.937 381.375 499.468 621.812 635.375 795.750 999.000 1154.562 1344.687 1365.937 1392.593 1656.125 1663.687 1682.656 1695.718 1720.062 1805.750 1808.437 1887.562 1940.000 2760.125 2929.375 
23.500 43.031 52.000 57.718 91.656 97.781 104.343 122.843 134.187 168.968 170.500 208.906 259.156 406.093 414.500 461.781 468.843 521.562 615.062 699.906 760.625 795.500 876.968 960.812 964.218 998.687 1061.093 1152.906 1188.093 1234.000 1248.000 1306.093 1352.812 1366.218 1391.187 1404.468 1595.031 1655.843 1683.125 1690.312 1736.312 1781.937 1809.343 1860.750 1906.062 1910.031 1939.531 1961.625 2972.843 2977.531 3004.968 3156.562 3208.687 3832.593 3920.343 
17.625 31.593 44.718 59.375 75.718 168.875 212.312 223.031 275.031 289.531 407.781 414.031 436.656 474.281 581.250 641.031 744.250 766.656 797.937 880.187 1153.187 1187.437 1208.437 1248.218 1307.875 1342.531 1366.406 1406.156 1593.812 1636.062 1669.406 1674.812 1686.156 1857.781 1879.531 1892.312 1963.718 2884.625 2890.156 
