-1947.219 -1443.219 -1436.844 -883.063 -874.875 -779.188 -527.844 -245.813 46.750 96.250 107.687 181.250 289.375 309.031 325.218 365.031 372.281 452.437 464.531 494.750 985.687 1003.187 1108.906 1190.937 1284.812 1327.562 1549.312 1739.593 1745.500 1789.156 2546.750 2552.250 3103.093 3156.562 3189.687 3271.625 
-1678.625 -1261.938 -1105.407 -1097.594 -255.438 -136.657 -113.157 -87.657 68.718 86.125 132.250 179.531 331.937 338.375 369.437 371.156 556.781 568.562 722.000 958.125 990.156 1244.937 1275.062 1541.000 1614.562 1639.875 1717.468 1742.750 2040.531 2164.625 2475.625 2517.500 2975.250 3302.625 3324.593 
-1653.625 -1651.125 -1583.938 -1560.063 -507.594 108.343 287.156 371.156 569.687 1193.968 1374.718 1592.906 1695.187 1719.468 1737.781 1828.781 1900.562 2160.562 2194.625 2485.312 2519.250 3018.312 3222.406 3876.531 
-1642.813 -1450.407 -905.063 -867.157 -540.250 -224.969 17.875 233.187 269.781 317.687 583.218 1010.125 1212.343 1721.406 2567.875 2762.093 3051.062 3358.156 
-1989.219 -1965.407 -1946.907 -1097.719 -1054.657 -495.969 28.562 106.781 127.500 176.437 210.843 222.500 401.937 963.406 990.750 1118.843 1389.000 1541.218 1544.500 2168.468 2364.843 2506.500 2889.187 2935.187 3504.750 3509.343 3670.625 3730.375 3863.718 
-1522.032 -972.719 -954.063 -933.938 -340.282 -326.750 -57.032 -24.407 67.093 114.250 254.656 258.437 347.218 467.687 721.250 773.750 959.468 1538.906 1623.437 1641.687 1721.531 2429.968 2481.187 2544.500 2554.625 3575.000 3599.125 3602.718 3679.312 3715.593 
-795.532 -83.907 36.281 117.125 233.968 287.093 290.906 379.156 404.062 580.625 730.000 986.937 1309.718 1343.937 1501.250 2024.500 2560.625 2573.437 2612.156 2644.062 3098.031 3581.218 
-1396.438 -639.344 -542.844 141.843 175.875 423.218 501.156 1312.000 1523.437 1525.468 1707.562 2020.812 2287.312 3250.562 
-1962.125 -1946.719 -1096.032 -893.219 -890.063 -777.532 -187.313 -142.875 63.531 104.625 108.500 131.562 239.468 276.406 280.843 289.750 410.625 438.562 456.312 803.937 923.656 1025.375 1675.500 1779.875 2663.093 2927.343 2930.656 3432.843 3470.656 3674.968 3677.875 
-1897.813 -1690.875 -1454.250 -1365.094 -900.188 -882.188 -138.063 98.000 115.843 124.312 125.562 144.375 266.406 285.062 285.781 318.531 338.156 381.718 456.375 651.437 692.093 701.000 956.812 1342.375 1516.906 1532.437 1533.343 2062.062 3055.562 3426.468 3811.218 3838.437 3901.562 3965.656 
