-1708.157 -1166.563 -778.094 -58.125 136.656 277.125 411.562 430.343 669.343 761.250 1075.187 1811.031 1814.250 1941.687 1962.750 2109.968 2113.125 2281.812 2601.375 2900.062 3177.437 3229.625 
-1766.907 -1666.719 -1636.625 -1577.094 -1057.875 -1000.875 -926.157 -798.750 -663.125 -657.688 -520.782 -74.000 -61.469 409.468 416.281 431.906 483.343 533.187 653.593 720.375 883.218 997.843 1328.187 1334.062 1757.843 1811.718 1937.093 1941.843 1958.656 2026.687 2404.937 2770.343 
-1829.657 -1128.469 -1083.719 -1064.438 -1025.907 -273.532 -224.844 -222.688 7.875 21.562 172.312 204.656 242.656 391.125 411.687 417.343 725.343 1110.000 1209.500 1234.937 1331.906 1445.125 1467.031 1473.906 1481.281 1628.562 1642.531 1911.343 2517.875 2569.906 2617.375 2714.062 2729.031 3000.437 3007.875 3193.375 3287.156 3438.812 3460.093 3512.593 3911.718 3912.750 3972.562 3973.343 
-1877.875 -1754.125 -1730.282 -1660.594 -854.844 -818.625 -795.688 -377.469 46.375 227.437 233.718 389.281 429.343 491.437 497.687 645.343 721.500 729.593 748.406 1183.000 1799.281 1808.343 1869.656 2038.281 2052.562 2484.750 2558.250 2652.406 2818.781 2854.781 3014.218 3023.187 3125.187 3167.781 3323.906 3367.656 3402.750 3881.593 3943.937 
-1558.750 -861.563 -402.969 -402.157 -398.188 -362.719 -292.344 -270.625 32.093 45.906 171.437 426.843 561.500 656.531 878.656 1332.312 1338.937 1624.843 1674.937 1955.593 2530.437 3298.875 3303.718 3329.937 3332.968 3334.812 3358.375 3411.218 3489.156 3510.375 3544.375 3732.562 
-1965.063 -1963.188 -1907.563 -1847.532 -1588.375 -1171.782 -1141.344 -942.563 -922.063 -902.688 -892.907 -721.000 -540.000 -464.157 33.781 136.125 193.093 280.875 365.500 428.500 432.531 898.468 933.281 1133.593 1187.375 1204.437 1416.562 1631.718 1637.781 1708.968 1717.125 1889.125 2654.437 2682.875 2691.843 3118.218 3183.687 3186.218 3259.031 3265.625 3477.906 3533.562 
-1441.907 -1120.250 -1098.750 -893.157 -852.469 -221.688 -86.875 -82.032 -57.969 171.593 273.000 342.125 361.656 854.968 1115.781 1790.531 2393.968 2417.218 2849.750 3176.062 3430.531 3485.437 3536.875 
-1972.313 -1558.469 -1546.657 -1533.813 -1507.219 -921.688 -407.000 -388.469 -357.375 151.093 241.187 500.781 505.562 510.750 869.843 1000.343 1350.218 1425.593 1921.750 2982.343 3010.906 3029.843 3038.406 3040.187 3049.843 3597.687 3632.000 3752.875 3778.000 
-1120.719 -1068.688 -1045.282 -1031.032 -931.438 -253.063 -193.782 -187.844 -150.938 -107.782 -35.719 194.531 331.656 574.968 790.093 801.656 827.125 1416.593 1428.812 1442.031 1887.593 1988.218 2069.843 2336.625 2341.312 2360.406 2821.500 2828.187 2842.062 2848.906 2852.937 2856.250 3190.718 3236.562 3905.531 3910.968 3911.750 3930.968 3962.093 
-1744.782 -1727.532 -1692.657 -1690.438 -1664.407 -1659.344 -1032.063 -1025.813 -348.532 -126.125 -59.094 -28.688 496.437 544.906 596.156 1023.437 1285.343 1419.250 1461.125 1604.718 1898.687 1914.031 2032.875 2156.062 2391.906 2406.156 2420.937 2451.718 2472.718 2478.968 2483.062 2533.156 2543.906 2740.593 2764.562 2777.250 2785.343 2923.781 2934.375 3839.593 3853.593 3878.281 3931.843 
