15.062 15.968 36.687 67.875 68.656 204.093 213.937 500.937 501.531 505.500 600.843 682.593 816.781 866.281 893.031 1090.125 1165.562 1166.406 1219.718 1220.218 1324.187 1338.843 1403.406 1536.968 3043.187 
15.062 15.656 66.250 98.375 205.218 385.531 448.500 449.281 500.781 501.593 532.343 554.625 600.843 603.000 817.312 865.218 866.218 927.156 1165.937 1219.750 1220.281 1220.875 1221.281 1248.281 1249.093 1249.656 1323.343 1338.468 1405.000 1494.937 1508.625 1536.656 1583.750 1586.468 1586.875 
15.156 15.718 48.125 48.812 49.093 67.750 97.375 205.500 213.281 244.468 356.687 462.468 500.656 500.906 501.468 532.406 545.281 602.031 711.937 789.968 816.718 817.187 832.937 864.812 865.843 1165.656 1165.875 1174.406 1219.937 1220.187 1220.750 1249.906 1250.812 1323.906 1338.812 1535.468 1585.437 1585.906 1603.625 
14.312 15.000 15.437 36.187 37.406 54.437 67.781 68.312 75.187 83.062 96.812 98.218 205.218 234.562 316.125 394.187 448.687 449.125 501.656 505.218 514.343 527.718 556.000 601.656 602.031 711.437 783.718 817.375 817.750 864.812 865.656 865.906 891.593 926.687 1032.593 1051.750 1166.250 1166.531 1219.093 1219.875 1220.250 1250.125 1322.593 1322.937 1495.625 1496.937 1509.781 1537.343 1583.625 1586.656 1645.843 1646.500 
14.750 15.156 15.750 19.875 36.687 67.656 67.968 87.031 204.562 205.031 215.968 336.312 448.375 448.843 449.250 501.281 543.843 550.312 601.031 618.531 619.656 711.562 711.937 789.375 816.031 816.593 865.750 1032.281 1126.687 1165.718 1220.031 1220.625 1221.531 1225.031 1283.375 1322.562 1323.500 1403.843 1404.437 1404.750 1405.125 1510.125 1536.812 1585.093 1585.812 1592.343 
14.312 15.062 15.468 19.781 21.125 67.500 81.375 98.656 235.656 245.843 308.312 314.250 356.250 357.750 359.156 370.531 448.593 500.562 500.968 525.906 532.437 545.593 601.468 726.531 789.875 817.281 828.343 830.062 864.687 865.750 891.343 893.437 1079.156 1187.312 1219.843 1220.218 1220.593 1220.875 1250.343 1259.000 1322.437 1323.562 1403.812 1404.093 1508.312 1535.468 1536.156 1539.968 1585.906 1646.312 
14.312 14.843 15.031 58.875 61.312 67.156 68.187 98.437 232.656 357.625 448.406 501.187 501.718 522.500 601.156 601.375 614.812 619.062 789.281 789.531 816.031 816.593 864.593 865.187 865.437 913.250 926.062 1065.656 1091.500 1165.343 1166.062 1166.312 1220.406 1220.625 1322.500 1338.875 1404.000 1404.250 1417.968 1508.593 1535.687 1538.125 1560.343 1584.750 1585.531 1646.125 
14.562 15.156 28.875 97.750 108.531 109.750 204.781 214.531 448.593 500.718 501.281 506.062 600.656 601.125 602.343 614.000 618.437 633.687 680.812 681.312 708.625 712.312 785.718 789.906 804.500 817.250 866.093 866.812 925.312 926.687 1044.031 1080.468 1088.093 1165.687 1166.062 1189.062 1190.593 1220.156 1322.343 1322.562 1404.093 1494.937 1535.062 1536.187 1538.187 1586.500 1603.468 
14.593 15.281 19.437 35.906 36.312 50.718 67.343 126.250 204.375 204.750 318.062 447.468 448.250 448.625 501.312 501.593 505.500 533.531 546.625 600.843 601.312 682.125 682.593 711.906 767.343 789.718 816.812 817.156 864.687 914.875 926.406 1165.843 1166.718 1187.187 1219.625 1339.718 1403.718 1404.125 1495.093 1496.218 1536.968 1585.625 1587.281 1605.437 
15.062 29.500 36.062 50.312 67.000 67.406 67.687 70.312 81.937 82.656 118.250 126.750 179.156 204.281 204.718 349.468 447.843 448.406 501.312 501.781 601.500 622.937 643.875 682.843 691.312 711.656 712.812 786.750 790.093 817.125 865.125 865.562 892.375 905.468 916.468 926.781 1078.156 1165.687 1165.906 1166.875 1220.531 1258.468 1322.812 1404.750 1414.437 1417.687 1434.843 1482.375 1508.437 1509.093 1537.531 1585.875 1617.875 
