37.843 45.093 45.406 51.250 69.468 92.843 159.062 176.406 329.187 329.718 451.437 451.875 462.843 463.062 490.906 660.531 703.343 703.656 752.281 757.750 768.062 770.125 770.625 833.593 833.937 841.718 942.906 983.843 1006.875 1065.750 1094.000 1226.687 1227.187 1283.437 1284.593 1287.187 1297.968 1360.187 1360.812 1361.656 1362.093 1384.031 1387.406 1423.468 1514.937 1545.375 1596.468 1596.875 
16.312 16.593 21.531 31.437 32.093 37.500 45.218 77.093 158.812 159.156 167.812 168.156 190.312 329.812 330.281 451.531 452.156 462.531 463.156 652.093 702.812 703.281 714.125 757.343 770.000 832.937 833.468 854.906 855.875 874.781 892.062 929.593 930.750 945.218 984.562 985.031 985.343 1095.500 1226.906 1227.187 1227.593 1282.968 1302.531 1362.031 1384.468 1461.031 1544.093 1597.000 1613.593 
16.781 33.593 36.750 45.875 76.218 91.218 155.843 159.531 168.875 174.937 176.468 212.562 329.906 330.125 346.437 451.781 452.031 463.093 480.656 523.375 588.812 613.531 703.218 752.375 752.968 753.187 758.250 768.093 802.000 802.687 834.281 849.625 856.250 875.656 928.875 931.500 1060.750 1096.250 1227.093 1283.468 1284.031 1296.906 1297.750 1297.937 1306.031 1323.781 1363.031 1364.156 1461.218 1525.531 1526.500 1530.000 1596.343 1643.687 1669.843 3375.156 
16.968 31.875 32.156 33.031 37.218 52.187 58.093 94.531 158.656 168.593 169.343 354.906 393.312 451.781 522.656 524.687 630.687 703.156 753.625 754.031 770.343 782.781 795.000 796.375 833.000 833.500 834.093 854.125 856.000 929.250 984.750 1066.437 1095.875 1227.406 1284.062 1295.781 1362.187 1366.500 1385.531 1460.937 1523.406 1525.781 1526.500 1537.656 1596.781 1597.843 1630.125 1643.625 1680.781 
16.656 16.843 17.093 32.218 33.375 36.687 46.000 51.250 52.437 62.437 65.468 65.968 158.906 159.125 190.093 224.312 330.031 333.843 394.156 452.062 452.593 461.062 525.750 647.250 660.656 703.062 703.593 753.125 757.781 769.812 833.718 857.062 930.343 986.000 1065.375 1066.562 1095.500 1097.062 1227.500 1283.531 1283.937 1361.312 1362.125 1434.843 1461.031 1523.000 1525.437 1526.000 1669.656 
16.843 36.812 44.812 45.093 58.468 76.312 158.906 159.125 189.562 329.500 329.781 346.906 358.562 372.625 373.593 451.687 502.125 523.218 524.375 585.031 631.250 703.000 703.218 752.531 757.531 770.500 833.125 833.343 855.531 873.718 984.218 1066.656 1096.625 1226.875 1227.531 1228.156 1284.250 1297.687 1362.000 1362.562 1388.031 1460.281 1460.562 1461.281 1475.187 
16.375 16.937 17.343 36.718 37.406 45.718 76.718 92.125 168.843 197.062 450.718 451.937 503.906 552.437 703.375 703.718 757.593 758.187 758.531 770.125 833.281 833.875 834.875 874.437 929.937 1060.906 1066.125 1226.906 1284.062 1286.031 1296.562 1298.000 1362.125 1365.875 1385.875 1400.343 1401.843 1525.375 1545.156 1556.875 1596.468 1644.062 3247.250 
16.062 32.375 33.062 37.062 44.968 75.531 78.250 159.468 168.218 175.875 188.593 199.687 328.500 330.468 362.875 382.781 452.000 452.531 461.500 462.187 492.062 492.906 522.750 647.000 660.062 703.125 703.593 704.000 752.843 757.687 769.875 781.843 800.562 832.937 833.281 849.812 881.406 933.500 963.218 1027.406 1065.843 1096.687 1227.093 1284.437 1284.750 1289.281 1297.000 1362.093 1363.468 1385.187 1386.843 1461.687 1475.281 1529.875 1596.031 1596.312 1628.781 1642.406 
14.843 15.718 32.187 36.562 45.500 60.093 76.218 89.812 98.625 159.187 168.468 169.218 188.968 189.281 330.218 330.468 359.281 373.062 451.937 462.343 491.593 703.437 753.375 757.875 771.093 833.156 833.406 833.656 838.093 884.125 991.312 992.156 1027.968 1065.812 1096.437 1150.093 1227.031 1227.500 1361.937 1385.843 1409.875 1460.562 1524.062 1524.781 1596.625 1630.406 
16.062 33.437 34.187 37.062 45.062 45.281 49.093 67.281 72.750 91.312 158.718 158.968 167.406 189.562 190.093 198.062 212.906 223.656 329.031 347.062 369.500 391.812 451.437 451.718 452.937 461.625 463.218 500.281 503.125 611.375 633.968 703.156 714.343 715.500 757.718 833.093 833.281 837.812 838.718 855.468 881.156 930.562 985.562 1061.062 1066.281 1066.531 1129.875 1226.718 1227.125 1227.843 1286.031 1296.343 1304.218 1305.656 1361.531 1362.281 1365.937 1367.000 1460.468 1526.062 1527.906 1544.218 1596.000 1596.281 1629.312 1671.562 1671.812 
