98.125 111.218 150.156 211.218 426.875 459.906 477.343 544.875 662.125 789.250 796.687 814.218 875.843 961.625 963.687 992.812 1000.781 1111.531 1338.250 1429.781 1520.750 1562.218 1567.750 1652.531 1686.031 1714.812 1744.468 1794.187 1796.718 1904.156 1993.718 1995.125 1999.468 3133.968 3346.656 3445.281 3517.593 3519.000 3526.156 3548.937 
21.156 92.000 92.687 93.468 129.125 151.750 152.687 179.031 292.312 296.031 363.062 458.500 459.531 499.000 614.500 726.343 790.312 797.906 915.437 1001.281 1033.906 1036.312 1059.781 1113.281 1217.343 1240.531 1343.656 1356.281 1362.031 1364.093 1434.656 1443.968 1486.406 1566.000 1567.968 1797.093 1935.906 1938.125 1938.968 1998.250 2001.625 2053.781 2932.625 3013.687 3661.906 3720.062 
101.468 126.125 148.375 153.968 243.531 294.812 458.343 493.656 498.281 499.718 793.250 799.125 913.375 1125.156 1568.281 1569.500 1654.156 1685.843 1794.218 1910.562 1998.875 2166.125 3924.812 
111.843 113.781 152.531 294.718 316.750 480.656 482.593 610.343 612.156 724.625 753.437 791.312 819.312 915.468 1117.531 1341.156 1381.875 1384.531 1513.218 1584.000 1650.812 1651.531 1697.812 1711.062 1717.687 1795.406 2002.187 3241.906 
22.437 151.093 151.468 211.312 294.843 312.968 456.906 457.531 459.312 460.500 500.500 727.531 785.593 862.625 997.687 1113.343 1139.437 1363.656 1543.875 1546.250 1572.500 1639.000 1794.187 1797.031 1999.968 2001.281 3930.000 
113.750 153.187 242.531 253.031 458.875 499.312 542.093 599.750 748.437 766.906 788.656 794.406 975.593 1003.968 1297.750 1366.562 1431.781 1569.343 1574.562 1653.812 1713.656 1794.250 1795.718 1814.968 1932.312 1976.937 1979.031 1992.093 3076.875 3122.125 
18.750 92.593 101.843 114.937 151.687 252.062 320.812 425.625 453.437 457.812 477.218 499.531 573.812 593.562 599.750 745.250 750.812 794.250 1001.000 1023.843 1130.406 1221.718 1251.093 1360.031 1365.218 1471.437 1536.906 1562.625 1570.656 1651.343 1796.812 1815.156 1828.250 1940.968 2000.781 
89.625 146.625 151.125 152.750 199.718 204.250 288.406 293.843 353.812 457.093 523.531 564.625 606.468 822.968 862.218 913.718 992.593 1004.687 1281.687 1293.531 1360.750 1361.562 1362.531 1537.625 1571.406 1625.250 1712.125 2130.000 2922.187 3961.218 
58.437 88.968 102.687 109.531 146.250 150.281 152.187 153.593 245.781 251.812 289.312 309.250 353.281 420.406 476.375 491.375 518.625 528.093 535.718 563.937 674.187 703.000 722.968 729.312 743.750 793.218 838.593 860.093 862.687 884.718 931.812 1000.062 1001.968 1031.875 1044.687 1085.625 1107.093 1139.750 1260.750 1329.531 1358.125 1363.781 1431.000 1527.906 1561.562 1584.875 1648.875 1659.406 1675.406 1715.656 1778.843 1813.656 1815.437 1829.093 1906.968 1932.062 1952.437 1968.843 1999.437 2917.750 3702.687 3768.250 
56.875 59.468 102.437 109.406 147.937 151.218 172.906 233.187 288.937 291.343 293.593 352.718 354.750 355.812 420.937 453.281 477.281 496.968 534.343 579.625 599.937 675.562 718.875 745.375 751.625 788.562 838.281 861.531 884.593 914.937 1000.250 1001.531 1109.562 1116.500 1238.312 1251.093 1282.375 1328.562 1357.218 1365.093 1396.187 1469.562 1537.343 1549.593 1585.656 1653.062 1653.968 1673.718 1791.468 1792.781 1873.562 1904.656 1994.875 1998.406 2000.031 2640.593 
