140.687 199.125 417.125 473.531 872.843 1004.250 1196.687 1235.562 1800.500 1806.281 1813.468 1985.406 2466.343 3588.156 
149.593 163.812 175.062 178.156 274.750 281.218 281.750 300.718 349.125 360.218 405.687 417.718 424.062 494.187 645.968 862.750 877.125 1222.343 1254.187 1405.625 1809.531 3322.062 3735.156 3739.968 3788.718 
94.468 141.156 149.531 184.375 414.531 867.937 950.718 995.468 1262.968 1277.843 1801.281 2477.468 2995.218 3470.531 3549.093 
377.125 401.593 417.437 951.375 1186.718 1780.125 3667.656 3890.687 3979.468 
184.406 200.812 202.343 950.875 1000.750 1221.625 1826.343 3005.937 3439.906 3765.625 3784.437 
413.843 476.718 476.968 859.125 902.156 918.531 933.468 999.062 1213.312 1232.531 1276.031 1778.968 1957.218 2759.781 3390.906 3417.843 3523.593 3542.468 
188.312 273.875 354.500 401.718 427.406 954.531 1230.250 1261.031 1278.812 2256.250 2427.781 3163.687 3466.625 3474.531 3516.687 3540.593 
183.750 210.406 224.281 273.281 290.500 419.187 655.093 906.968 930.750 1001.562 1215.093 1256.125 1565.718 1586.843 1816.156 2251.218 2307.562 2341.031 2393.406 2400.656 2411.750 2442.531 2450.437 2460.062 
192.593 195.093 200.437 206.718 262.593 487.187 868.125 871.281 1000.281 1000.968 1269.437 1463.593 1491.593 1663.125 1675.000 1813.968 2498.062 2526.031 2552.687 3839.718 
25.843 171.687 180.812 190.625 274.375 855.781 970.500 1273.125 1379.062 1395.468 1466.656 1801.593 1811.531 2066.812 3482.875 3662.312 3691.718 
