-1564.969 -530.282 -113.344 188.250 515.125 522.000 539.531 543.718 605.156 627.937 638.281 638.812 680.218 710.687 826.437 1102.437 1220.500 1394.031 1745.375 1885.125 1897.843 1967.937 1975.125 1998.500 2758.500 2912.125 3358.781 3377.281 
201.781 515.718 894.156 1514.375 2580.843 2936.156 
-1099.063 507.343 515.593 538.500 638.500 682.218 1203.031 1788.281 1897.281 1962.500 2814.437 3053.562 3670.968 
-1784.438 -1530.563 -1069.438 -941.313 -928.750 -684.407 -590.688 -574.282 86.312 393.281 515.531 637.593 689.187 1093.437 1202.375 1240.937 1610.781 1963.125 2951.875 3542.656 
-1797.969 508.125 545.187 700.375 1380.781 1522.781 1837.250 2049.125 2849.781 3351.000 
-614.063 -432.282 -386.750 -206.532 21.968 88.343 362.031 418.875 529.281 538.875 637.156 835.031 1101.312 1940.062 1950.687 1958.031 2434.906 2701.875 3188.687 
-1871.032 -676.719 -355.282 75.156 398.968 512.187 516.656 638.906 1203.531 1741.000 1946.281 2388.468 2793.000 3240.312 3767.968 
-1873.875 -1482.594 -304.750 410.125 508.281 516.031 530.125 1199.656 1213.531 3207.062 
-1974.282 -1430.532 -872.938 -530.813 639.000 639.250 1199.156 1201.656 1213.531 1220.750 1991.281 2548.250 3592.281 
-1820.094 -1386.813 -1065.907 -480.625 296.468 918.656 1199.875 1967.937 3133.062 
