-1715.032 -1598.625 -1400.313 -876.344 -356.375 -297.219 -235.875 -235.094 194.312 231.812 269.406 424.468 428.906 1088.843 1154.375 1264.406 1565.687 1694.562 2583.531 3041.500 3125.906 3411.937 3437.375 3736.343 3810.718 
409.875 424.062 426.343 500.625 700.531 1267.843 1663.718 2033.625 3383.093 
-578.688 711.812 3183.187 3760.281 
-1905.250 -1555.344 1129.812 1267.937 1270.187 1554.906 1713.750 3085.000 3539.437 
-1203.188 -866.344 -633.375 -82.125 430.562 516.906 576.781 770.343 1264.968 1268.031 1618.656 1625.156 
-1972.750 -1804.032 64.125 114.687 265.875 320.593 429.656 699.406 719.687 773.343 1461.125 1578.000 2578.156 2754.750 2913.000 3821.968 
-1303.219 -947.313 -232.063 436.218 905.875 1040.562 1835.218 1978.000 2134.000 3110.062 
-293.750 142.750 147.281 393.468 1009.437 1143.250 1264.593 1267.718 2001.125 2562.718 2563.468 3272.343 3335.875 3634.000 
-1393.688 -483.594 -142.657 212.875 430.562 491.875 822.468 1230.468 1264.625 2097.437 2538.000 2834.281 3055.562 
393.843 734.218 763.187 1570.781 1575.781 1928.718 2890.156 3337.312 3660.281 
