21.125 27.437 34.437 42.906 48.375 61.375 62.843 74.531 74.968 126.156 128.093 194.062 423.750 429.875 440.281 510.125 696.343 735.625 759.375 985.937 986.468 1102.906 1179.718 1181.843 1334.812 1408.656 1646.531 1659.718 1671.718 1761.500 1955.093 
21.375 35.906 65.781 91.406 123.312 126.062 161.781 508.750 757.625 1079.500 1195.437 1282.718 1334.843 1410.718 1577.031 1589.750 1672.875 
20.687 21.062 22.843 26.312 27.750 28.968 29.406 37.906 41.500 57.156 65.062 85.406 130.875 131.343 162.906 373.593 431.593 432.718 523.031 1047.875 1071.281 1574.937 1581.500 1672.312 1673.625 1819.406 
21.656 22.687 50.000 51.500 58.500 77.937 78.843 116.562 136.250 138.781 426.968 446.031 512.812 569.000 749.343 1064.937 1197.125 1198.781 1278.750 1334.375 1336.531 1374.125 1403.843 1646.937 1757.562 1819.875 
20.125 20.812 28.593 53.468 60.812 64.250 68.781 130.562 137.968 162.187 423.531 1087.843 1237.406 1404.625 1574.656 1583.406 1584.156 1673.718 1785.156 
27.031 38.625 62.093 69.687 73.593 124.843 160.718 161.375 186.343 429.656 510.125 511.437 757.718 1036.312 1044.375 1335.625 1344.156 1410.187 1576.406 1577.531 1641.468 1672.093 
20.343 20.843 21.062 22.593 32.375 34.343 69.593 83.562 111.093 423.750 425.031 677.593 1066.625 1068.562 1335.718 1337.687 1376.156 1413.875 1573.718 1575.187 1672.031 1723.812 
21.562 35.812 41.062 61.812 74.812 190.125 202.343 1113.500 1179.000 1335.906 1579.875 1593.687 1820.718 1841.093 
20.968 22.218 56.156 66.937 73.218 129.281 164.875 427.281 428.843 508.406 675.250 679.906 681.062 754.593 966.812 1048.187 1069.781 1575.031 1645.562 1646.375 1918.750 
21.406 21.843 49.906 62.062 74.937 75.531 161.593 162.218 198.687 380.093 429.500 431.843 515.312 667.812 679.843 756.250 778.437 1169.093 1211.250 1335.437 1337.406 1403.625 1576.125 1843.593 1903.750 2185.625 
