30.187 425.687 440.343 450.875 452.062 453.656 544.562 670.000 776.781 856.375 988.375 989.843 1029.937 1415.906 1695.593 1705.687 1767.437 1786.968 2003.375 
52.437 58.781 92.187 246.281 247.125 248.218 433.500 442.843 450.718 452.062 669.781 680.343 962.625 990.343 1254.125 1578.718 1697.468 1880.281 1881.468 
28.875 29.781 57.343 70.968 246.562 249.437 454.312 626.281 1255.281 1345.468 1382.937 1705.093 1756.968 1762.562 1880.468 1881.093 
29.281 39.312 52.562 57.375 58.062 74.750 247.718 248.656 249.343 253.812 254.625 434.281 482.343 609.593 611.312 670.343 679.062 987.156 1696.687 1880.093 
29.343 52.500 61.593 81.937 416.906 519.843 844.406 858.406 984.406 988.187 1050.156 1344.968 1418.218 1704.750 1863.812 
24.281 57.562 59.125 91.500 253.781 261.218 452.687 530.656 678.906 984.562 1244.843 
57.843 91.562 92.281 668.281 844.843 845.375 1345.343 
28.375 82.531 90.343 91.406 248.843 249.531 440.343 452.031 453.875 484.593 522.343 601.437 656.875 986.156 988.406 1041.156 1249.531 1391.718 1421.343 1697.250 1755.500 1766.500 1871.937 
49.781 54.406 58.718 69.125 79.406 98.062 248.375 255.562 417.281 418.250 440.437 451.625 452.218 453.875 650.437 669.906 702.250 844.843 857.531 988.468 1247.500 1345.343 1390.375 1569.656 1756.187 
54.218 57.375 246.406 246.875 432.187 446.843 451.968 609.843 668.906 705.593 988.750 1038.531 1703.562 
