16.625 84.906 295.562 297.875 310.125 597.281 738.187 1218.750 1222.000 1224.375 2494.281 
22.375 83.281 89.031 277.687 578.625 737.906 741.968 1094.187 2138.437 2139.343 3483.812 3592.937 
67.625 107.500 413.625 578.281 594.843 739.406 764.656 795.125 1141.281 2020.250 2335.312 3849.781 
75.906 413.406 416.843 434.968 439.968 589.968 737.187 849.468 850.062 1005.218 1220.343 2515.687 2870.843 3589.343 
84.843 496.437 600.000 741.750 811.500 1219.937 3461.500 
28.718 89.406 90.687 265.062 589.968 651.750 1217.812 3430.781 3487.312 
18.937 31.906 75.718 90.156 264.062 278.781 280.312 741.375 744.625 999.937 1217.656 1374.562 2506.062 2772.625 
19.468 25.531 116.312 277.375 413.968 414.625 578.375 738.125 1218.781 1220.125 2376.062 3125.031 3512.343 
81.093 83.500 83.968 85.843 87.781 263.375 579.625 589.406 737.156 738.812 1218.531 3598.156 3598.968 
78.312 413.593 430.937 578.750 590.468 591.500 738.125 842.218 1006.906 1217.281 3251.156 3585.593 3668.312 3670.750 3672.000 3672.843 
