32.406 36.218 126.750 128.281 198.125 559.625 560.843 570.187 723.437 849.312 951.468 1086.968 1328.093 1332.093 1486.750 1558.437 1569.343 1696.843 1874.218 1982.312 3515.781 
33.343 33.812 39.000 124.250 127.031 131.343 290.312 559.968 766.656 834.218 849.656 951.312 1328.031 1696.812 1698.343 2045.875 
33.343 33.562 36.437 44.437 123.593 124.093 127.218 196.812 266.093 562.468 858.062 1328.156 1697.468 1698.593 1988.156 
36.593 39.375 125.281 265.375 560.187 566.281 849.750 1086.312 1988.437 2048.375 2227.468 
34.125 36.125 39.437 124.781 849.375 1732.937 1988.312 
37.343 197.062 560.062 569.062 1988.250 2943.718 
32.468 33.906 39.125 560.781 
34.187 580.062 1988.125 
34.281 35.843 39.625 125.343 131.406 
33.843 127.593 569.406 
