34.718 53.250 162.156 384.625 385.281 451.656 499.625 508.937 559.531 597.531 617.593 627.968 647.812 681.906 958.343 1205.375 1213.187 1241.000 1275.312 1334.093 1357.812 1359.968 1385.062 1386.625 1852.937 1855.937 1902.218 1925.156 1932.062 1997.750 2003.031 2075.531 
-279.219 37.312 55.093 67.812 72.781 156.062 157.093 162.750 176.781 180.062 295.000 338.062 387.062 398.031 404.125 407.375 409.718 499.125 499.718 504.750 507.406 535.093 606.906 639.062 640.781 671.187 694.062 707.718 819.593 1185.937 1188.250 1196.281 1202.406 1203.781 1212.843 1228.718 1288.500 1332.625 1385.218 1397.750 1754.468 1761.593 1805.625 1814.281 1951.906 1966.500 1985.906 2007.031 2040.218 
35.062 36.718 41.375 55.968 62.187 84.343 153.625 156.250 161.187 161.656 166.343 187.906 294.125 323.687 415.156 416.093 417.750 424.781 429.406 447.468 499.093 507.718 510.093 522.031 635.718 639.968 640.656 666.968 667.812 677.437 685.812 977.375 1002.625 1088.062 1113.718 1187.843 1191.500 1193.875 1194.406 1199.843 1201.500 1212.187 1308.531 1329.937 1331.625 1346.937 1358.156 1384.156 1625.406 1632.437 1660.718 1751.281 1754.250 1754.593 1759.062 1803.406 1810.312 1889.968 1901.375 1902.343 1905.187 1915.312 1928.062 1941.625 1971.375 2065.781 2090.812 2158.562 
32.093 35.250 35.906 41.312 156.812 157.093 177.937 184.312 198.718 280.250 281.281 321.375 324.062 380.812 397.312 399.187 422.937 440.343 497.187 550.156 597.687 606.593 635.687 637.656 665.250 668.781 704.062 820.281 973.781 1102.562 1199.843 1204.968 1370.281 1627.125 1656.750 1752.000 1757.218 1781.875 1798.250 1800.875 1814.312 1839.875 1851.062 1861.031 1893.250 1899.718 1913.218 1931.656 1947.187 1997.937 2041.812 2086.625 
56.750 67.343 75.781 153.937 280.093 293.375 296.343 324.156 383.906 398.031 406.750 424.031 495.437 496.531 499.156 504.187 512.343 513.906 518.218 609.843 618.937 639.312 640.656 641.312 645.687 676.468 682.437 694.281 820.375 973.156 1197.656 1213.218 1222.593 1230.218 1240.062 1289.562 1327.250 1330.718 1352.593 1368.125 1381.531 1411.375 1624.218 1633.843 1752.812 1757.187 1759.281 1863.781 1909.125 1934.531 2014.656 2151.156 
34.718 57.312 58.718 90.062 160.343 161.156 186.968 280.250 295.562 313.031 381.593 402.562 423.500 499.000 511.406 515.250 524.187 527.031 568.250 587.250 598.812 600.500 627.937 641.031 641.562 821.625 999.875 1090.218 1213.031 1331.843 1342.375 1361.718 1363.906 1626.656 1756.375 1793.562 1817.500 1886.000 1901.937 2003.562 2075.812 2100.406 2152.531 
12.781 34.500 36.031 37.343 61.968 160.281 161.062 278.562 296.562 495.875 497.593 502.750 508.656 512.500 517.000 542.687 575.875 585.125 596.468 637.593 640.937 663.031 664.937 667.000 690.875 820.281 975.281 980.937 1096.562 1120.937 1184.000 1188.250 1201.906 1205.625 1227.406 1287.531 1290.437 1327.343 1341.562 1385.281 1753.031 1754.843 1757.093 1760.312 1844.750 1896.875 1955.437 
34.687 35.718 38.718 41.625 55.031 155.468 157.281 158.781 306.125 309.812 380.125 380.906 408.125 424.500 430.062 434.968 496.718 499.031 501.843 504.656 507.750 523.656 525.187 606.687 639.343 640.718 643.593 707.781 709.031 711.562 852.843 961.875 983.531 1089.406 1091.187 1196.687 1202.218 1220.218 1222.593 1235.281 1240.281 1294.375 1345.156 1374.625 1378.156 1754.812 1757.312 1824.718 1866.750 1886.843 1902.656 1907.468 1917.093 1947.781 1985.437 2030.281 2073.218 2095.406 
-1290.688 36.531 41.968 57.593 58.531 93.312 158.406 280.281 282.156 398.218 497.718 500.000 510.781 512.375 513.062 522.187 542.781 551.156 581.625 607.875 620.250 641.562 642.593 665.218 677.031 698.875 823.281 962.562 973.218 1202.937 1331.281 1386.250 1397.031 1611.593 1624.625 1753.281 1757.718 1797.843 1828.562 1870.468 1877.531 1914.062 1991.468 2002.562 2017.468 2087.000 
-1897.469 37.937 55.937 57.687 81.218 81.968 155.718 157.156 171.750 277.125 280.656 298.125 392.781 431.625 496.406 507.718 516.718 525.218 531.062 548.625 584.968 636.000 660.968 664.906 668.093 677.062 694.375 1088.375 1222.281 1339.000 1409.531 1628.312 1752.937 1825.093 1847.312 1856.187 1931.843 1944.781 1959.250 1967.250 1968.000 2036.000 2061.750 2071.187 
