113.093 179.437 215.968 246.937 251.031 391.750 423.781 437.906 541.781 564.968 721.281 848.343 927.656 929.281 1008.125 1124.750 1131.375 1173.343 1188.312 1333.593 1334.593 1352.125 1420.500 1442.937 1467.375 1540.593 1743.437 1779.375 1793.750 
38.093 108.750 248.687 255.093 278.593 317.218 366.281 370.875 400.343 443.656 553.468 563.906 564.562 721.625 725.125 840.687 929.968 951.093 988.218 988.781 1028.562 1035.406 1130.593 1176.781 1191.218 1341.031 1421.062 1422.843 1537.812 1538.250 1541.031 1798.593 
32.750 35.281 38.062 39.437 58.843 182.937 313.156 367.843 390.687 396.125 400.281 427.406 439.406 450.343 549.000 556.156 649.593 675.156 817.593 830.000 862.312 928.843 929.843 940.031 975.968 992.250 1010.562 1130.000 1132.937 1139.250 1176.406 1188.156 1204.718 1340.687 1424.687 1547.906 1676.781 1679.125 1742.125 1744.218 1748.750 1750.812 1784.437 1794.812 1796.843 1798.312 1809.343 
29.031 30.843 33.718 35.031 64.125 86.187 89.875 105.656 181.000 283.718 333.093 367.656 370.218 393.718 416.500 427.468 440.687 469.125 543.812 562.031 563.906 647.375 648.656 649.718 651.218 656.156 673.406 809.031 812.718 818.906 830.781 850.656 887.093 977.218 1131.250 1133.062 1160.937 1193.906 1219.750 1353.531 1536.062 1581.281 1740.250 1741.000 1784.031 1817.781 1822.718 1826.125 
52.968 115.343 184.312 185.250 187.406 215.156 227.187 242.812 261.375 273.218 373.437 384.000 393.906 404.312 442.281 552.437 651.562 665.218 741.062 837.656 847.000 928.812 930.093 931.875 947.375 951.343 954.250 1034.093 1035.343 1081.687 1130.281 1142.875 1147.218 1191.062 1214.062 1337.750 1342.343 1423.406 1426.718 1534.343 1558.656 1581.625 1590.562 1595.875 1694.625 1746.375 1748.562 1749.906 1826.125 
28.875 35.187 37.843 40.312 70.187 179.531 267.781 319.781 321.031 371.531 378.406 401.625 442.750 538.218 540.781 546.843 645.343 721.531 727.875 729.375 730.937 818.812 1036.281 1131.156 1132.812 1167.281 1218.281 1421.031 1466.125 1536.718 1541.031 1543.875 1569.343 1587.218 1642.218 1742.750 1745.593 1753.656 1781.750 
33.250 40.437 42.250 45.375 54.375 75.187 90.500 163.500 189.312 215.781 216.281 245.281 275.187 325.250 400.406 528.687 541.562 545.406 549.250 550.687 551.750 562.718 570.000 607.468 679.093 828.875 830.843 888.437 929.906 933.125 933.625 988.375 1172.156 1173.218 1175.500 1190.937 1421.500 1440.593 1468.218 1536.281 1538.000 1538.375 1742.093 1747.593 1803.531 
-1406.782 32.437 35.531 40.406 55.125 60.750 62.718 65.468 73.781 78.718 85.437 90.250 182.593 218.781 227.218 250.000 255.281 420.687 426.312 453.343 539.843 546.062 552.406 650.468 653.843 664.906 725.156 831.156 845.312 932.906 1034.468 1082.406 1130.750 1179.031 1218.406 1456.812 1463.343 1636.062 1643.656 1647.187 1741.593 1747.875 1762.531 1830.125 
29.343 38.125 41.843 78.750 100.937 102.406 104.500 184.562 188.687 194.125 306.937 332.093 368.906 394.187 440.656 453.625 473.562 541.125 550.062 550.250 553.250 555.343 562.062 649.875 652.593 658.812 815.968 856.812 929.031 937.125 1086.031 1133.468 1135.750 1155.750 1160.937 1340.312 1420.906 1421.406 1534.250 1538.375 1582.531 1589.281 1672.031 1747.250 1755.437 1778.500 1798.312 1823.031 
40.437 47.437 75.062 78.531 193.812 232.093 240.906 265.750 276.218 332.437 364.937 370.593 386.687 393.093 415.187 423.718 542.843 548.781 649.375 661.843 715.375 808.906 810.937 831.375 846.968 931.562 932.062 933.593 989.843 1010.843 1012.968 1029.093 1034.312 1130.406 1135.781 1145.218 1182.781 1191.437 1212.031 1420.562 1534.343 1541.000 1631.000 1642.281 1739.312 1743.875 1759.718 1802.125 1825.187 3819.437 
