-1929.313 65.531 97.406 331.500 437.625 440.875 493.343 494.468 612.812 940.375 960.000 1080.093 1114.500 1349.000 1430.500 1431.187 1500.937 1690.500 1720.218 1971.500 1983.218 2069.843 2142.281 2162.718 2214.093 2334.156 2349.750 2434.937 2445.687 
13.000 27.125 66.531 163.218 179.843 191.781 336.375 375.375 444.031 487.562 502.656 526.781 528.125 608.843 742.562 750.406 754.656 838.343 851.156 893.468 964.625 1211.906 1237.406 1250.500 1257.843 1261.093 1269.343 1384.343 1405.093 1651.937 1884.062 2068.031 2073.906 2133.093 2149.906 2150.750 2184.156 2195.593 2207.468 2299.875 2375.781 2378.843 2387.031 2392.593 2397.000 2457.562 
55.250 157.781 190.406 511.937 517.531 525.125 543.406 579.718 609.625 610.406 697.375 787.968 851.375 852.093 872.968 955.968 962.500 964.281 1120.437 1130.281 1213.062 1315.437 1359.000 1536.812 1544.468 1692.531 1812.687 1874.500 1954.812 2030.593 2118.500 2119.062 2129.750 2170.062 2184.531 
12.687 13.468 68.468 157.781 190.562 194.312 435.031 444.906 465.906 498.312 510.843 563.468 567.343 599.062 695.937 697.750 699.468 895.375 904.468 962.031 963.062 964.156 967.468 1076.468 1078.562 1160.187 1261.000 1321.843 1536.062 1556.187 1605.406 1649.000 1686.656 1713.218 1839.156 1912.437 1918.000 1959.187 1963.093 1971.625 1979.968 1984.093 2076.406 2137.031 2155.250 2210.656 2343.343 2357.625 2440.468 2442.718 
23.906 47.656 70.031 434.593 438.406 472.687 510.312 515.062 543.937 696.812 697.531 718.468 785.750 787.750 843.593 856.343 858.093 925.156 939.875 962.062 1075.687 1136.000 1138.937 1217.187 1253.156 1281.437 1316.875 1358.812 1365.656 1379.781 1434.156 1535.687 1537.125 1575.937 1598.500 1608.937 1616.000 1841.843 1873.250 1971.031 1989.656 2002.250 2073.656 2121.375 2134.625 2226.625 2240.375 2316.531 2326.062 2339.531 2360.593 2424.937 2434.281 2457.187 2473.843 
-1850.438 -1261.813 42.406 56.593 87.468 322.562 402.500 435.875 437.875 488.500 493.625 600.593 618.156 695.437 787.062 835.468 836.781 853.343 921.375 1065.218 1192.062 1216.156 1216.687 1222.531 1224.125 1224.906 1284.312 1322.500 1361.156 1430.000 1432.281 1444.531 1500.125 1623.593 1632.031 1644.062 1660.250 1686.281 1810.875 1822.937 1829.750 1862.343 1874.531 1918.500 1939.593 1988.968 1990.312 2032.718 2094.062 2117.812 2120.531 2145.031 2209.343 2222.468 2223.437 2357.375 2392.531 2435.125 
-1287.969 42.406 717.906 870.718 872.437 896.250 1160.187 1166.156 1315.500 1382.937 1389.562 1431.406 1467.843 1562.031 1599.968 1693.156 1698.906 1810.218 1863.500 1984.312 1985.093 2013.031 2020.593 2091.812 2094.937 2133.031 2151.250 2240.406 2294.031 2345.343 2391.906 2430.125 2462.656 3256.093 3335.812 
104.656 192.968 332.406 438.000 448.656 550.937 559.437 690.906 698.687 852.843 857.906 1103.031 1115.812 1194.156 1200.812 1212.968 1218.093 1278.687 1335.375 1336.593 1454.500 1913.156 2009.437 2068.281 2107.937 2241.468 2348.031 2411.031 
13.406 20.281 87.062 167.125 187.750 219.250 367.468 610.718 669.062 746.000 844.281 865.156 873.187 951.187 1086.875 1432.625 1501.000 1537.750 1586.125 1636.718 2095.750 2128.562 2135.718 2151.031 2163.937 2325.875 2373.187 2424.500 
-1295.938 27.093 50.937 265.218 367.593 438.000 818.843 902.437 1052.750 1077.968 1156.718 1229.093 1343.375 1360.406 1496.312 1595.000 1632.656 1889.187 1985.625 1989.656 2139.906 2168.468 2196.781 2199.250 2230.125 2242.937 2254.406 2299.343 2326.312 2333.312 2437.062 3124.250 3365.656 
