21.000 21.781 22.562 25.781 27.937 141.187 146.218 150.000 153.875 155.687 157.281 161.281 163.875 270.281 272.250 273.437 277.843 284.781 291.187 293.406 402.468 409.500 458.562 475.218 477.468 480.125 506.156 556.687 593.437 651.375 668.531 825.375 826.406 830.437 833.062 849.718 854.343 943.437 944.968 948.500 952.562 954.562 960.312 973.718 1004.000 1179.656 1186.781 1188.843 1190.281 1195.062 1230.218 1233.125 1243.968 1254.718 1291.406 1329.312 1334.343 1350.781 1487.125 1487.593 1494.156 1579.812 1583.343 1609.812 1612.156 1779.562 1828.156 1989.187 1994.687 2561.750 2564.187 3612.000 3618.125 3620.687 
21.156 22.531 23.000 23.437 27.906 30.062 139.218 144.125 153.437 154.750 157.750 160.156 179.843 180.968 236.000 276.218 278.375 282.406 372.125 396.312 398.843 407.468 410.187 474.312 479.718 525.968 559.437 662.593 674.406 824.812 827.281 829.687 832.562 843.781 949.437 950.562 953.906 963.312 970.343 974.218 1007.000 1098.968 1102.656 1109.937 1228.687 1329.375 1439.468 1444.312 1447.718 1452.468 1453.406 1579.218 1583.125 1609.812 1767.312 1779.093 1832.468 1850.312 1952.593 1954.687 1991.937 3425.718 3428.875 
45.906 144.218 148.781 152.625 155.156 157.187 159.593 163.312 182.593 270.125 274.000 275.250 276.968 321.281 362.687 365.500 400.250 404.687 407.406 453.437 455.625 457.468 460.187 560.187 653.250 668.843 677.406 824.812 826.562 828.593 851.062 950.281 952.718 957.093 965.343 1007.812 1027.781 1046.875 1105.156 1128.843 1192.093 1229.968 1232.750 1235.156 1243.718 1266.343 1330.437 1355.562 1452.687 1455.375 1493.312 1624.125 1754.656 1773.906 1829.093 1990.062 3119.531 3248.906 3684.906 
24.468 25.906 27.781 142.937 154.656 157.281 159.468 161.625 164.250 273.156 274.718 360.656 363.281 368.062 398.531 402.531 407.656 464.843 481.875 502.031 531.375 558.250 651.531 672.906 827.656 832.875 853.187 954.125 1099.625 1189.062 1194.250 1230.062 1238.906 1245.750 1260.687 1283.906 1328.093 1332.531 1334.562 1452.875 1454.000 1489.062 1582.750 1687.937 1753.343 1774.718 1797.156 1990.468 1994.187 2732.781 2771.625 2924.062 3043.593 3799.468 3800.625 3801.312 3804.437 3806.625 3970.906 
22.875 23.500 24.468 26.968 27.906 30.500 136.843 139.718 147.281 150.031 154.031 155.937 160.843 163.593 180.437 187.187 189.562 249.968 276.000 285.625 288.031 366.406 384.218 401.031 407.312 409.750 417.906 457.187 461.875 506.812 524.312 536.562 595.937 666.406 672.468 674.343 687.406 712.156 783.531 787.937 790.656 834.031 847.281 966.500 1001.625 1109.093 1192.312 1193.937 1227.656 1231.375 1242.093 1245.562 1330.593 1331.031 1334.343 1458.406 1497.281 1578.000 1585.687 1623.562 1760.031 1775.156 1778.093 1823.281 1827.437 1840.937 1849.875 1882.468 1989.031 3357.031 3372.000 
5.687 21.781 23.312 23.781 25.437 94.281 110.500 125.500 147.031 150.875 152.875 158.343 184.343 191.343 272.062 364.218 371.906 384.000 388.312 401.218 405.812 410.000 473.093 557.687 674.531 778.843 783.625 831.281 834.843 950.500 953.093 956.000 1081.500 1083.656 1098.468 1100.843 1102.937 1192.718 1225.281 1231.062 1238.687 1261.562 1285.125 1335.531 1350.406 1352.656 1363.500 1489.406 1493.000 1583.843 1588.687 1603.875 1610.093 1689.593 1752.093 1756.500 1759.750 1854.406 1989.593 2900.968 3548.500 3654.375 3657.968 3661.281 
24.656 25.687 95.937 111.562 145.531 154.531 158.218 159.812 164.843 235.937 272.218 365.375 402.281 411.312 467.906 525.468 556.625 669.312 672.062 678.250 764.500 825.406 843.968 932.437 972.375 1006.187 1130.125 1187.843 1190.843 1192.531 1242.812 1333.218 1370.968 1453.656 1562.250 1579.625 1617.437 1779.156 1807.625 1826.125 1856.906 1988.531 1991.187 2938.312 3143.437 
23.343 23.625 24.593 25.281 106.218 146.437 151.125 152.968 156.812 159.031 164.500 181.312 235.312 278.156 286.468 321.312 406.593 460.125 477.281 514.218 555.062 559.937 669.718 788.218 814.562 815.031 825.500 826.968 830.687 868.625 952.875 955.031 964.031 1005.156 1193.562 1224.406 1227.125 1230.343 1267.312 1284.250 1293.312 1333.125 1430.968 1454.906 1457.500 1461.000 1582.375 1592.000 1604.687 1617.156 1751.812 1759.187 1768.156 1846.562 1990.750 2673.968 3005.593 3238.125 3240.812 3563.218 
21.156 23.281 24.093 25.968 28.406 125.031 145.906 148.312 152.187 160.218 181.406 254.750 270.468 284.937 363.843 387.718 401.125 662.343 665.500 824.968 829.187 831.281 846.187 944.656 948.250 950.781 952.687 955.031 966.750 1098.968 1190.812 1193.375 1227.281 1229.500 1244.500 1259.375 1334.375 1361.343 1461.500 1486.156 1487.750 1488.531 1589.125 1623.937 1767.437 1851.031 2216.500 2227.312 2992.187 3586.375 3753.218 3756.468 
22.843 23.468 25.812 131.156 133.718 141.281 145.937 150.281 152.343 156.281 161.250 183.312 222.718 225.656 228.000 230.718 251.312 270.937 276.781 285.812 403.281 407.718 473.531 475.343 509.375 562.343 669.625 671.875 689.593 729.843 825.406 948.312 955.343 958.156 968.093 1100.250 1190.750 1226.656 1240.218 1330.031 1353.843 1453.500 1460.218 1486.968 1488.656 1771.812 1777.156 1990.312 3657.750 
