-1134.750 113.250 184.625 310.656 410.718 500.406 654.593 762.687 776.437 812.187 841.125 852.062 855.968 1038.031 1296.531 1566.875 1584.000 1683.593 1707.406 1836.625 1850.875 1910.062 1921.343 2067.000 2203.968 3481.000 
25.968 53.281 413.531 564.343 741.031 758.562 780.031 925.687 977.875 999.093 1117.343 1246.281 1679.843 1688.312 1707.406 1742.062 1823.406 2082.937 2096.468 2107.281 
-1918.250 490.375 498.812 740.906 751.250 774.781 826.593 1285.250 1473.406 1754.593 1835.343 1845.812 1853.062 1864.656 1910.343 2071.031 2999.218 
47.687 418.843 740.875 839.437 959.562 983.531 1209.031 1210.937 1280.468 1645.468 1674.250 1934.781 2062.468 2088.218 2117.656 
421.875 612.843 748.062 1208.750 1229.875 1395.750 1419.343 1582.281 1688.218 2004.562 2204.625 
740.875 753.593 975.718 988.656 994.625 997.375 1300.250 1740.437 1818.875 1845.781 2007.468 2283.593 
-909.469 502.218 556.125 630.937 736.875 757.250 1017.687 1029.562 1229.562 1692.312 1715.468 1832.937 1932.875 
24.406 44.250 656.718 747.718 1210.218 1215.437 1475.968 1493.656 1857.937 
-545.719 308.218 425.812 993.187 1121.875 1216.812 1318.593 1474.937 1582.531 1630.312 2111.687 2207.343 
639.875 663.093 1009.468 1210.625 1582.531 1698.312 1857.718 2221.437 3892.437 
