124.812 304.750 637.500 710.281 724.500 752.468 823.875 969.687 1107.718 1109.406 1124.031 1151.312 1195.750 1296.656 1462.531 1539.531 1586.593 1961.593 2039.656 2099.718 2223.937 2238.718 
-1158.438 447.218 640.906 880.812 883.000 886.093 901.625 957.062 1573.250 1641.437 1809.406 1819.062 1865.468 1896.281 2081.312 
31.906 60.031 141.125 732.906 793.843 1006.968 1034.187 1180.875 1344.156 1809.218 1873.031 2149.531 
73.375 307.750 442.250 795.031 933.062 1333.781 1341.937 1870.593 1965.125 1967.250 2037.718 2113.437 
535.218 815.750 850.000 981.406 1203.750 1318.156 1471.468 1634.843 2039.718 2081.031 
43.625 166.687 179.875 893.937 939.375 956.781 981.343 1165.437 1731.968 1966.218 2040.093 2150.562 2251.656 
798.593 837.031 883.750 885.906 1287.593 1371.500 1393.718 1463.812 1667.593 1747.281 1863.781 1916.625 1964.687 1969.656 2039.656 2140.968 2223.812 
31.125 71.250 618.937 798.187 941.968 952.468 956.968 1039.875 1704.531 1810.531 1966.656 2238.531 2282.281 2288.781 
27.062 663.718 1107.718 1205.093 1221.531 1290.687 1383.593 1434.906 1628.562 1641.093 1664.218 1738.906 1815.500 1851.968 1872.718 1907.562 1961.562 2254.937 2317.656 
-778.594 304.937 432.906 652.718 724.968 737.187 963.781 1152.187 1291.218 1318.656 1359.937 1564.656 1891.312 1963.625 2119.125 2258.343 2893.593 
