-1975.813 -1522.407 -1521.125 -1512.875 -1335.063 -280.938 -250.688 -169.875 35.500 113.375 114.531 213.343 428.000 567.312 609.218 678.031 721.687 753.000 907.937 1000.437 1012.562 1022.250 1056.843 1231.843 1252.781 1319.781 1439.406 1524.406 1558.843 1698.656 1798.937 1895.000 1895.531 1898.968 1900.625 2062.718 2523.375 3538.656 3770.718 
-1767.250 -878.844 -833.375 -818.157 -801.594 -785.532 -707.969 -213.594 -56.157 30.437 49.343 88.437 245.156 300.187 349.937 417.750 652.031 683.187 695.937 703.593 803.343 871.843 982.281 1016.437 1021.843 1073.031 1103.500 1144.312 1145.843 1322.718 1356.875 1522.156 1608.656 1805.500 1812.906 1841.718 1901.562 1904.000 1959.468 1989.781 2379.562 2692.593 2976.687 2992.468 3266.406 3399.562 3463.187 3699.406 3876.281 3876.968 
-1885.219 -1866.782 -1843.438 -1840.313 -1665.219 -1358.938 -1357.313 -1278.000 -813.844 -798.563 -237.000 64.593 116.406 117.218 227.468 307.312 310.468 322.687 543.812 554.062 654.906 660.656 663.031 679.625 680.812 694.343 731.562 836.000 976.562 982.312 1002.406 1059.156 1067.125 1120.468 1173.531 1249.468 1383.562 1392.156 1404.125 1460.468 1725.500 1749.156 1790.968 1948.968 1959.156 2737.156 2951.625 3283.750 3677.843 
-1814.657 -1593.282 -545.907 -251.719 -244.000 -178.000 -49.594 23.875 114.187 221.312 271.687 326.406 339.843 416.562 423.093 632.875 651.375 699.812 733.062 757.687 765.281 897.812 939.437 957.437 959.468 987.875 1053.531 1195.218 1241.656 1291.843 1447.687 1515.281 1569.875 1763.718 1778.843 1807.687 1903.906 1964.343 2293.843 2438.468 2864.656 2904.156 3012.750 3776.156 
-1630.750 -1619.875 -692.563 -674.969 -657.875 -240.125 -15.407 -14.313 84.312 216.500 222.750 340.312 411.468 454.062 589.468 624.812 660.531 734.250 766.968 883.187 983.687 1120.562 1148.218 1153.750 1198.093 1286.250 1412.312 1422.156 1429.531 1468.375 1505.187 1534.375 1535.187 1552.750 1601.906 1610.718 1654.125 1727.343 1730.750 1787.625 1813.687 1851.500 1890.843 1935.750 1978.656 2008.437 2166.843 2667.156 3081.937 3117.562 3359.093 3510.562 3553.781 
-1361.032 -1033.125 157.343 183.062 221.468 224.468 286.312 303.093 356.187 384.750 387.000 400.375 419.562 625.812 645.218 659.281 679.875 688.687 748.062 791.531 903.406 933.843 980.750 1014.625 1082.406 1157.468 1194.000 1235.250 1242.156 1247.156 1390.968 1430.312 1704.343 1776.906 1794.562 1795.843 1898.343 2401.125 2474.375 2888.375 3136.593 3163.093 
-1750.750 -881.032 -643.844 -386.875 -281.344 -271.344 27.937 50.406 52.187 89.781 91.000 121.468 178.062 362.031 422.656 665.500 702.000 720.531 1062.781 1148.250 1159.343 1162.156 1195.906 1279.218 1288.937 1348.593 1385.437 1441.281 1488.468 1512.343 1529.500 1813.812 1816.875 1909.000 1913.500 1961.562 1977.500 2162.593 
-1761.938 -1658.969 -1430.000 -761.063 -278.032 18.500 26.218 117.218 290.937 305.531 307.093 352.718 362.968 509.656 530.750 694.093 791.343 828.875 1155.125 1283.031 1327.531 1329.781 1345.375 1395.687 1404.156 1423.343 1589.437 1761.656 1899.218 3344.343 3346.750 3347.906 
-1668.594 -1493.500 -1438.782 -552.125 -438.282 -327.125 27.343 39.437 80.000 131.718 230.906 287.375 289.218 302.437 362.093 430.875 536.281 584.218 605.437 616.000 655.843 693.875 797.875 863.062 1062.375 1235.500 1528.218 1531.250 1542.781 1639.406 1733.312 1790.250 1840.718 1853.031 1962.781 1976.843 2264.281 3500.375 3834.218 3848.156 
-1737.844 -1532.344 -1389.000 -1255.688 -548.625 -479.625 -239.500 48.906 178.437 179.531 241.906 305.562 306.000 324.843 361.968 652.062 668.875 1017.218 1024.187 1114.937 1155.093 1349.125 1350.625 1397.718 1443.781 1564.125 1575.250 1689.250 1792.281 1959.187 2343.718 2712.562 3692.968 3758.843 3772.718 
