-1732.094 -1494.313 -1470.750 -531.750 -73.532 99.843 158.031 161.125 267.562 345.968 439.125 478.937 576.250 590.156 614.093 683.312 822.000 822.843 824.906 879.531 1286.156 1338.437 1386.968 1423.468 1494.812 1606.156 1797.687 1967.718 2778.312 2834.375 2897.125 3047.468 3177.562 3630.968 3848.781 
-1516.719 -565.000 -535.938 -392.375 78.750 88.468 138.031 257.406 398.125 405.000 517.500 664.093 745.187 823.062 850.750 908.125 1091.406 1150.687 1160.343 1172.062 1292.406 1343.406 1354.875 1391.281 1978.531 1983.343 2203.906 3121.687 3178.406 3784.468 3797.000 
-957.188 -176.250 -174.875 -163.438 33.218 33.593 166.125 436.437 535.875 603.781 687.843 688.656 802.906 940.750 1080.531 1332.843 1339.687 1415.500 1419.031 1604.906 1642.656 1760.250 1927.187 2028.593 2144.875 2405.468 3146.625 3464.093 3984.062 
-1851.250 -1535.094 -933.063 -627.750 -627.032 18.906 58.375 118.312 277.468 294.125 332.281 343.406 368.312 587.937 615.843 663.187 887.531 1151.843 1311.937 1317.281 1640.656 1674.406 1695.437 1763.468 1998.718 2051.750 2053.718 2082.812 3057.812 3173.375 3516.812 3664.218 3976.218 
-1935.594 -1357.875 -1355.813 -1347.875 -1051.438 -977.469 -824.719 70.125 115.000 224.218 313.750 340.156 387.093 519.812 535.312 567.593 599.218 658.937 1111.500 1332.156 1361.437 1405.656 1427.000 1707.781 1713.031 1733.718 1881.906 1969.625 2924.937 3330.968 3431.562 3516.937 3645.937 3710.625 
-1613.469 -1554.500 -1119.813 -807.375 39.687 58.718 128.718 156.375 162.562 166.812 322.281 520.968 619.968 660.562 942.781 1127.000 1154.875 1294.093 1347.187 1432.031 1495.125 1668.843 1748.593 1971.468 1974.437 2736.781 2982.812 2996.500 3564.781 
-1849.469 -1702.313 -1211.594 -1084.594 -931.532 -761.532 133.750 190.625 219.812 222.687 266.593 390.062 780.812 810.500 858.875 1112.937 1253.812 1541.937 1756.968 1845.312 1889.312 2484.062 2498.781 2796.781 3439.375 3929.593 
-1954.875 -1617.813 -1531.500 -111.563 25.500 37.968 89.250 194.250 344.812 444.625 575.312 654.750 684.343 860.562 908.843 913.750 1117.093 1154.875 1265.906 1350.906 1523.750 1566.406 1605.812 1629.781 1631.562 1702.625 2738.468 3042.375 3046.250 3680.593 
-1623.313 -909.625 -902.719 -864.219 -841.657 -819.157 -804.750 -380.000 -361.282 -186.000 28.218 34.125 71.750 80.562 105.062 126.625 166.750 201.156 339.437 435.031 856.625 1043.437 1251.500 1378.812 1605.968 1609.656 1756.843 1771.781 3102.281 3109.968 3764.750 
-864.500 -850.344 -437.938 -238.594 -105.688 124.750 153.031 181.031 224.375 299.312 340.750 435.656 573.218 853.875 868.843 1046.093 1104.281 1139.187 1162.843 1177.062 1276.375 1388.906 1437.000 1675.875 1818.937 1893.937 1969.562 1977.125 2110.968 2138.031 2966.562 3992.156 
