42.281 72.281 81.062 89.906 191.218 231.187 240.437 307.375 499.312 565.156 771.875 1090.218 1210.500 1637.031 1836.312 1922.968 
17.656 46.718 69.937 70.593 85.968 164.000 232.437 303.187 549.968 643.531 1098.187 1102.343 1860.187 1952.562 2700.625 
234.250 237.906 240.312 298.968 646.031 770.843 1925.406 3728.562 
304.562 311.500 314.500 353.000 632.468 772.562 779.937 1043.218 1185.031 
43.000 45.093 72.125 76.656 354.968 652.687 657.625 792.437 1096.500 2578.781 2941.875 
41.781 308.781 327.906 
49.593 294.125 1655.812 1694.218 
44.343 
43.281 73.218 1088.343 
240.593 1202.625 
