20.656 26.093 45.625 49.250 63.218 75.562 154.625 173.187 384.593 462.156 471.437 471.937 487.062 643.187 661.656 662.562 746.281 766.125 866.437 881.625 898.437 977.000 1034.062 1034.843 1196.312 1198.656 1252.437 1257.500 1281.781 1314.531 1499.968 1531.281 1586.562 1694.031 1695.250 1717.093 1894.187 
20.031 24.656 25.125 25.781 37.125 44.593 45.281 52.437 61.562 128.250 341.375 349.750 366.250 471.000 488.187 609.156 665.468 753.406 767.156 921.625 951.093 983.718 1033.656 1034.843 1082.843 1192.031 1194.406 1282.250 1296.062 1367.312 1372.875 1477.375 1488.156 1499.687 1501.062 1571.937 1587.687 1588.406 1694.000 1750.468 1751.437 1868.468 1964.406 
20.062 24.250 24.531 26.781 27.718 53.593 120.468 138.812 182.750 304.250 338.562 342.125 352.468 371.031 429.375 488.281 664.562 669.750 692.062 755.250 767.125 1107.031 1193.062 1252.500 1259.593 1299.781 1370.531 1420.968 1589.437 1693.968 1694.343 1717.968 1868.125 1872.843 1960.406 
19.875 20.125 44.312 49.562 69.500 182.562 214.906 337.437 471.281 609.093 664.312 669.312 747.375 755.125 816.093 862.031 864.375 864.937 922.093 983.187 1034.218 1082.937 1093.000 1115.843 1191.562 1252.437 1252.968 1281.375 1281.718 1282.125 1298.156 1313.343 1368.906 1369.500 1491.312 1492.843 1508.312 1531.156 1585.750 1693.750 1842.812 1843.843 1867.125 1895.312 
20.218 20.687 24.968 44.312 51.843 62.562 63.468 72.281 127.562 138.250 170.531 171.375 340.906 341.906 354.062 358.187 399.343 470.781 471.750 472.687 546.500 662.593 663.718 668.281 669.250 766.343 767.187 832.875 834.156 881.437 1083.687 1190.937 1198.312 1253.312 1254.468 1272.375 1273.437 1299.656 1309.562 1310.937 1314.906 1369.312 1372.875 1375.062 1390.500 1417.968 1501.156 1501.937 1507.500 1692.437 1693.000 1693.656 1706.281 1843.281 1874.218 1962.250 1964.125 1979.968 
19.812 20.281 36.093 44.000 50.000 62.093 127.437 128.437 156.343 305.812 336.656 343.125 352.437 359.718 465.593 466.718 544.312 550.187 608.843 609.562 752.625 754.000 799.531 883.125 977.312 982.468 1016.875 1082.062 1192.375 1282.093 1308.875 1335.906 1367.656 1476.031 1501.562 1588.812 1602.375 1693.531 1842.343 1948.031 1950.125 1963.750 
19.906 24.750 29.562 49.375 49.906 75.125 77.250 84.062 94.750 211.500 224.500 305.343 338.187 361.000 364.750 382.312 487.906 635.062 667.156 667.625 835.125 982.000 1033.937 1079.937 1191.406 1252.250 1281.625 1313.593 1335.843 1478.125 1502.406 1584.906 1588.781 1603.843 1693.750 1843.000 1868.062 1886.500 3318.468 
20.031 20.312 25.468 25.812 26.031 45.656 46.468 51.500 70.500 85.781 128.343 135.343 138.656 139.062 182.187 210.656 305.312 356.593 358.156 545.062 662.812 664.843 670.468 697.781 755.781 766.437 767.375 836.843 1033.375 1081.437 1082.500 1192.593 1198.593 1198.937 1260.000 1280.718 1281.437 1298.687 1370.343 1488.125 1493.500 1530.937 1753.187 1843.031 1844.312 1950.531 3164.562 
18.875 19.781 21.312 25.625 26.187 28.906 44.281 45.625 62.843 63.875 85.062 116.968 179.218 304.125 340.093 340.906 355.625 365.093 383.937 461.500 466.031 637.687 668.593 752.406 754.843 766.093 881.000 882.062 921.593 982.562 1082.062 1082.812 1089.437 1193.375 1197.593 1253.343 1258.375 1282.718 1313.187 1368.718 1501.281 1528.906 1530.250 1586.656 1589.531 1693.531 1717.093 1842.281 1952.718 
19.375 19.593 19.812 52.093 61.750 79.187 92.312 141.218 142.062 155.562 170.468 178.343 209.343 225.312 339.187 341.937 351.906 358.375 359.437 365.687 607.656 644.812 664.000 752.781 753.593 754.062 766.718 776.781 864.968 867.031 881.375 920.562 981.937 1082.843 1083.656 1115.093 1191.343 1192.093 1198.343 1251.875 1252.468 1273.187 1281.781 1315.468 1374.281 1420.375 1501.500 1693.593 1694.218 1694.875 1960.875 
