125.656 162.000 266.375 325.281 329.593 335.312 783.562 823.875 871.218 879.968 904.593 925.937 1022.718 1033.937 1271.156 1283.281 1346.968 1442.812 1459.750 1471.281 1484.625 1578.031 2828.375 2856.968 3007.000 3012.218 3016.468 3028.437 3615.406 
193.843 506.875 531.750 576.156 767.593 855.093 868.093 904.562 908.906 915.343 938.875 955.968 996.625 1040.250 1081.312 1103.843 1252.906 1327.250 1356.625 1383.218 1411.750 1504.500 1521.437 1580.468 1626.687 1767.250 1783.718 2222.593 2853.781 3034.406 3812.875 3818.406 
163.000 196.750 324.093 657.687 750.937 784.937 904.062 1004.343 1019.687 1045.750 1074.937 1462.875 1483.281 1530.500 1688.031 1730.968 1763.437 1766.812 2624.656 2648.906 2719.875 3587.187 
30.656 57.218 136.937 148.218 293.437 313.218 638.437 819.062 864.656 866.312 872.187 1053.406 1075.218 1114.531 1251.750 1577.093 2471.312 2763.562 3471.468 3668.156 3684.062 3962.656 3985.031 
61.843 262.218 475.843 504.687 512.187 536.375 579.750 820.187 900.718 917.812 943.312 1188.250 1207.781 1320.562 1447.312 1464.250 1495.125 1629.125 2731.375 2738.562 3122.187 3166.031 3277.125 3705.343 3713.437 3722.093 
67.250 275.500 647.812 745.531 817.281 857.750 941.125 1057.375 1082.375 1435.343 1452.406 1505.312 1519.593 1791.906 1991.156 2711.375 2782.968 2800.406 3505.125 
35.250 352.906 363.218 716.937 743.375 821.562 905.875 1103.250 1266.656 1352.281 1451.125 1463.062 2969.625 3032.343 3079.156 3096.843 3110.718 
222.468 312.625 399.562 407.906 558.156 874.343 1078.375 1284.656 1483.031 1589.781 2327.718 2341.437 2555.500 3367.531 
33.687 266.312 348.593 438.718 1168.375 1206.218 1229.593 2752.187 2924.406 3010.812 3153.281 
31.375 98.156 265.312 1020.718 1054.437 1070.312 1321.125 1454.531 1525.468 2590.500 2913.250 3068.812 
