35.875 43.437 58.531 65.781 71.812 83.468 97.812 104.093 111.562 115.656 136.250 159.843 197.843 208.562 226.531 333.843 441.343 446.593 461.781 494.125 507.218 739.468 744.156 751.125 758.343 989.093 1001.906 1032.593 1117.125 1185.187 1247.718 1255.718 1289.406 1372.843 1389.593 1431.031 1518.343 1694.843 1771.093 1774.375 1823.218 1857.906 2166.218 2180.062 2190.812 2196.687 2209.375 2249.343 2415.781 2631.031 3091.343 3096.656 3122.718 3545.500 3576.593 3600.781 3802.625 3840.937 3861.718 3876.437 
29.843 41.468 48.156 74.125 79.656 85.718 115.500 125.906 131.093 144.843 147.468 158.343 301.375 397.843 448.843 741.281 760.625 855.125 869.625 897.843 996.812 1017.031 1043.406 1102.468 1151.187 1171.625 1200.687 1241.750 1297.812 1369.750 1387.156 1406.500 1417.031 1593.593 1616.531 1803.562 1819.406 1846.125 1900.562 1913.625 1989.656 2969.343 2974.125 3098.500 3112.375 3295.562 3450.156 3506.250 3512.625 3520.875 3532.218 3547.250 3585.000 
50.125 68.031 72.187 83.593 90.562 98.000 110.250 132.406 142.093 147.281 157.312 161.656 164.750 168.968 267.687 307.281 310.218 314.968 434.812 437.281 445.718 509.718 566.750 643.375 648.875 677.843 758.406 771.500 1067.093 1076.281 1125.906 1137.187 1175.343 1179.562 1367.375 1405.437 1443.687 1579.718 1807.062 1815.531 1819.750 1824.687 1831.250 1908.468 1958.062 2290.312 2482.375 2487.312 2490.906 2507.625 2519.843 2526.125 2554.812 2567.687 2582.656 2599.000 2926.750 2952.531 2968.718 2993.437 2998.781 3020.187 3023.750 3040.125 3045.375 3069.125 3339.468 3356.656 3987.437 
29.218 31.656 34.781 75.437 83.750 89.937 122.750 161.031 326.406 337.031 342.718 346.500 364.281 371.875 422.437 448.812 513.750 517.343 522.000 735.500 746.093 762.062 771.281 795.750 839.906 848.062 1104.718 1126.000 1180.875 1188.187 1276.593 1303.031 1345.500 1409.000 1421.968 1446.875 1675.187 1684.187 1694.343 1844.968 1855.937 1975.656 2530.687 2543.843 2551.875 2559.250 2687.156 2699.750 2764.031 3137.093 3170.187 3233.687 3261.218 3411.937 3419.375 3446.875 3466.437 3479.343 3493.500 3581.718 3906.500 3914.281 3943.906 
37.968 53.781 68.843 133.156 137.187 149.531 158.812 165.375 169.218 203.968 238.531 241.562 254.593 434.250 450.468 456.843 497.843 507.937 529.687 577.937 648.281 737.687 1097.281 1118.750 1155.343 1196.906 1284.968 1695.062 1801.500 1822.968 1843.687 1866.750 2015.718 2378.812 2409.687 2436.593 2482.750 3064.593 3099.968 3129.000 3240.187 3243.468 3254.406 3264.812 3296.875 3317.125 3393.812 
45.500 57.250 70.062 73.781 83.281 114.531 119.593 127.500 153.937 169.687 214.250 230.406 318.968 432.531 438.500 441.906 453.406 499.031 517.687 528.000 547.562 551.625 726.968 733.218 747.562 1078.156 1088.500 1106.562 1120.562 1164.531 1177.218 1189.000 1292.937 1308.062 1326.812 1425.312 1437.468 1452.875 1518.625 1685.468 1707.500 1716.500 1721.812 1730.062 1745.343 1775.375 1796.937 1801.125 1921.531 2658.468 2661.781 2668.531 2835.062 2857.031 3171.250 3182.062 3315.156 3443.906 3853.000 3859.593 3867.843 3874.281 3882.156 3889.843 3912.750 3938.031 3942.000 
25.031 28.468 61.281 66.156 77.718 134.031 144.093 150.062 155.000 165.343 171.031 207.812 222.031 231.562 235.656 251.000 427.625 432.906 436.875 442.500 526.156 537.250 743.906 749.218 764.312 847.656 853.000 860.312 866.406 1086.593 1119.031 1127.406 1163.093 1184.968 1198.093 1204.562 1384.250 1411.062 1415.093 1418.781 1426.187 1430.500 1473.062 1731.281 1791.218 2026.406 2040.531 2615.531 2631.750 2655.843 2894.062 3145.406 3149.125 3153.000 3174.250 3181.000 3210.218 3241.156 3294.437 3308.062 3316.031 3319.156 3344.156 3359.187 3364.031 3374.875 3749.843 
48.875 60.593 70.937 76.687 94.437 120.750 130.843 146.531 207.312 218.843 243.312 250.125 254.906 431.906 509.125 514.718 533.375 563.968 748.437 760.562 771.281 850.093 1184.937 1191.968 1372.062 1417.125 1424.562 1440.500 1649.250 1826.218 1960.312 3154.843 3159.718 3206.562 3256.281 3536.593 3883.937 3937.500 
81.625 106.156 120.125 126.937 131.062 140.562 154.906 168.062 176.093 219.625 305.500 494.375 512.031 520.562 606.125 742.593 749.250 768.937 1096.531 1108.281 1120.781 1133.625 1138.843 1226.281 1405.437 1411.375 1423.093 1600.343 1654.968 1728.375 1753.187 1789.656 1822.593 1843.968 1846.687 2234.625 2267.593 2353.187 2362.031 2368.468 2429.156 2432.156 
56.625 76.625 86.031 111.250 130.343 157.750 162.218 173.062 193.781 224.343 307.406 312.031 324.437 328.125 333.718 340.656 346.593 415.906 519.156 527.937 534.562 719.250 734.937 739.875 750.250 1092.093 1112.843 1158.968 1177.937 1254.062 1290.406 1449.750 1516.750 1731.593 1795.656 1957.343 1978.781 2047.250 2389.625 2404.406 2488.812 2496.968 2843.343 2849.875 3479.343 3633.218 3637.937 
