0.375 41.687 73.062 150.031 174.343 193.031 223.218 233.375 264.031 277.468 285.656 312.406 320.062 387.625 399.812 433.562 595.187 607.375 624.125 633.937 661.125 695.875 709.500 735.843 756.906 760.906 866.250 922.218 1044.937 1087.437 1110.875 1152.656 1254.500 1267.562 1356.125 1367.718 1373.000 1377.437 1389.312 1403.968 1407.968 1414.906 1432.500 1453.187 1470.343 1598.718 1742.843 1922.125 2253.656 2292.718 2305.468 2389.218 2881.406 3153.656 3176.625 3237.781 3251.875 3300.906 3311.593 3725.250 3976.843 3995.156 
35.781 41.875 60.812 77.156 141.500 157.875 197.406 208.656 303.937 313.656 316.593 331.625 350.812 377.343 392.656 401.343 601.500 607.125 610.875 613.875 630.156 642.437 684.187 749.750 884.062 894.531 905.937 919.937 930.062 957.875 1152.468 1158.500 1215.343 1281.312 1301.281 1333.031 1343.343 1367.000 1568.468 1595.000 1608.593 1724.281 1783.375 1835.437 1907.187 1928.875 2309.781 2317.468 2325.937 2433.781 3045.312 3066.218 3080.500 3123.718 3316.875 3352.468 3493.750 3629.468 3845.718 3892.406 3907.281 3919.375 
46.937 60.593 72.843 95.187 127.500 135.750 182.968 205.968 273.812 299.718 318.250 331.281 339.625 507.125 510.906 518.343 532.062 544.812 559.812 565.687 590.656 603.187 729.187 755.531 759.250 913.656 928.500 940.562 951.531 1110.187 1124.843 1150.375 1357.156 1388.156 1581.906 1591.031 1597.687 1603.906 1609.968 1629.750 1783.187 1828.093 1899.875 1923.250 1936.218 1948.343 2293.843 2875.218 2881.968 2897.468 2922.718 2938.312 3162.187 3183.343 3188.687 3330.500 3354.468 3399.093 3416.218 3422.062 3433.625 3440.218 3867.531 3874.937 3883.937 3890.500 3905.093 
7.812 12.656 25.062 31.781 35.843 39.812 47.531 85.000 140.125 156.093 167.562 212.906 220.343 265.187 274.937 317.000 330.875 459.812 487.250 551.593 709.312 748.062 761.718 765.093 824.250 872.750 897.937 949.375 1141.250 1305.562 1370.312 1377.812 1471.250 1577.531 1591.781 1605.437 1755.062 1905.656 1928.218 1931.062 2007.281 2485.531 2516.500 2755.781 3141.718 3169.031 3270.468 3284.281 3292.093 3298.187 3305.250 3315.562 3335.562 3446.093 
15.750 39.031 43.406 49.593 156.093 167.625 274.531 284.218 312.062 315.687 340.531 382.937 386.843 403.500 538.812 567.625 600.187 623.937 651.000 675.312 874.312 1015.562 1048.625 1052.562 1105.406 1147.781 1152.687 1268.312 1363.156 1395.406 1550.625 1566.937 1591.437 1602.625 1608.687 1619.625 1649.812 1834.593 1868.656 1879.531 1894.750 1899.343 1929.968 2610.781 3027.062 3595.218 3701.062 3723.031 
47.062 69.406 88.437 157.312 168.906 195.437 241.531 275.187 278.343 315.906 321.218 472.093 522.562 546.218 563.187 570.937 597.656 755.000 765.156 778.843 813.375 1147.500 1201.031 1240.843 1255.718 1333.593 1352.468 1374.593 1386.062 1597.031 1608.250 1681.062 1737.968 1742.375 1790.968 1918.343 1938.500 1946.125 1960.843 1967.562 2274.093 2285.062 2364.625 2369.218 2377.437 2413.000 3311.062 3559.562 3573.343 3606.781 3901.312 
57.093 68.750 84.843 122.437 132.312 142.062 150.750 158.375 187.375 196.906 280.875 298.156 326.812 400.093 422.937 433.281 473.968 596.187 636.437 644.093 657.156 671.250 693.843 735.031 812.031 932.375 944.718 960.093 996.843 1018.593 1036.906 1050.843 1067.343 1272.968 1342.687 1345.031 1367.937 1377.968 1390.000 1458.687 1554.843 1584.656 1593.968 1882.937 1912.343 1930.937 1973.656 2356.031 2391.781 2406.062 2430.843 2598.812 2603.343 2613.218 3143.593 3149.750 3583.062 3985.718 
20.187 37.937 51.250 58.375 87.937 282.812 295.937 304.031 306.500 319.156 338.906 356.656 361.750 401.031 433.875 575.281 586.625 750.218 755.218 770.968 881.843 962.031 1007.093 1142.125 1150.781 1261.718 1278.812 1358.343 1363.750 1372.531 1406.437 1425.031 1570.343 1591.562 1603.468 1738.968 1927.031 2226.406 2336.500 2414.406 2437.968 2480.093 2492.968 2657.343 2989.812 2995.468 3003.750 3024.406 3210.406 3220.000 3467.000 3472.781 3500.843 3519.250 3803.750 3860.968 3879.812 3907.687 3916.281 3920.531 3961.500 3965.093 3970.000 
3.187 10.781 14.750 55.031 60.375 89.937 151.218 269.687 282.937 293.750 301.187 309.406 327.093 544.093 548.656 600.937 618.062 624.531 638.875 645.125 652.343 663.281 675.781 750.875 760.625 769.500 864.312 996.781 1012.093 1107.281 1155.531 1228.625 1272.625 1282.437 1334.875 1356.625 1418.812 1535.656 1556.968 1625.843 1776.875 1781.187 1875.593 1896.093 1962.468 2210.312 2355.625 2379.281 2384.125 2735.281 2752.968 2772.656 2787.968 2963.218 3026.593 3212.843 3350.000 3569.531 3587.500 3649.531 3656.093 3672.218 3750.468 3808.625 
39.343 44.812 76.687 196.437 199.656 207.281 281.343 288.843 294.281 303.718 336.593 395.250 401.625 508.406 599.812 605.812 625.281 643.468 689.062 742.218 758.875 781.500 812.750 846.750 862.968 1062.593 1067.437 1073.343 1134.750 1141.937 1315.968 1342.343 1389.250 1394.718 1567.625 1578.156 1589.468 1605.218 1654.343 1775.312 1792.531 1829.500 1917.468 1926.156 1939.312 2064.968 2442.656 2459.843 2490.125 2710.343 3458.031 3478.406 3834.156 3841.687 3859.218 3870.406 3880.500 
