116.968 126.093 137.968 144.937 155.437 159.875 162.250 171.906 187.468 198.312 214.906 230.125 238.500 251.062 344.781 357.468 387.375 462.687 479.156 501.687 518.500 533.281 571.250 655.531 676.312 680.437 717.687 729.000 736.468 746.156 749.468 753.968 764.750 819.468 883.093 956.218 972.125 1051.156 1057.125 1069.687 1075.843 1079.781 1085.656 1104.718 1110.218 1272.531 1480.750 1489.812 1494.437 1503.250 1520.343 1540.031 1543.843 1560.406 1682.187 1696.406 1701.781 1708.031 1717.375 1745.031 1770.968 1833.000 1840.406 1849.000 1951.937 2011.250 2015.062 2074.000 2144.375 2201.093 2211.656 2221.187 2224.937 2244.500 2391.531 2408.093 2414.343 2423.218 2434.031 2449.125 2456.031 2525.312 3057.312 3074.781 3091.343 3098.812 3106.281 3127.500 3133.937 3160.843 3165.281 3169.093 3464.906 3478.062 3484.281 3493.250 3497.218 3509.500 3520.656 3543.187 3581.750 3701.000 3801.937 3840.937 3843.125 3851.218 3866.125 
77.375 114.312 136.718 174.718 178.500 188.468 237.187 386.812 402.093 404.906 408.156 413.281 422.375 487.750 492.125 530.500 546.062 550.843 555.343 559.593 562.093 566.875 621.281 717.406 747.312 752.156 890.343 905.218 951.468 961.156 997.687 1000.531 1002.843 1020.812 1025.437 1029.625 1039.625 1052.375 1063.843 1070.437 1081.937 1109.437 1564.968 1603.593 1611.750 1616.375 1645.937 1655.062 1680.625 1794.750 1873.187 2012.218 2027.687 2475.375 2484.718 2494.750 2498.750 2503.781 2792.812 2798.437 2940.187 3172.531 3179.843 3288.062 3294.156 3300.500 3556.093 3570.343 3573.343 3609.000 
121.656 134.250 146.062 150.812 166.906 184.437 188.031 206.968 232.000 238.312 252.468 327.906 331.156 339.187 356.562 510.562 524.250 551.468 552.562 557.468 560.250 574.250 593.531 606.062 631.968 647.593 665.968 678.156 791.750 797.312 804.312 949.687 954.625 1021.781 1061.906 1066.468 1078.062 1085.000 1307.625 1470.312 1494.937 1574.968 1583.250 1695.968 1712.437 1740.343 1841.156 1855.625 1863.281 1874.062 1990.656 2191.781 2613.281 2950.218 2958.062 2961.218 2977.781 2983.406 2985.531 3197.343 3210.750 3218.718 3225.531 3242.781 3270.750 3400.562 3434.000 3443.343 3447.281 3457.812 3468.562 3493.687 
112.656 122.437 132.687 359.093 366.062 376.656 383.656 398.500 411.156 417.218 428.468 455.562 602.187 707.281 720.500 745.437 776.281 787.406 789.250 802.812 954.343 987.718 1037.437 1096.468 1303.312 1357.500 1464.875 1699.718 1750.218 1762.531 1768.750 1794.406 1809.281 1814.812 1853.468 1865.500 1987.343 1993.875 1998.312 2007.156 2448.437 2502.875 2782.250 2783.000 2831.937 2863.062 2867.562 2870.218 2966.281 2986.906 3375.875 3421.218 3429.531 3501.312 3522.250 3529.187 3539.750 3571.843 3623.812 3637.968 3749.843 3754.656 
152.500 180.031 188.406 196.156 213.031 363.000 386.593 431.843 450.906 465.656 491.718 506.875 515.062 569.500 765.093 826.906 958.656 970.781 1022.656 1039.718 1051.187 1062.500 1075.718 1126.250 1155.781 1412.937 1547.593 1581.250 1716.437 1746.250 1869.562 1987.250 1995.156 2003.343 2017.250 2137.000 2516.437 2648.125 2814.156 2994.031 3089.468 3148.218 3154.406 3178.281 3278.750 3895.406 3905.531 3937.625 
103.187 121.843 137.312 145.406 169.250 177.906 289.468 454.312 518.468 527.781 565.875 618.750 926.000 965.625 1094.187 1174.937 1425.000 1702.156 1714.218 1728.437 2785.343 3823.656 3971.500 
135.468 251.781 337.156 347.218 425.406 627.937 896.625 1060.750 1068.718 1089.093 1149.218 1552.781 1562.406 1584.625 1643.593 1983.500 2029.843 2489.812 2997.718 3023.781 3037.156 3048.437 3077.906 3098.781 3104.031 3117.187 3150.875 3164.156 3671.218 3755.250 3823.562 3832.187 3880.531 
158.000 161.875 174.906 191.468 194.562 212.062 220.656 232.218 283.750 413.750 420.687 441.468 447.312 454.031 475.718 482.718 488.593 506.343 522.843 549.375 557.750 702.875 708.531 725.531 750.281 783.843 799.093 957.406 978.312 991.281 1007.593 1028.625 1070.781 1291.000 1620.468 1628.250 1707.468 1711.375 1830.437 1841.000 1870.906 1999.656 2163.125 2176.531 2655.968 2663.562 2673.625 2684.250 2706.312 2733.593 2759.218 3194.562 3650.812 3662.625 3716.312 3756.406 3784.937 3818.250 3901.687 
9.375 167.500 178.937 228.281 231.156 249.625 393.875 417.625 425.343 435.531 452.406 457.406 466.468 476.187 478.593 483.781 514.562 634.968 751.843 816.843 837.968 841.687 955.000 962.531 966.781 1097.843 1191.281 1202.125 1292.312 1612.531 1641.531 1681.000 1784.187 1788.687 1851.687 1969.187 2001.968 2637.750 2649.406 2675.906 2684.156 2694.156 2697.562 2711.187 3018.843 3029.656 3047.062 3058.406 3065.500 3073.750 3082.625 3727.406 
94.437 103.031 112.375 116.656 120.625 128.093 142.781 148.593 162.593 200.187 231.593 239.000 258.312 282.937 398.000 409.906 418.593 436.718 458.437 518.812 571.125 708.281 727.937 735.156 811.218 850.718 888.906 1039.750 1053.562 1288.281 1473.156 1495.375 1528.750 1558.125 1650.093 1673.968 1710.125 1998.156 2587.375 2600.656 3145.218 3356.875 3376.656 3399.968 3655.593 3707.625 
