46.906 56.156 60.687 64.187 69.968 75.937 81.031 83.281 93.218 103.218 105.312 110.187 115.406 136.781 168.250 243.375 259.031 274.281 296.781 308.281 311.875 384.687 394.812 397.281 415.937 425.593 436.187 619.937 629.062 646.781 653.250 657.437 698.937 711.843 775.468 782.312 793.968 970.656 1005.375 1010.343 1023.968 1031.812 1043.687 1150.437 1163.375 1176.343 1179.343 1208.875 1217.468 1222.250 1227.875 1354.625 1374.125 1389.656 1408.875 1412.812 1663.531 1679.093 1682.531 1688.375 1695.156 1970.687 2268.625 2275.562 2302.250 2406.531 2412.968 2416.968 2427.406 2429.031 2441.593 2460.343 2488.656 2496.312 2726.343 2818.625 2829.250 2850.468 2857.062 2876.750 2881.562 3436.468 3444.000 3450.281 3458.281 3475.531 3484.093 3490.562 3511.437 3520.062 3667.343 3694.375 3711.656 3939.250 3948.968 3959.531 
58.500 67.531 85.312 100.468 102.843 106.875 140.468 148.218 153.937 158.406 171.187 202.375 231.875 238.937 370.468 381.437 386.500 391.687 412.218 417.031 445.218 491.531 513.500 559.218 623.750 628.625 642.281 661.625 680.250 830.781 942.531 956.843 963.468 1025.406 1230.937 1243.625 1266.250 1480.468 1541.625 1586.218 1592.218 1654.406 1658.125 1679.125 1705.656 1712.531 1730.718 1743.500 1773.375 1896.500 1906.218 2093.156 2101.000 2105.093 2112.531 2114.625 2708.281 2709.218 2714.968 2803.812 2807.218 2830.218 3394.156 3396.906 3409.343 3416.312 3427.375 3433.468 3441.750 3481.906 3505.843 3510.437 3514.031 3518.156 3544.093 3557.031 3563.687 3761.906 3764.625 3801.593 3811.218 3821.625 3845.781 3861.375 
3.281 7.031 16.687 41.843 53.125 56.781 59.875 72.281 86.625 91.187 96.187 106.687 113.187 121.906 129.906 147.937 259.625 274.218 287.156 293.125 311.750 398.437 413.250 450.718 463.843 485.093 509.906 580.218 659.062 666.125 931.281 1044.062 1066.593 1109.375 1125.875 1146.312 1162.468 1393.031 1411.156 1537.812 1550.781 1566.656 1578.281 1583.250 1614.781 1836.093 1846.500 1929.250 1934.656 2143.406 2174.125 2182.812 2197.562 2246.312 2752.093 2832.000 2860.093 2889.375 2916.562 2920.843 2937.500 2947.843 2956.593 2962.437 2969.968 2978.125 2980.281 2985.781 3016.187 3023.281 3032.531 3059.968 3065.937 3089.281 3128.000 3339.937 3425.750 3503.531 3836.375 3858.968 3866.812 3907.250 
68.781 74.156 82.781 90.156 91.093 112.031 114.500 121.718 147.781 175.375 211.812 243.312 250.281 274.906 298.750 310.250 391.937 397.531 415.156 446.156 451.906 458.625 480.000 508.593 633.062 659.406 673.125 718.468 829.718 876.406 962.625 970.062 978.437 1171.156 1181.875 1250.312 1268.843 1487.406 1520.218 1534.437 1540.093 1729.375 1729.593 1756.062 1757.031 1897.281 2080.031 2500.937 2583.843 2587.562 2608.312 2616.781 2620.031 2631.968 2650.875 2664.031 3095.812 3109.187 3158.875 3162.437 3172.187 3468.312 3481.687 3488.937 3492.187 3594.156 3982.937 
117.187 130.093 158.937 172.281 198.281 282.468 534.875 555.437 561.031 626.562 648.875 702.687 967.656 969.500 977.062 1206.093 1208.281 1335.843 1604.562 1813.031 1881.250 2618.812 2623.625 2636.750 2643.906 2651.468 3103.843 3141.843 3293.218 3602.968 3670.531 3687.156 
51.343 70.906 84.500 87.343 103.500 109.312 325.187 383.562 388.781 400.281 692.687 700.093 711.843 1567.656 1584.375 1674.250 1732.750 2090.031 2176.718 2458.250 2478.593 2479.218 2497.281 2994.187 3124.281 3141.562 3149.593 3226.437 3631.312 3651.156 3682.468 3797.593 3981.093 3997.343 
99.906 112.187 120.843 153.968 175.468 198.562 370.562 397.062 468.781 616.000 677.625 793.250 839.875 930.531 1117.437 1136.781 1148.812 1171.875 1339.312 1410.968 1500.656 1525.875 1558.812 1614.187 1780.375 1805.812 1888.812 1918.500 1945.656 1952.281 2573.062 2599.593 2616.843 2719.250 2758.843 2786.312 2797.718 2841.500 2844.843 2848.218 2876.156 2894.781 3747.375 3763.937 3774.468 3783.062 3872.000 
71.062 76.437 114.250 121.218 127.750 134.312 143.625 153.593 170.843 240.906 259.812 305.375 336.781 385.156 401.656 435.031 763.343 959.000 1056.968 1117.218 1341.718 1351.125 1364.500 1372.750 1423.218 1563.125 1575.437 1592.281 1599.406 1674.843 1721.812 1749.812 2279.250 2620.500 2660.312 2805.625 2842.718 3966.375 3984.187 
2.031 12.468 20.250 32.031 51.937 61.343 86.968 102.687 111.125 123.906 134.875 147.750 275.250 302.718 329.656 396.562 625.750 642.718 705.500 731.687 759.875 822.562 826.656 871.031 1116.062 1147.781 1318.156 1335.718 1343.718 1349.062 1353.625 1604.593 1656.062 1789.312 1807.093 1897.156 2070.500 2345.562 2365.250 2374.343 2381.750 2398.500 2429.156 2911.625 3210.218 3244.812 3769.843 3837.656 3841.718 3857.031 3873.125 3884.218 3889.031 3952.125 
101.843 104.593 118.375 125.656 140.343 145.843 151.000 154.562 239.250 241.437 246.375 314.125 538.843 642.343 671.656 717.187 827.281 1115.375 1186.187 1351.250 1359.125 1539.062 1552.156 1594.687 1805.968 2150.593 2634.437 2640.562 2700.687 2716.500 2871.687 2903.468 3376.625 3527.218 3572.375 
