0.593 8.968 15.406 25.437 29.562 33.281 47.781 52.750 60.125 91.593 109.343 112.968 120.031 125.906 127.750 134.687 137.218 168.218 180.656 194.406 225.906 248.312 258.312 259.593 313.406 345.906 349.406 351.375 383.906 438.343 448.250 461.906 464.750 481.718 506.093 542.000 546.031 574.156 595.156 665.843 732.937 772.343 804.531 826.625 907.531 1048.250 1129.062 1147.812 1167.656 1195.406 1199.281 1203.093 1219.500 1233.593 1259.031 1269.781 1301.281 1331.531 1337.968 1379.531 1396.156 1412.031 1413.125 1421.875 1495.281 1662.843 1669.281 1673.812 1697.531 1707.156 1882.531 1889.062 1891.218 1914.250 1957.125 2477.593 2494.000 2501.343 2507.875 2516.875 2533.125 2556.531 2656.218 2660.093 3026.937 3056.343 3057.375 3072.343 3082.656 3086.406 3154.875 3180.937 3191.343 3197.375 3206.343 3221.812 3228.343 3235.593 3265.531 3696.875 3727.125 3735.656 3795.968 3876.843 3888.937 3987.781 
133.562 144.031 150.218 161.750 172.937 180.593 195.000 215.937 225.343 236.468 249.218 255.906 265.437 270.156 292.781 315.437 335.031 347.093 370.843 446.843 466.156 533.656 535.250 539.093 552.843 568.781 577.156 582.562 584.343 589.906 590.218 665.625 713.500 741.250 762.375 781.531 795.218 804.968 843.406 958.531 997.500 1018.156 1022.343 1082.437 1115.500 1135.781 1300.531 1301.781 1319.093 1359.500 1400.500 1406.000 1558.218 1577.125 1580.562 1587.875 1746.218 1849.968 1869.562 1891.281 1919.343 2076.375 2191.625 2553.937 2555.156 2568.562 2583.093 2590.718 2605.656 2620.687 2627.343 2634.031 2647.656 2682.656 2987.281 3007.375 3014.687 3028.062 3031.281 3088.562 3127.406 3138.562 3143.250 3166.093 3180.906 3201.531 3525.250 3531.156 3535.000 3801.406 3804.437 3807.875 3822.781 3832.906 3836.156 3839.562 3853.687 3858.593 3894.781 
68.937 108.968 119.500 122.437 125.406 157.281 181.187 192.187 219.625 313.500 326.968 335.718 339.531 351.218 356.312 362.250 443.781 451.093 465.375 546.312 548.468 561.843 729.593 750.156 766.593 777.000 787.375 801.031 804.531 811.187 835.281 914.406 919.812 1110.781 1243.156 1249.406 1254.250 1264.562 1278.781 1281.812 1287.156 1379.281 1391.562 1422.156 1493.312 1535.531 1578.843 1658.281 1689.312 1697.468 1712.000 1832.906 1886.593 1917.156 1926.500 1981.000 1999.156 2307.375 2314.093 2408.281 2464.750 2719.625 2739.156 2764.437 2784.531 2817.031 2992.500 3052.375 3460.687 3493.031 3669.250 3701.000 3704.312 3708.031 3778.843 3786.250 3797.656 
1.812 9.656 22.125 30.500 33.437 140.250 152.187 166.750 195.562 203.156 211.250 313.593 326.656 329.343 403.093 432.250 450.125 467.156 474.437 547.812 559.875 563.875 571.093 580.781 596.500 781.187 792.250 965.000 990.156 1008.968 1024.968 1079.906 1110.875 1152.250 1201.375 1278.000 1285.718 1324.437 1365.781 1377.125 1531.656 1559.687 1581.343 1592.218 1656.312 1683.343 2106.812 2176.281 2193.625 2456.500 2470.468 2476.625 2730.093 2762.406 2997.125 3019.031 3034.375 3058.875 3602.000 3604.656 3611.125 3627.343 
120.093 128.750 145.656 246.937 254.281 310.000 358.406 443.000 475.843 478.687 497.343 574.968 586.500 624.125 659.156 667.218 803.406 908.906 954.156 957.031 1244.562 1253.781 1334.281 1525.625 1549.500 1581.343 1591.125 1850.937 1875.187 1882.062 2839.718 2870.218 2886.593 3334.812 3426.281 3456.593 3497.062 3712.031 3718.937 3752.093 3930.437 3976.093 
20.000 27.062 48.062 65.375 187.656 195.000 207.687 243.343 287.625 404.187 450.812 458.937 471.843 549.906 580.968 590.437 665.718 714.687 1001.062 1288.593 1316.625 1329.468 1336.218 1403.625 1410.718 1415.562 1652.656 1760.937 1771.562 1872.281 2176.531 2184.750 3775.187 
136.093 159.531 177.312 226.750 252.281 353.093 373.062 522.187 533.437 789.250 931.468 975.687 1017.875 1135.375 1196.531 1324.906 1356.500 1526.875 1542.093 1584.468 1896.125 2250.968 3091.500 3101.437 3259.312 3537.812 3601.781 3622.156 3639.812 3960.531 
127.968 142.875 152.906 176.500 187.281 250.406 257.781 448.468 544.000 549.937 588.968 675.968 706.000 945.375 1018.031 1058.968 1150.343 1257.031 1298.968 1328.531 1502.593 1527.562 1535.750 1545.968 1596.093 1659.406 1667.812 1685.843 1880.187 2081.500 2475.187 2665.843 3381.531 3391.468 3558.281 
75.718 88.093 115.218 123.406 133.812 141.968 152.437 163.156 233.031 241.250 285.937 318.375 339.843 356.750 367.406 473.562 532.406 556.062 743.437 754.625 777.031 824.281 1054.593 1091.812 1130.031 1243.406 1257.968 1277.250 1286.750 1296.718 1313.781 1316.093 1342.281 1380.031 1535.312 1569.531 1591.656 1655.343 1756.468 2008.156 2019.343 2036.875 2130.500 2150.250 2228.937 2239.562 2277.656 2303.281 2535.875 2581.625 2609.125 3095.406 3105.218 3193.125 3428.750 3442.781 3516.468 3588.562 3961.343 
46.843 63.687 137.281 159.218 166.781 179.468 185.593 192.156 217.718 334.437 346.687 447.437 473.875 500.093 575.937 719.406 744.468 907.281 1292.000 1324.500 1386.812 1528.000 1531.562 1651.718 1664.562 1699.875 1841.656 1851.812 1858.812 2154.593 2372.406 2544.312 2554.937 2559.656 2579.250 2595.250 2777.906 2793.906 3005.031 3149.031 3593.875 3705.531 3843.062 
