132.156 315.437 377.593 538.000 776.125 790.531 791.593 986.906 1032.406 1174.250 1375.187 1381.125 1391.812 1393.218 1397.406 1411.593 1417.031 1418.281 1773.687 1785.687 1939.906 1973.156 
115.312 173.375 309.156 363.281 378.375 379.625 382.000 382.656 400.531 672.000 782.718 799.531 1043.687 1242.937 1378.843 1399.718 1404.843 1407.968 1410.125 1425.375 1818.250 1933.937 1962.812 
187.281 284.593 302.156 384.062 474.937 784.000 789.656 792.375 812.843 1033.250 1139.468 1156.218 1362.843 1379.843 1383.250 1386.000 1389.031 1391.031 1397.468 1399.187 1415.250 1423.281 1430.062 1663.906 1803.250 1823.968 
150.375 181.750 370.500 384.812 456.218 537.781 567.906 755.250 800.250 1005.750 1020.093 1239.750 1367.906 1394.750 1399.718 1405.406 1410.812 1658.593 1810.968 1822.125 1928.687 1938.906 1950.625 1982.281 
164.281 175.250 215.312 286.468 380.843 544.218 552.343 559.843 675.343 775.750 808.781 1004.875 1015.843 1162.375 1350.125 1376.500 1412.687 1417.187 1828.375 1948.031 
377.437 390.531 459.093 520.718 756.937 787.562 811.750 826.937 837.312 988.062 1014.468 1017.187 1160.187 1362.562 1367.531 1394.718 1399.718 1404.031 1409.687 1418.156 1441.031 1778.312 1821.656 1910.875 1961.281 
133.343 160.968 374.531 391.218 394.218 451.531 462.375 476.531 477.281 550.812 677.093 839.125 923.031 948.812 1017.781 1022.468 1364.375 1365.843 1389.562 1395.343 1407.625 1413.968 1421.218 1424.406 1449.093 1825.281 1905.218 1982.187 
85.875 152.218 174.968 378.500 379.562 471.156 506.062 544.437 555.781 643.812 1034.468 1386.000 1397.218 1400.218 1403.500 1414.500 1434.218 1793.406 1826.437 1935.031 1935.781 1936.562 1991.250 
187.468 386.937 492.375 505.718 792.343 793.312 795.656 1020.843 1035.218 1040.218 1041.593 1184.687 1238.968 1244.500 1370.906 1383.187 1387.343 1394.687 1396.625 1397.125 1405.781 1414.218 1432.750 1439.687 1792.562 1989.000 
169.062 170.125 194.218 371.468 462.218 488.312 505.437 545.343 555.468 792.187 799.718 814.875 1002.593 1006.250 1014.937 1021.062 1022.875 1220.406 1355.093 1362.593 1366.718 1379.843 1385.187 1390.968 1397.062 1427.031 1740.750 1773.687 1984.625 
