28.843 59.281 97.218 153.656 249.062 399.718 557.281 649.968 760.500 815.718 895.562 956.000 989.250 1048.937 1135.406 1217.031 1226.781 1329.437 1344.250 1370.406 1444.125 1485.781 1591.781 1606.187 1664.375 1900.937 2078.062 2304.500 2337.906 2372.718 2862.593 3194.812 3378.562 
28.062 106.468 253.843 391.375 830.000 924.218 958.562 1170.437 1236.375 1328.562 1330.250 1405.812 1510.531 1560.781 1590.156 1658.187 1690.187 1802.875 2024.906 2173.531 2174.843 2314.718 2356.781 2559.812 3206.031 
60.968 191.750 249.562 273.437 386.531 414.281 570.562 755.312 762.187 791.562 957.093 1031.250 1160.031 1172.468 1183.875 1244.375 1342.343 1507.625 1558.218 1595.750 1616.500 1653.875 1991.500 2102.000 2130.625 2179.718 2389.562 3034.812 3469.343 3578.687 3799.437 3811.000 
29.437 235.250 282.843 383.781 412.812 468.937 539.187 563.812 600.093 930.281 963.593 1060.406 1170.750 1250.750 1321.906 1544.468 1579.906 1693.500 2289.218 2355.718 2388.437 2845.093 3235.062 
30.687 107.781 151.125 572.375 809.031 854.625 927.281 1026.281 1050.843 1148.281 1350.218 1424.781 1553.906 1574.375 1601.906 1809.812 2134.937 2175.281 2195.125 2197.000 2317.656 
33.312 133.968 194.000 252.343 396.250 604.156 681.437 753.781 793.968 915.218 974.812 994.250 1064.875 1157.656 1196.375 1232.750 1329.000 1452.656 1489.500 1558.406 1589.625 1615.468 1795.531 1905.281 2021.937 2107.937 2360.531 2973.812 3809.562 
105.468 261.312 311.468 384.406 769.406 841.593 915.531 992.968 1194.218 1237.187 1381.187 1507.062 1560.812 1594.687 1802.531 1911.343 2160.593 2314.687 2807.093 3276.062 3684.750 3983.437 
96.562 107.093 260.187 786.218 829.250 985.187 992.343 1080.531 1554.093 1580.468 1620.781 1669.687 1977.843 2033.062 2153.000 2326.187 2675.906 2858.531 2950.218 3046.031 3596.562 3965.562 
29.375 108.343 145.437 279.875 549.562 748.750 767.187 944.500 1052.062 1166.375 1194.468 1339.343 1372.437 1466.687 1486.750 1548.750 1928.593 1995.781 2134.187 2193.343 2358.937 2384.687 
55.968 104.156 106.375 248.968 381.500 417.843 553.218 597.968 666.812 765.406 788.906 941.093 1022.406 1210.000 1330.781 1357.125 1491.750 1554.500 1567.281 1645.312 2049.562 2175.593 2290.968 2342.437 2600.187 2783.437 2882.218 
