45.093 56.031 81.593 206.781 354.718 486.906 522.562 642.531 1035.656 1109.843 1212.562 1242.375 1300.156 1379.437 1432.718 1481.281 1519.343 1664.968 1683.468 1952.187 2062.187 2107.781 2144.906 2178.000 2192.843 2355.500 2384.375 2414.687 2725.343 3054.187 3398.562 
34.968 49.375 79.125 100.156 156.906 352.281 500.250 546.250 637.968 701.125 790.312 840.718 1094.656 1389.218 1428.250 1460.906 1505.687 1692.187 1942.343 2002.125 2103.343 2178.187 2189.406 2316.937 2321.406 2353.750 2387.031 2444.000 3052.812 3216.375 3262.625 3514.468 
72.687 81.468 83.218 202.500 221.718 227.968 259.281 355.906 538.906 676.250 799.625 860.531 926.812 1023.718 1117.812 1137.812 1172.281 1222.625 1403.968 1460.218 1495.531 1537.125 1666.937 1812.000 1953.437 2057.750 2215.343 2338.937 2402.781 
41.500 56.156 82.937 179.437 225.468 244.156 272.218 362.875 477.281 626.812 656.250 824.968 877.812 966.312 1118.812 1216.531 1244.906 1296.343 1387.906 1427.937 1447.281 1480.218 1664.000 1837.406 2016.062 2091.062 2305.750 2324.062 2354.593 2404.031 2882.375 3387.375 3891.937 
81.968 132.156 152.250 227.593 270.000 357.781 421.250 483.531 505.187 543.593 636.656 655.000 780.125 871.750 941.093 1013.218 1075.468 1193.562 1212.875 1280.718 1373.656 1379.468 1399.312 1444.562 1477.093 1501.343 1681.906 1735.937 1769.812 1893.125 2190.000 2328.125 2355.468 2384.343 2420.500 2497.906 2862.656 3274.531 3358.156 3867.218 3890.687 3945.156 
28.437 53.062 56.625 215.000 261.625 493.906 559.031 716.718 846.250 866.406 879.812 928.968 945.156 1018.656 1049.312 1191.187 1223.906 1371.937 1390.812 1493.437 1544.843 1721.156 1850.187 2131.281 2151.187 2251.656 2293.250 2358.562 2391.187 3158.562 3329.593 3588.656 3947.906 
80.656 122.906 145.750 362.687 485.031 628.468 892.468 921.593 1037.906 1126.531 1175.125 1225.593 1333.718 1435.000 1458.531 1499.406 1953.468 2067.750 2378.531 2410.125 2750.812 2959.593 3168.593 3351.343 3823.312 3960.937 
43.812 49.468 55.812 78.375 118.312 205.000 261.937 317.406 349.437 434.656 487.406 569.281 634.406 786.031 876.156 1094.000 1118.125 1171.187 1226.562 1280.406 1365.187 1423.031 1453.687 1494.156 1574.156 1660.906 1683.250 1868.312 1967.375 2077.937 2118.250 2320.187 2339.343 2365.812 2400.281 2430.593 2463.500 3026.718 3120.656 3735.406 
27.343 81.312 211.812 218.593 499.500 558.906 655.312 715.375 784.281 942.812 1010.343 1025.562 1051.062 1118.062 1174.593 1219.218 1377.843 1403.968 1428.343 1440.062 1467.250 1486.000 1494.156 1513.093 1671.375 2188.375 2291.437 2329.562 2382.218 2419.218 2436.906 3157.656 3802.062 
33.093 101.843 103.093 174.718 210.343 342.593 469.843 536.968 637.218 805.156 876.718 1175.312 1268.718 1345.250 1392.625 1394.875 1405.718 1449.000 1496.156 1663.218 1824.656 2036.937 2115.687 2197.812 2286.812 2377.093 2392.062 2431.312 2862.406 3190.812 
