27.281 42.468 89.031 120.625 369.500 404.125 583.031 598.531 652.000 685.312 743.312 956.968 1152.625 1245.500 1379.656 1520.781 1571.000 1666.218 1874.593 2238.062 2286.031 2501.218 2687.906 3016.937 3314.500 
28.343 88.218 113.812 179.062 323.531 370.187 436.343 677.531 711.000 838.375 944.250 1008.343 1186.656 1213.281 1369.250 1663.906 1791.687 1813.500 1836.687 2019.500 2262.062 2285.250 2409.968 2783.937 3132.375 3963.687 
29.906 74.781 117.156 206.000 601.312 689.343 763.812 940.656 1113.437 1175.093 1211.375 1270.218 1346.000 1513.812 1552.968 1683.875 1770.937 1828.093 2038.093 2175.156 2349.343 2534.625 2645.125 2751.750 3148.531 
43.218 71.687 74.156 108.468 134.968 191.812 194.187 466.656 566.468 596.718 871.812 930.406 1115.562 1139.781 1157.687 1318.000 1441.750 1645.625 1799.906 1806.968 2023.031 2278.062 2306.375 2337.375 2827.031 3026.531 3306.906 3738.843 
44.656 73.250 89.156 110.562 324.906 431.312 678.968 781.343 941.406 1127.312 1162.875 1257.531 1316.937 1498.343 1514.781 1651.968 1663.187 2194.000 2237.687 2405.656 2508.343 3077.968 3227.125 3664.531 
17.656 40.156 124.375 194.000 270.406 327.718 367.468 444.312 501.812 541.968 555.406 590.437 716.812 933.093 1058.312 1076.031 1139.093 1157.437 1179.406 1554.312 1644.812 1797.343 1870.125 2015.531 2021.156 2210.156 2239.062 2302.218 2522.531 3086.718 3267.093 3391.937 3616.656 
29.906 123.968 358.156 455.375 699.968 729.125 930.750 976.000 1004.437 1196.125 1236.437 1594.031 1740.031 2046.375 2124.656 2219.812 2281.437 2496.562 2541.906 3084.875 3671.093 
6.093 17.000 85.156 109.906 195.000 338.468 444.781 478.531 526.375 550.468 655.812 704.937 1168.843 1191.843 1231.468 1542.906 1816.968 2093.718 2269.156 2296.875 2376.187 2567.062 3325.718 3853.312 
122.406 207.000 208.750 245.250 313.875 425.375 637.062 725.875 758.750 775.531 937.875 1095.218 1150.500 1230.406 1285.093 1532.218 1549.718 1626.968 1648.281 1675.656 1810.281 2022.437 2046.031 2192.812 2279.375 2311.593 3588.531 
44.000 81.593 138.656 268.718 333.968 375.031 428.937 705.031 766.937 945.812 958.281 1251.125 1433.843 1530.531 1643.281 1668.781 1796.843 2040.156 2068.843 3193.906 3847.218 
