77.531 103.718 105.187 137.125 203.000 219.062 257.250 261.781 277.781 320.656 321.843 368.531 467.625 488.562 604.468 653.312 935.875 1283.218 1472.250 1590.187 1675.500 1753.687 3468.031 3476.031 3483.250 
74.062 212.593 251.593 370.906 552.843 566.406 903.593 1674.687 1703.125 1754.562 2639.312 3730.718 3734.406 3794.906 
118.968 120.531 255.750 328.062 334.625 379.562 435.875 489.468 1421.281 1510.750 2440.093 2455.500 3044.437 3702.187 
84.968 98.781 210.156 215.500 224.781 259.375 319.375 396.218 813.031 1424.125 1427.062 1505.968 1621.250 1746.968 1935.250 2330.937 2344.937 2411.750 2651.968 2921.218 2943.562 3772.437 
130.750 158.656 216.437 236.687 246.937 325.750 327.437 386.968 571.656 847.531 1419.062 
122.468 146.062 180.031 208.750 257.375 260.843 566.718 1397.875 1573.812 2469.781 2471.375 2536.031 2545.125 3121.312 3339.875 
286.437 295.343 299.937 322.593 525.125 566.843 951.406 1492.375 1917.281 2205.812 2753.312 2754.750 2766.031 3848.750 
276.375 341.250 627.343 808.218 809.093 1393.281 1542.250 1960.468 3019.343 3371.500 3376.500 3694.343 
96.406 103.187 214.156 215.781 252.125 1684.281 1734.406 3120.468 3127.093 3128.375 3149.656 3191.000 
69.906 215.718 265.437 334.718 469.500 549.625 572.843 575.750 922.531 1747.500 1915.312 3088.750 3090.656 3094.062 3100.531 3103.812 3819.875 
