61.281 70.468 91.875 93.500 112.312 114.906 126.218 128.343 156.937 159.437 177.750 188.625 189.656 197.031 377.656 394.968 407.031 477.968 481.312 504.406 552.281 628.843 632.843 688.000 704.218 708.437 756.312 812.343 1162.781 1256.062 1283.906 1285.718 1377.781 1752.937 1916.718 1926.937 2006.093 
44.625 48.250 60.343 80.687 88.531 129.968 164.500 165.281 179.187 181.125 205.093 304.437 354.750 397.250 412.625 418.343 422.937 456.281 482.343 483.468 533.406 577.250 621.781 639.812 729.593 742.656 809.000 938.062 938.531 1160.156 1205.656 1282.656 1698.343 1699.750 1807.687 1908.062 
56.656 92.500 110.593 113.750 134.656 138.093 140.343 172.593 242.500 282.875 393.218 397.562 447.343 466.062 479.000 483.656 501.125 600.312 664.812 729.187 1284.281 1930.093 2972.906 3246.718 
18.125 63.468 68.781 70.750 102.875 108.718 121.125 134.156 156.500 181.156 182.968 187.125 203.406 215.093 400.000 402.562 413.500 422.625 449.125 488.250 565.031 942.781 989.531 1286.875 1303.718 1471.968 1679.625 1729.468 1772.156 2495.593 3205.437 
62.656 67.312 70.062 72.500 92.531 116.062 120.187 123.125 141.812 153.781 220.656 232.000 243.875 398.875 432.218 489.125 490.562 491.281 511.875 710.812 1177.375 1265.281 1288.437 1302.406 1712.125 1809.250 2439.468 2459.312 2730.031 2765.375 2766.718 2768.718 2789.000 
61.937 96.281 108.000 145.062 215.968 415.968 463.593 485.500 617.750 621.500 749.093 805.031 998.031 1269.000 1936.843 3241.500 3271.375 
60.656 63.187 70.343 90.625 92.562 117.000 143.187 240.968 269.312 464.781 469.843 475.500 475.812 480.375 503.531 510.468 681.593 987.468 1272.875 1274.187 1347.500 1712.125 1786.750 1933.781 1994.062 2301.031 
65.781 67.593 68.062 71.812 76.093 77.250 91.625 103.781 156.593 181.875 208.406 416.250 418.125 421.687 485.687 523.156 526.468 586.968 708.718 919.781 956.031 1270.531 1274.312 1287.031 1767.406 3605.031 3620.250 3954.750 3960.968 
33.500 54.593 57.187 86.031 121.812 139.125 162.187 220.687 406.531 411.468 491.000 658.000 707.218 925.312 1218.468 1265.250 1288.406 1677.375 1730.437 1748.968 1927.843 2935.062 2948.125 3320.093 
34.031 73.843 76.312 93.843 122.125 124.031 136.906 400.968 480.500 1267.500 1276.875 1298.656 1465.218 1681.218 1709.031 2691.656 3509.343 
