17.343 46.031 76.250 124.218 199.562 466.437 626.062 677.250 693.187 750.750 830.781 862.187 928.031 1112.625 1156.062 1178.187 1232.312 1374.750 1401.718 1421.218 1441.437 1484.968 1558.031 1719.875 1919.218 1955.625 
22.406 25.687 31.687 37.218 72.125 125.437 213.218 249.687 313.375 400.687 547.250 669.781 780.156 832.625 833.906 899.156 1009.093 1080.031 1114.062 1252.781 1361.062 1389.406 1400.593 1461.968 1633.187 1709.125 1719.687 1725.750 1734.000 1818.656 1987.843 
28.968 42.875 77.750 122.093 198.750 220.281 246.906 312.375 354.500 394.468 467.062 505.343 588.062 630.812 751.093 791.593 831.218 919.093 935.406 995.687 1048.125 1076.718 1250.062 1311.093 1340.500 1441.687 1511.343 1557.906 1894.156 
87.187 109.625 126.625 151.593 197.031 354.125 393.187 401.906 427.875 487.718 547.500 629.031 652.000 1128.093 1141.468 1158.906 1181.656 1183.531 1221.000 1330.343 1391.875 1428.093 1440.968 1555.031 1561.843 1631.093 1685.625 1705.468 1724.593 1893.781 
46.968 95.687 123.187 431.093 506.281 552.812 578.031 689.750 853.281 864.156 904.218 1044.156 1079.937 1114.375 1272.718 1342.937 1441.437 1511.281 1531.968 1726.375 1819.312 1917.000 
31.687 47.218 67.187 76.656 89.437 142.937 220.500 566.031 721.968 801.437 927.968 935.468 959.968 965.156 1011.656 1117.468 1230.843 1245.875 1313.343 1341.281 1359.875 1426.437 1441.218 1620.156 1663.968 1773.218 1918.687 
15.312 64.875 73.812 155.312 198.812 289.000 311.437 342.281 467.937 482.406 552.625 577.500 689.875 852.593 1035.500 1080.937 1141.093 1248.625 1481.562 1559.312 1564.843 1660.343 1663.625 1744.062 1762.531 1774.656 1798.718 1844.187 1865.625 1919.343 1974.687 1986.031 
16.031 22.906 26.375 30.437 36.031 64.718 126.156 141.062 170.406 200.468 233.531 311.750 355.437 393.906 652.468 839.437 934.343 1113.187 1290.093 1312.187 1393.000 1425.875 1482.750 1532.968 1615.125 1632.875 1662.000 1716.937 1925.093 1934.437 
27.093 89.875 171.187 201.250 311.718 429.281 485.843 487.531 506.500 627.187 721.937 789.343 802.250 851.843 1275.000 1317.687 1340.656 1573.843 1660.093 1825.750 
63.812 98.437 110.875 198.875 201.218 219.906 318.531 354.687 394.031 456.000 495.031 573.593 753.281 882.031 903.437 905.187 1049.781 1113.656 1181.531 1249.343 1258.375 1294.312 1360.937 1391.062 1566.156 1659.750 1664.000 1819.187 1912.343 
