-1413.469 -645.438 -623.938 33.718 47.937 52.875 54.031 91.281 200.125 216.812 240.281 329.531 363.250 386.375 389.718 472.562 484.031 717.375 1473.531 1647.093 1707.937 1711.750 3491.812 
-1461.063 -213.000 30.218 32.187 40.468 47.531 95.937 202.156 467.031 470.968 477.781 725.093 882.000 1140.031 1205.218 1480.718 1644.750 1647.031 1649.281 1696.937 
-1338.594 -1313.282 -467.094 38.875 51.312 120.718 134.562 236.937 244.406 273.031 360.343 545.062 563.156 612.750 1214.656 1216.343 1313.687 1314.812 1652.375 1707.312 3197.093 3926.968 
-1900.657 -524.375 -518.813 -79.438 28.312 99.531 100.062 103.500 107.562 201.562 266.906 1110.312 1641.312 1643.375 1702.000 1702.687 2648.531 
-886.813 31.781 47.468 49.843 91.156 95.093 183.531 201.218 231.968 235.125 268.281 385.031 452.562 528.937 722.812 1045.406 1213.593 1306.031 1307.906 1337.437 1707.906 1809.968 3050.375 
-1096.250 -1087.438 -318.844 -305.625 51.031 53.625 100.406 235.781 332.375 362.781 469.656 590.000 751.093 755.718 759.906 1002.125 1021.000 1052.468 1111.812 1657.812 
-669.625 25.968 36.531 47.031 48.718 51.656 203.812 251.250 272.875 327.406 561.218 584.843 734.781 751.781 861.968 981.906 1019.343 1107.250 1110.250 1215.312 1292.937 1532.875 1700.906 2788.625 3637.093 3638.281 
-1706.157 -1699.438 -1672.157 -1510.563 -1509.844 -1180.875 -430.063 27.750 46.218 50.906 55.000 60.812 88.718 91.312 94.500 103.843 113.031 167.687 199.750 201.406 226.125 326.687 384.937 532.156 608.187 719.000 726.468 736.750 758.093 970.281 1017.125 1212.125 1294.812 1360.031 1361.156 1637.500 1693.281 1699.531 1794.406 3006.468 3019.093 3764.625 3765.968 3918.562 
-1686.157 -1139.157 -698.094 43.843 55.906 59.218 94.093 96.437 99.531 100.562 117.625 180.781 333.375 465.968 523.562 560.125 578.562 608.718 751.593 758.000 1004.062 1014.156 1050.343 1254.375 1293.187 1295.812 1643.156 1643.781 1656.218 1695.906 2863.343 2934.031 3487.531 3621.062 
-1447.032 -1202.282 23.718 30.062 43.625 45.875 48.843 57.000 61.312 96.250 107.468 383.218 461.937 572.250 1035.312 1107.562 1446.968 1645.687 1865.093 2513.187 3351.375 
