96.875 129.375 140.687 1163.000 1200.906 2693.093 2762.625 3015.250 3139.843 
17.125 31.406 80.531 289.656 1093.875 1123.937 1135.156 1146.125 1485.312 1487.000 2471.843 2600.031 3299.031 3868.656 
346.937 354.906 395.468 431.500 1112.937 1828.875 2665.187 3214.812 3216.812 3234.281 3725.125 
149.750 165.000 1894.593 1901.812 2832.375 2959.187 
105.875 389.750 704.937 1047.875 1059.250 1078.562 1084.906 1098.687 1353.656 1761.593 2576.218 3120.937 3122.625 3653.656 
173.000 397.093 446.187 762.625 1770.562 2020.125 2447.781 3241.500 
120.656 174.562 952.031 962.937 1034.718 1620.187 1776.156 2108.250 2969.812 3531.625 3560.312 
14.437 40.500 115.843 143.968 297.906 334.718 366.531 368.562 424.062 1321.656 1365.875 1680.968 2958.562 3094.156 3916.468 3974.375 
90.156 154.968 178.625 346.875 370.093 1108.531 1546.750 1827.375 2314.843 
17.250 253.312 439.062 3046.468 3053.375 3078.312 3529.125 
