405.656 716.906 736.812 766.843 1050.781 2061.218 2545.781 3718.437 
88.468 115.343 778.843 802.812 1843.218 2698.656 2718.687 2742.093 3125.687 
124.125 135.625 643.781 686.968 753.843 825.156 1960.125 3574.125 3955.968 
122.812 343.218 569.500 571.625 587.750 776.812 839.562 1831.156 2008.718 2726.125 2743.593 3087.031 3906.406 3936.875 
121.312 179.625 700.875 702.312 741.218 833.156 1371.531 1686.812 1700.281 1702.156 1838.093 2022.843 3448.343 3964.250 
770.968 845.156 2026.343 2734.625 2961.312 3585.281 3586.593 3591.156 3598.281 
306.031 322.687 421.781 440.218 445.531 742.562 755.125 801.593 1859.343 2629.062 2694.500 
679.156 1326.718 1994.250 2072.437 
95.218 131.843 338.281 1056.937 1123.406 1174.593 1525.156 1828.875 2016.500 3195.718 3212.500 
747.687 774.593 793.312 879.031 1079.468 1111.093 1367.500 1996.312 3196.031 3209.406 3232.468 3678.937 3975.125 
