89.437 788.312 1217.968 1248.000 1689.718 1733.812 2628.906 3386.562 
99.531 121.406 731.000 733.906 744.093 758.343 785.750 788.468 796.375 809.156 886.500 1735.750 2364.312 2370.937 2405.906 2416.593 3885.906 3943.218 
98.250 192.968 442.687 451.343 491.281 716.656 1679.031 2834.781 2867.781 2916.843 2944.250 3561.062 3948.000 3955.218 
79.531 84.750 94.000 105.125 249.468 277.968 690.062 1689.812 2490.093 2510.968 3286.718 3316.593 
108.343 201.781 282.750 423.656 1278.593 1572.937 1589.500 3418.906 3439.750 
85.125 97.812 120.875 230.562 412.218 438.406 661.125 710.562 718.250 895.843 2466.562 2485.906 2503.468 2870.531 3427.343 3433.281 3442.906 3461.187 
1697.843 1701.750 1707.375 1725.812 1858.218 1860.156 1885.468 1944.468 1976.218 1985.125 2000.531 2492.656 2702.906 2934.937 2939.250 
90.031 119.500 197.750 226.093 304.906 343.718 372.062 727.031 1229.281 1231.562 1246.031 1255.781 1874.156 1921.562 2804.687 3362.531 3391.468 3418.656 3548.531 3560.468 
129.062 341.968 563.906 572.406 1023.500 1048.093 1626.375 2226.781 2834.500 2957.843 
101.625 120.250 938.718 1947.156 2442.062 3224.906 
