-790.313 17.468 64.812 83.968 110.468 159.906 189.375 226.312 265.031 285.218 303.656 355.687 483.093 541.968 559.062 575.843 597.187 623.250 693.781 699.343 739.468 859.375 873.593 947.125 971.281 1060.531 1097.968 1197.875 1205.656 1279.562 1339.562 1365.312 1390.656 1409.375 1499.125 1538.812 1564.593 1663.281 1672.406 1706.250 1955.437 1964.875 1969.875 1977.750 
-1956.219 -739.469 -648.500 37.156 51.500 63.500 244.031 265.906 272.718 287.656 334.468 364.093 433.031 452.500 482.656 552.218 578.031 792.687 897.156 909.468 971.437 988.437 1039.687 1055.343 1083.531 1087.875 1094.906 1101.281 1113.593 1134.531 1173.968 1176.406 1195.343 1283.531 1337.687 1354.062 1371.875 1402.718 1493.093 1527.750 1594.000 1663.187 1710.250 1730.843 1783.562 1887.218 1945.781 2025.906 
-428.532 87.031 149.687 172.156 209.312 328.375 329.625 410.125 421.406 453.843 483.875 569.843 576.750 623.531 691.781 694.250 765.531 790.781 860.843 945.531 991.968 1016.343 1106.312 1214.218 1239.937 1341.531 1451.031 1465.062 1473.531 1493.187 1539.656 1557.750 1577.062 1592.875 1625.781 1723.625 2764.531 
-1679.063 28.000 47.500 66.968 83.343 84.593 94.500 133.406 179.406 192.562 210.843 216.437 254.187 320.781 346.156 408.312 414.312 554.843 592.656 616.687 655.625 660.031 675.312 720.968 736.656 761.937 791.750 833.156 834.125 866.906 950.343 1110.250 1133.375 1197.156 1238.718 1248.750 1464.562 1505.156 1521.625 1559.593 1586.812 1616.281 1629.625 1707.125 1729.468 1742.281 1979.437 
-1471.938 -468.313 16.812 99.218 112.843 190.000 215.156 221.062 248.656 259.781 311.718 322.937 333.375 346.875 351.812 410.593 482.125 486.593 594.000 609.187 623.312 640.375 672.906 833.406 864.312 876.562 958.406 1008.062 1045.250 1070.593 1102.500 1160.093 1236.406 1271.406 1313.562 1321.656 1355.781 1364.625 1457.750 1535.125 1631.531 1659.625 1685.937 1826.218 1847.781 1865.062 1883.406 1904.375 1931.031 
-1402.407 16.437 37.218 50.312 66.343 114.031 136.531 145.968 161.562 359.750 363.437 434.906 456.000 470.718 498.437 551.031 791.625 842.781 855.656 860.812 876.156 952.968 1023.250 1115.093 1271.093 1288.531 1338.312 1366.281 1371.187 1419.250 1429.031 1454.968 1493.312 1520.218 1596.312 1654.968 1658.968 1664.781 1732.937 1845.562 1884.468 1905.312 1932.562 1939.343 2785.312 2996.000 
68.250 106.843 141.843 214.687 231.375 233.375 247.906 348.031 369.062 377.218 408.781 468.312 490.937 514.281 575.531 656.781 830.937 834.093 835.531 854.875 870.843 906.156 914.562 964.562 984.156 1023.812 1056.312 1069.812 1076.750 1178.250 1197.187 1247.468 1282.718 1434.843 1483.875 1522.937 1594.250 1743.406 1764.468 1796.625 1873.843 1924.093 1944.093 1946.843 1950.906 1991.343 2000.750 
18.343 31.406 32.156 39.843 138.375 149.812 165.875 260.906 291.125 329.468 346.125 372.968 414.031 488.187 539.437 553.437 577.656 591.562 607.062 668.437 788.250 791.437 884.781 896.906 1022.906 1113.312 1195.687 1335.031 1336.468 1416.218 1440.750 1493.187 1540.031 1773.656 1913.312 1936.625 1944.218 2938.000 
19.312 33.000 145.343 178.781 211.281 236.531 291.156 329.343 337.031 408.812 467.406 570.781 581.093 592.625 647.468 830.406 847.375 884.031 911.562 1006.781 1092.812 1219.781 1234.031 1239.437 1461.468 1585.031 1594.500 1658.375 1685.968 1722.593 1828.593 1843.875 1874.625 1925.250 1935.687 1995.906 
-760.094 65.031 87.281 140.531 146.875 172.718 216.687 227.937 245.375 248.187 267.843 328.531 332.625 343.375 349.875 466.718 557.406 743.000 857.843 977.187 997.500 1006.281 1030.687 1035.468 1077.593 1172.125 1198.750 1339.812 1390.281 1450.656 1466.687 1469.000 1533.156 1569.312 1596.375 1687.093 1705.718 1722.500 1730.500 1751.375 1943.906 1991.718 
93.281 139.656 160.062 186.625 244.687 248.875 253.531 376.406 379.406 381.468 522.562 550.687 575.843 607.875 624.000 675.875 814.031 861.312 874.468 901.000 982.093 1012.062 1035.406 1175.500 1181.718 1229.687 1245.218 1307.531 1452.000 1487.000 1575.125 1591.968 1673.875 1707.531 1728.875 1735.187 1765.000 1846.312 1884.812 2440.406 
37.468 49.718 99.062 109.406 115.562 141.343 148.843 200.437 204.593 222.406 339.812 422.093 509.000 624.250 631.968 649.718 693.812 722.875 859.000 886.375 986.531 997.343 1022.687 1049.406 1105.562 1164.718 1199.875 1310.656 1335.906 1393.843 1431.593 1565.187 1659.468 1709.968 1796.406 1805.875 1936.906 1980.875 1995.593 1998.281 2002.781 
37.531 46.468 61.000 115.406 137.500 143.625 163.468 209.468 217.750 246.468 256.718 359.750 368.687 419.687 440.562 453.062 469.625 521.968 594.031 694.375 758.468 792.031 897.843 1069.437 1086.281 1096.093 1181.718 1199.875 1217.687 1265.562 1268.656 1300.750 1328.906 1333.500 1368.937 1397.875 1420.875 1428.562 1462.906 1505.625 1535.937 1591.343 1626.718 1688.718 1739.062 1752.187 2009.281 2934.437 3410.281 
16.187 78.375 114.031 140.468 188.593 245.812 281.000 290.781 336.187 436.031 453.031 470.218 479.312 550.562 553.406 569.718 596.937 691.000 703.156 829.843 836.625 897.812 973.812 1030.500 1046.593 1053.375 1171.937 1357.375 1364.500 1372.312 1391.312 1428.031 1522.906 1543.468 1660.625 1687.500 1696.843 1697.875 1706.593 1763.968 1774.156 1838.093 1933.906 
