399.062 539.125 611.875 668.843 688.781 1196.750 1241.500 1710.156 
39.375 63.437 1369.312 1728.125 1755.500 
291.812 540.343 1230.125 1277.937 1748.375 1759.031 
64.593 594.687 610.281 669.750 772.968 779.281 815.593 933.687 1126.437 1230.906 1666.531 1712.562 1748.937 
214.437 402.656 410.968 541.875 543.906 594.156 613.812 616.562 787.031 1188.281 1230.750 1717.968 1731.531 1737.437 1974.562 
53.750 213.312 601.187 980.531 1127.625 1350.875 1712.343 1873.406 
36.125 291.281 415.593 421.468 425.281 789.281 1110.468 1217.437 1343.218 1993.843 
292.968 313.031 591.687 686.562 1071.187 1193.718 1294.156 1666.062 1710.343 1987.750 
183.187 211.656 393.406 614.531 695.500 900.343 1123.531 1187.656 1339.500 1649.562 1663.593 1726.031 1817.812 1865.000 1873.062 
173.718 439.781 606.625 614.312 714.531 777.781 1198.625 1202.687 1209.781 1648.718 1733.718 1736.812 
