365.656 523.562 591.468 619.156 640.468 1051.500 1054.750 1402.343 1540.000 1605.468 1838.562 1902.562 
153.375 536.468 1120.593 
21.312 45.062 162.031 588.843 708.531 745.156 761.406 798.406 1034.937 1307.812 1586.093 1632.093 1685.156 1946.312 
586.218 870.687 881.875 1150.187 1307.937 1378.218 1598.625 1947.062 
277.906 348.312 370.968 523.250 525.968 586.437 604.125 776.031 789.906 872.468 956.093 1037.031 1053.406 1139.000 1140.406 1310.687 1374.875 1488.875 1619.062 1626.812 1633.218 1664.906 1909.937 
523.281 542.281 588.500 747.375 754.875 762.906 840.125 880.562 948.781 1136.125 1304.781 1307.500 1309.250 1428.000 1526.937 1561.968 
15.687 251.906 368.906 640.781 737.906 1044.093 1056.625 1147.843 1367.968 1540.500 1628.062 1647.562 1945.218 
246.031 255.312 272.406 600.031 788.750 1379.500 1390.125 1528.437 1585.656 1619.125 1620.687 1629.718 1630.875 1909.593 1946.031 3308.031 
254.343 525.562 750.437 873.937 1148.656 1154.062 1310.812 1623.250 1670.343 1909.843 
25.937 461.875 836.468 870.562 882.406 1038.312 1039.718 1095.343 1099.562 1153.687 1308.000 1662.281 
