88.000 98.468 218.062 506.062 823.687 1113.250 1140.062 
63.125 66.125 79.406 217.968 226.562 504.250 1115.000 1338.656 1660.125 
184.281 247.093 1380.656 1831.718 1859.312 
528.125 678.906 680.812 1113.343 1159.093 1863.531 
41.156 44.375 235.062 393.593 611.062 625.375 627.187 677.250 683.937 698.031 706.781 737.312 1029.500 1152.906 1371.375 1391.750 1528.468 1784.406 1833.718 1835.187 
236.406 423.250 744.718 1115.531 1753.187 1851.031 1896.187 
38.843 76.218 226.875 230.343 580.531 680.468 721.156 824.937 826.687 941.562 1366.812 1390.625 1395.218 1724.500 1838.531 1858.562 
-1730.438 216.437 218.843 394.500 697.687 964.281 1123.968 1141.406 1348.906 1391.093 1433.750 1541.093 1652.312 1659.875 1730.875 1860.437 1878.875 1897.312 
77.687 82.718 235.375 391.781 525.468 678.781 698.031 712.562 735.000 981.093 1115.093 1373.156 1531.093 1549.625 1651.781 1835.875 
89.937 231.562 355.531 707.906 729.968 1025.281 1190.937 1359.968 1530.843 1544.343 1609.718 1724.781 1831.156 1832.812 
