847.968 1032.093 1527.406 1541.968 1875.468 1893.156 2037.593 2058.562 2060.687 
830.187 1016.625 1205.500 1318.031 1364.500 1396.218 1527.750 1864.062 1891.000 1893.375 
171.062 853.031 1528.281 1882.406 2079.812 
1208.781 1527.968 2070.937 
24.781 404.843 742.500 1030.593 1303.906 1891.750 2018.968 2058.343 2069.718 
173.812 431.937 519.625 729.031 790.250 832.562 1023.093 1333.375 1726.718 1777.281 1883.031 1891.968 2024.093 2024.687 2050.187 
166.781 301.062 735.218 839.187 848.031 1365.281 1448.093 1449.375 1742.031 1841.843 1907.750 1963.500 1971.531 
182.281 304.906 505.281 685.375 699.875 827.000 1441.187 1454.218 1726.250 1891.156 1952.218 2033.968 
23.781 42.531 302.562 410.843 503.437 724.656 831.875 936.843 991.406 1062.187 1202.656 1285.562 1652.906 2024.062 2052.375 
35.656 158.062 300.187 313.000 503.500 685.062 724.093 862.625 985.406 998.750 1025.156 1039.218 1056.656 1828.812 1886.375 2053.125 
