41.781 86.093 410.375 739.625 890.750 916.812 967.375 1018.875 1589.062 1617.656 
418.812 659.812 871.218 888.375 927.406 935.562 1143.437 2000.593 2025.968 
744.156 822.562 893.437 1024.343 1489.468 
243.000 249.375 612.781 890.656 904.562 1142.562 1203.875 1702.437 
763.687 845.250 898.656 915.437 916.781 998.750 1004.656 1123.875 1139.062 1502.875 1515.937 1582.718 1677.718 1697.625 1859.937 2011.875 
69.718 72.687 228.000 228.281 537.593 601.781 614.937 740.468 743.218 892.500 894.125 917.093 998.937 1172.343 1200.375 1378.187 1587.312 1721.156 1826.156 1839.687 1851.031 1855.625 1872.593 3081.250 
45.437 406.187 744.406 804.125 856.687 894.906 993.718 997.468 1387.156 1514.562 1517.000 1627.906 1691.093 1702.437 1859.625 1994.750 
226.906 250.625 413.375 601.875 1012.187 1028.718 1387.093 1691.812 1744.281 1999.437 
40.625 415.593 597.187 820.156 972.500 978.312 1005.062 1593.187 1659.218 1868.906 1944.687 1948.781 
239.406 408.312 411.718 418.875 599.156 806.312 848.937 851.218 923.625 1003.781 1024.625 1034.812 1059.781 1084.656 1111.187 1153.187 1177.937 1373.406 1732.343 2009.031 
