39.562 76.250 94.718 98.718 99.343 101.687 106.875 335.531 345.000 348.000 349.906 435.093 435.687 505.906 513.656 524.312 598.406 600.843 615.406 756.875 761.531 1048.531 1058.250 1174.562 1177.468 1184.125 1199.125 1312.437 1508.375 1624.218 1718.218 1721.781 1978.093 1986.562 2002.968 2034.562 3336.718 3343.093 3356.625 3400.750 3537.812 3699.687 
40.343 97.656 348.781 434.812 523.156 588.593 612.000 666.031 772.625 839.156 842.031 1068.375 1182.375 1191.468 1324.625 1603.031 1632.468 1677.406 1730.218 2021.125 2023.781 2618.593 
80.500 107.968 183.218 285.281 422.593 434.687 441.656 502.250 503.406 592.062 754.531 1063.093 1315.781 1463.187 1495.781 1717.937 1727.000 1980.718 1981.156 1986.375 2004.843 2010.687 
97.062 109.406 175.500 185.187 193.593 342.750 348.343 436.906 504.250 507.781 511.500 600.500 618.843 625.250 630.656 1059.687 1171.312 1175.406 1176.812 1463.656 1477.562 1495.187 1509.937 1516.062 1632.375 1646.468 1713.062 1732.531 1977.843 1987.312 
45.062 85.125 175.062 188.531 343.968 435.875 437.468 602.718 606.187 607.093 610.781 618.062 620.781 641.281 759.250 770.843 838.500 1050.875 1166.156 1179.375 1199.593 1215.906 1463.187 1466.375 1497.218 1597.187 1602.656 1705.906 1723.625 1723.937 1988.343 2004.781 2014.718 
84.343 108.093 181.812 396.156 423.343 592.593 722.843 760.687 763.906 843.843 879.562 1049.750 1177.406 1264.218 1318.656 1362.218 1450.187 1482.187 1509.937 1512.687 1544.500 1641.812 1965.781 1985.406 
41.843 81.656 93.656 172.625 188.968 347.937 434.968 440.625 445.812 448.125 602.718 607.375 621.187 1045.406 1056.968 1173.750 1186.937 1195.625 1301.125 1330.625 1459.000 1463.593 1469.500 1604.531 1607.500 1633.312 1702.375 1987.843 1991.531 2781.250 
44.187 45.343 98.156 111.562 177.125 193.343 351.187 351.562 433.968 505.656 595.093 759.781 827.531 830.312 1032.843 1070.625 1075.781 1460.562 1469.593 1719.593 1726.375 1979.500 1981.843 2966.312 2968.906 
95.906 108.437 190.093 191.437 219.687 421.250 475.656 505.781 601.437 761.718 829.343 1057.781 1168.500 1169.531 1203.437 1324.875 1467.875 1611.312 1789.625 1971.031 1982.656 2004.625 3416.343 
43.437 185.593 342.906 351.812 355.281 510.468 601.718 612.125 618.656 859.968 1048.718 1166.312 1264.687 1484.906 1499.500 1980.125 1981.656 1999.750 
