32.312 69.250 69.718 221.000 301.125 314.093 471.562 556.625 845.968 1485.406 1732.343 
25.250 29.968 176.281 219.062 393.093 665.375 769.406 787.343 836.343 1490.625 1736.375 1779.687 1839.531 
15.843 44.875 49.750 75.625 221.812 311.500 394.000 396.625 547.375 553.500 790.312 831.000 866.656 1340.000 1492.468 1605.656 1613.812 1676.125 1791.781 1812.250 1828.562 1860.250 
17.562 32.812 70.031 408.781 552.093 568.156 652.656 695.562 778.468 787.593 849.000 901.343 910.718 1088.062 1174.281 1265.468 1504.468 1733.062 1802.875 
17.593 69.156 80.625 193.812 348.593 538.468 656.062 787.000 847.968 853.968 880.687 1506.406 1599.250 1783.531 1798.625 1864.375 
33.875 78.687 82.687 392.812 406.812 544.531 567.281 804.093 1013.593 1475.937 1604.937 1621.281 1795.312 1801.937 1825.750 1850.062 
16.843 31.593 51.750 68.906 192.125 204.187 470.781 473.906 544.687 555.375 607.625 675.000 769.937 1147.906 1172.781 1473.875 1553.250 1622.562 1734.812 
59.125 206.937 229.562 469.406 472.281 495.812 544.437 603.281 667.281 804.937 1348.937 1494.093 1500.437 1513.968 1598.125 1605.812 1620.468 1671.718 1732.875 1793.531 1825.093 
52.156 80.343 348.750 526.218 545.218 585.468 661.437 674.218 788.281 871.500 894.500 1489.562 1607.968 
57.593 68.875 78.187 219.281 243.906 308.906 328.718 469.500 500.031 528.406 551.531 772.281 805.093 1130.062 1243.625 1330.656 1340.031 1445.250 1476.812 1485.500 1552.968 1598.656 1605.093 1727.750 1813.500 1842.437 
