-1995.344 -1962.313 -1926.625 -1271.844 -603.344 -599.750 -567.563 -112.000 29.593 35.937 51.937 191.562 329.187 407.312 427.312 446.062 498.187 513.656 597.218 638.687 647.656 773.656 994.437 1144.968 1158.718 1196.500 1410.406 1420.875 1428.281 1706.312 1733.187 1860.968 1897.843 1935.750 2015.375 2143.281 2254.468 2648.125 3708.281 
-1313.032 -726.844 -318.344 27.937 792.718 1425.562 1701.687 1702.781 1727.218 3900.500 
-183.625 307.312 330.562 520.375 791.125 873.000 1085.968 1520.125 1704.218 1822.187 1947.187 2216.093 2226.437 
1096.000 1633.906 1699.406 1888.531 2007.250 
-89.907 29.312 338.468 441.125 449.875 552.687 599.187 830.218 845.218 1343.500 1487.687 1884.125 3525.812 
-1291.094 30.750 38.687 526.562 536.000 1022.812 1091.687 1093.781 1224.250 1746.406 1836.625 1911.250 2206.531 2436.656 2437.312 
-1322.032 33.156 37.062 43.281 161.000 307.812 454.968 597.625 775.968 873.687 1120.906 1232.375 1484.468 1729.812 
-1939.344 -1938.563 -1934.782 -1920.282 27.468 28.437 66.593 282.875 294.906 303.875 320.156 437.000 592.406 807.500 818.000 826.812 876.625 1414.406 1687.687 1871.718 1971.906 2214.781 
25.843 27.625 171.937 327.062 655.406 1055.843 1332.906 1609.125 1610.468 1668.593 1688.406 1689.625 1870.125 1909.562 2270.937 2485.031 
69.625 320.000 400.062 833.750 856.593 1398.156 1614.031 1762.312 1884.843 1929.781 2086.531 2204.250 
