191.375 634.625 1753.500 1803.875 2137.437 
317.437 748.125 819.125 919.562 1755.500 3665.812 3692.906 
283.656 318.000 488.906 883.843 921.875 979.656 1180.562 1365.906 1693.375 1755.625 2620.687 3897.812 
113.656 198.875 278.875 309.687 716.531 924.187 1602.718 1725.156 1753.531 2857.500 
69.312 328.812 429.562 926.031 932.187 1095.781 1724.843 1753.593 1810.468 2075.687 3301.750 3979.906 
319.531 627.593 933.000 1047.218 1457.875 1727.843 1753.968 1755.812 
278.781 313.062 445.937 497.656 1193.343 1917.093 2022.937 3563.093 
19.781 902.406 1753.937 3967.843 
444.812 779.718 920.812 923.593 1753.687 1784.531 2940.437 3201.406 
288.781 907.218 
