27.062 109.593 240.156 243.500 493.500 495.500 553.125 655.343 900.531 960.437 986.468 989.750 1005.812 1028.625 1142.375 1197.781 1200.875 1223.750 1250.531 1361.156 1605.343 1796.093 1809.312 1839.937 1953.062 1956.906 2009.062 2076.812 2146.437 2183.562 2185.343 2199.031 2338.125 2363.093 2401.031 3247.218 3946.843 3962.062 3965.437 
84.468 109.500 198.343 221.718 246.187 334.968 377.437 489.562 547.125 774.875 831.906 907.437 959.968 983.750 1081.468 1086.718 1153.562 1258.250 1837.312 1942.437 2011.906 2181.968 2186.500 2300.187 2337.562 2357.500 2751.718 3379.312 3390.968 3413.687 3415.875 3989.656 
97.187 108.812 489.062 543.406 546.031 639.375 902.468 905.281 906.875 982.500 985.531 1107.500 1252.500 1258.625 1366.062 1380.343 1934.781 2076.468 2136.593 2181.031 2210.062 2228.406 2342.843 2350.406 2397.000 3709.750 3741.187 
84.000 87.937 107.812 233.375 241.312 486.343 493.937 544.062 547.812 561.500 654.093 782.187 881.125 906.312 986.250 990.375 1034.375 1037.468 1266.562 1361.781 1366.437 1379.312 1809.718 2014.156 2030.468 2071.718 2075.375 2184.968 2291.968 2339.656 2341.218 2394.125 2606.343 3193.906 
94.562 106.218 111.312 489.031 495.781 547.500 653.437 697.375 856.718 902.843 986.156 988.281 1039.156 1073.281 1190.343 1322.437 1815.687 1953.968 1993.062 2010.031 2079.375 2160.656 2182.625 2359.218 2381.093 2625.593 2684.281 3091.593 3633.093 3756.812 3760.968 
30.500 83.156 109.781 209.437 224.687 245.218 490.687 546.343 582.812 654.906 705.781 738.562 903.375 907.500 932.718 1117.500 1189.500 1256.625 1292.218 1365.437 1367.843 1389.812 1695.343 1901.468 1955.500 2077.906 2178.812 2186.218 2339.968 2353.468 2357.625 3037.281 3045.031 3060.593 3128.062 3604.875 
109.156 240.250 244.718 260.531 296.375 384.375 391.156 405.187 485.156 495.062 550.968 554.562 582.000 641.187 655.843 660.125 893.937 903.656 962.031 981.406 988.187 1084.593 1107.312 1148.000 1188.750 1251.468 1381.343 1386.000 1490.718 1696.906 1893.187 1940.906 2074.218 2181.750 2186.687 2290.750 2343.093 3103.531 3989.718 
57.718 111.125 217.218 239.312 282.656 286.000 434.062 513.562 548.437 654.750 732.968 832.218 882.031 905.656 978.968 986.750 1103.875 1191.718 1357.812 1367.281 1389.968 1837.593 1916.687 1961.531 2010.156 2182.250 2359.812 2488.031 3904.687 
92.750 201.437 238.906 484.281 495.312 550.312 656.562 773.406 829.781 831.562 963.437 1016.562 1042.500 1107.093 1151.843 1159.156 1167.406 1389.468 1924.687 1945.187 2009.343 2079.875 2184.281 2185.875 2340.625 2357.937 2861.281 3648.937 
106.593 108.250 244.062 546.000 654.312 963.031 1011.031 1364.500 1620.218 1995.031 2075.281 2184.343 2339.250 2344.656 3220.187 3944.531 
