76.937 348.031 355.781 488.718 757.218 1110.125 1258.718 1279.781 1312.625 1445.156 1582.718 1876.187 
141.906 355.937 607.281 663.937 764.187 781.968 827.500 1032.031 1088.437 1115.625 1281.156 1370.593 1505.531 1584.875 1868.312 1879.562 
84.156 354.812 409.406 470.406 771.625 778.937 1093.375 1139.406 1279.843 1313.312 1584.031 1695.531 1877.562 1951.187 2331.125 
86.687 160.000 201.218 353.031 374.187 469.968 485.156 507.593 667.593 765.281 785.468 1088.468 1259.531 1279.906 1585.312 1697.125 1890.906 
78.062 154.250 360.687 516.000 607.187 679.281 764.843 940.750 1305.000 1505.281 1585.218 1926.500 
166.312 361.718 386.500 485.875 607.937 773.031 882.718 1093.812 1197.406 1306.125 1371.406 1584.437 1697.406 1872.062 
154.687 205.875 353.937 357.968 363.625 471.750 607.750 775.125 1032.218 1088.187 1105.250 1252.687 1305.625 1372.062 1505.281 1583.250 1696.343 
77.031 168.093 355.250 471.312 471.937 475.156 688.093 765.250 778.562 1031.625 1089.906 1279.937 1310.875 1422.281 1506.375 1583.937 1607.000 1872.937 
166.656 353.468 357.437 365.406 472.562 513.687 608.625 680.968 768.718 791.343 1090.218 1279.000 1304.843 1313.843 1371.656 1397.750 1504.843 1586.687 
356.093 360.437 376.000 415.593 481.125 673.437 762.593 779.625 1031.500 1279.281 1311.968 1506.812 1585.812 1696.250 1697.718 1877.218 1949.468 
