84.843 104.218 172.625 192.375 207.406 302.187 591.812 629.562 796.968 923.062 1032.843 1097.562 1114.093 1152.093 1249.312 1420.593 1421.875 1461.375 1492.156 1583.781 1851.250 
82.937 114.125 195.093 215.843 299.250 311.656 317.343 319.875 428.718 591.906 624.437 629.625 638.875 674.093 794.968 805.281 928.968 1026.875 1086.093 1106.812 1115.875 1145.812 1248.187 1268.375 1420.468 1431.625 1461.781 1807.531 1825.156 1874.218 1911.343 1973.562 
82.593 105.250 140.125 194.812 211.875 304.500 339.187 627.875 799.687 874.343 937.312 1037.750 1088.750 1099.500 1123.843 1145.250 1251.062 1425.250 1451.187 1465.281 1491.656 1588.187 1802.375 1813.125 1876.000 
113.031 212.750 306.687 325.625 425.906 587.500 624.531 631.187 800.375 919.812 1012.218 1094.687 1099.375 1114.468 1155.812 1250.187 1479.000 1588.625 1803.187 1845.093 1969.718 1980.625 
92.187 105.812 172.000 194.875 208.406 311.843 429.906 586.468 623.437 885.468 928.218 944.625 1095.906 1144.843 1252.375 1420.906 1464.687 1494.656 1590.781 1806.812 1824.250 1892.687 1980.500 2240.562 
86.437 201.531 213.375 312.937 434.812 801.093 870.156 925.625 950.531 1014.437 1088.843 1102.625 1154.468 1252.812 1440.281 1490.250 1592.625 1882.750 
87.968 198.500 210.625 302.156 330.656 430.187 587.593 622.781 623.875 641.000 798.125 803.468 923.437 949.593 1025.781 1046.593 1088.218 1096.156 1103.843 1144.531 1167.656 1256.468 1423.343 1431.406 1494.843 1594.937 1803.218 1819.625 1879.218 1902.062 1973.250 1980.406 1981.906 
83.531 142.781 210.031 301.625 311.000 316.468 592.718 623.375 629.593 645.093 685.062 796.156 803.187 927.031 930.218 1089.750 1095.437 1106.312 1168.562 1251.500 1255.937 1269.968 1303.656 1420.656 1423.968 1427.375 1442.593 1456.656 1494.031 1587.968 1812.312 1875.125 1879.843 1977.437 
105.968 120.843 199.718 208.906 226.375 302.531 429.156 594.812 628.250 800.250 829.375 870.625 882.687 928.750 1009.875 1090.343 1100.593 1123.031 1167.687 1251.437 1421.906 1426.593 1491.281 1587.656 1795.250 1804.625 1817.968 1875.843 1897.343 
86.468 104.718 197.343 203.375 219.750 300.406 309.000 340.906 589.187 798.781 868.218 869.968 929.562 1013.875 1088.187 1098.375 1114.937 1144.250 1423.218 1441.218 1492.187 1586.625 1830.281 1878.468 1975.812 1980.406 
