35.812 92.687 124.750 149.312 186.343 274.781 352.250 461.031 548.125 610.781 
49.718 108.437 151.062 222.656 379.156 662.156 
36.156 96.875 146.875 197.062 534.906 712.500 1094.093 1256.500 
56.437 131.093 184.937 316.593 468.375 584.781 1182.687 1336.406 2647.156 
16.875 74.656 141.437 188.562 264.000 523.687 613.125 1421.437 1446.312 1611.250 
58.562 150.468 202.968 314.250 398.000 613.468 
63.718 147.281 636.656 1303.093 1584.562 
36.375 125.906 184.750 251.281 318.031 432.531 527.250 668.812 1423.250 
32.375 118.500 182.156 461.156 536.812 703.906 880.312 1263.000 1411.531 
73.593 184.156 555.906 956.812 1251.218 1419.687 2705.250 
