9.875 17.562 21.781 767.187 770.312 782.531 810.312 1750.125 2331.531 2515.343 2938.968 2943.625 2989.000 3135.312 3925.718 
20.468 314.218 334.125 536.812 1446.312 1453.562 1516.812 1527.343 1947.875 2570.593 3087.062 3106.000 3133.312 3351.281 3653.000 3662.906 3770.187 3980.531 
16.437 17.125 19.312 25.937 1303.812 1448.906 1526.625 1528.000 1582.281 1638.906 1727.718 1856.718 2776.093 2788.000 2969.718 3275.750 3611.000 3613.687 3663.187 3668.781 
16.906 24.656 312.187 654.593 764.656 766.000 1355.281 1441.812 1458.187 2158.531 2620.187 2626.468 2693.937 2975.968 3056.968 3188.218 3670.156 3849.875 3993.093 
16.500 17.187 18.125 18.500 24.218 534.937 689.375 707.406 709.250 984.593 1445.093 1456.187 1831.468 1838.343 1950.062 2375.375 2375.812 2487.250 3065.187 3071.718 3091.000 3781.562 3787.000 
17.562 18.375 24.750 28.218 244.187 345.406 777.656 811.812 990.718 1017.812 1303.500 1341.250 1403.281 1580.718 1748.593 1761.031 2447.218 3004.406 3011.875 3119.968 3165.593 3166.125 3169.843 3452.437 3532.781 3535.968 3602.000 3784.000 3794.000 3805.656 3842.625 3950.218 3952.343 
17.125 20.781 24.531 60.812 231.531 326.562 534.593 538.656 676.718 776.593 1448.843 1450.156 1747.781 2040.656 2473.500 2621.843 2623.312 2628.156 2647.937 2849.750 2852.781 3004.562 3687.718 3836.093 3945.125 
18.343 26.312 57.343 59.750 74.562 117.093 337.625 497.250 766.125 832.906 921.531 1333.125 1451.093 1456.375 1528.312 1534.562 1581.062 1640.343 1748.343 1824.468 2674.437 2712.406 
16.750 18.312 21.281 22.812 25.000 77.312 188.312 535.156 581.843 935.562 1255.187 1580.468 1581.593 2468.843 3723.093 3973.000 
16.750 17.562 74.500 74.843 237.187 286.500 304.500 388.500 534.375 767.218 1116.156 1243.718 1580.218 1582.031 1669.687 1748.375 1949.593 3000.625 3006.000 3221.937 3290.531 3925.937 
