36.718 54.187 80.875 178.906 196.750 298.875 436.562 530.812 723.843 758.968 808.656 914.125 928.437 1058.093 1118.031 1141.781 1214.437 1425.156 1546.218 1703.812 1799.375 
34.625 57.250 120.750 176.093 191.593 258.218 282.718 332.093 337.687 424.812 506.375 523.468 570.625 664.843 688.468 749.656 971.062 997.687 1047.062 1068.625 1076.406 1214.406 1345.343 1383.875 1384.406 1485.625 1499.875 1712.062 1749.593 1763.625 1937.375 
33.312 36.437 49.000 50.718 97.625 217.281 227.531 298.468 505.343 526.968 556.375 836.812 926.906 977.937 1047.687 1149.812 1383.937 1386.593 1495.906 1500.406 1554.156 1668.250 1759.218 1763.062 1768.531 1834.062 1888.875 1980.812 
12.562 57.937 74.218 122.250 215.062 297.343 532.218 604.218 832.031 926.343 975.218 1194.031 1271.187 1298.687 1383.562 1498.343 1663.750 1748.437 1762.531 1887.937 1935.406 1957.062 2285.406 3169.531 
30.093 167.718 231.750 256.656 299.343 438.468 531.031 556.375 625.187 628.218 634.375 727.906 782.562 787.406 862.718 900.031 944.093 1174.218 1192.625 1384.406 1408.437 1507.968 1532.375 1592.625 1714.687 1748.531 1760.156 1864.281 1888.437 1909.156 1917.312 2809.937 2981.312 
12.125 48.250 170.906 202.718 257.937 298.875 306.156 309.437 329.343 421.187 456.968 506.187 532.062 915.718 918.218 992.031 1015.437 1062.937 1076.156 1172.656 1263.156 1285.218 1384.687 1511.750 1571.062 1604.812 1608.625 1642.687 1686.406 1747.468 1760.687 1834.937 1875.593 1888.687 1938.625 2558.687 2797.187 
46.000 94.906 158.000 170.656 197.906 207.375 215.343 234.250 281.093 300.437 337.218 421.750 504.750 555.750 871.718 942.968 971.843 981.937 1017.093 1076.093 1172.375 1207.156 1321.156 1492.750 1612.718 1633.812 1688.906 1714.812 1720.406 1742.562 1763.281 2359.937 2731.156 3760.406 
27.781 111.968 122.531 205.593 226.593 399.531 425.437 469.656 555.531 783.968 919.750 965.343 1010.781 1015.437 1056.562 1088.468 1089.781 1172.625 1298.781 1310.250 1369.218 1384.406 1438.968 1571.093 1611.468 1639.281 1689.781 1714.500 1727.781 1782.218 1834.750 1912.531 1937.593 1942.625 2115.718 2246.125 
17.625 51.156 77.062 172.937 192.250 258.812 282.218 333.656 399.531 426.875 556.156 584.875 636.468 692.531 761.843 771.781 796.625 870.750 918.531 969.000 980.156 980.625 1009.843 1051.843 1054.875 1076.906 1193.875 1214.406 1298.687 1424.187 1436.687 1484.312 1493.125 1496.656 1605.781 1784.656 1832.593 1840.062 1935.218 2441.968 2980.625 
2.281 85.156 181.750 213.375 251.531 319.843 399.000 437.218 549.312 552.437 636.062 771.562 772.000 872.875 942.781 957.000 993.218 1011.906 1245.812 1503.562 1571.375 1608.031 1685.281 1686.062 1691.406 1715.031 1743.312 1747.718 1763.656 1876.562 1935.937 1939.718 1975.593 2309.406 3212.781 
