17.625 25.468 39.937 55.375 55.718 77.218 105.406 239.968 264.625 321.375 399.750 597.218 654.531 700.468 781.187 984.031 1143.281 1154.093 1266.406 1400.406 1422.500 1841.968 2223.937 2760.593 3077.156 3280.781 3386.718 3398.750 3697.937 3829.281 
64.968 75.250 117.281 133.312 239.187 266.062 410.843 549.000 844.500 1076.968 1145.406 1250.125 1489.812 1692.125 1729.468 2129.937 2251.125 
16.875 24.968 26.125 36.000 99.312 118.468 135.156 172.125 226.125 254.500 306.406 343.750 444.812 524.593 549.343 590.843 670.312 697.718 1079.687 1147.687 1247.968 1342.843 1379.375 1514.781 2781.375 3021.906 3431.281 3627.593 
26.812 64.906 84.593 101.531 143.812 168.812 219.781 234.031 447.093 690.312 915.156 1082.062 1137.750 1153.656 1490.375 1569.843 1688.343 2338.437 3426.406 
17.781 25.750 72.781 92.562 267.125 337.468 415.125 444.250 538.062 575.468 712.718 746.500 837.281 1146.812 1165.781 1218.343 1520.343 1792.531 2409.406 3101.250 3158.718 3688.312 
25.562 28.062 48.125 55.125 65.781 86.968 173.468 212.437 310.656 338.875 357.468 375.250 423.125 599.750 625.718 820.125 1143.343 1241.156 2828.937 3288.375 3439.562 3646.500 
26.562 50.406 78.000 192.062 231.750 408.500 488.312 559.437 612.250 717.187 996.750 1143.250 1217.031 1515.437 1773.625 1894.656 1976.062 2168.093 2640.968 2963.531 3235.687 
16.500 17.562 22.781 25.781 39.812 66.093 96.812 142.625 245.718 311.531 541.250 631.531 716.375 984.312 1132.593 1143.375 1234.187 1297.062 2037.312 2248.656 3102.531 3350.843 3449.750 3678.937 3779.125 
25.843 40.843 66.812 88.062 114.093 190.437 207.968 251.531 344.937 415.093 484.656 654.906 702.656 727.593 780.187 999.406 1062.531 1122.218 1140.968 1174.593 1328.781 1370.781 1403.218 1575.312 1722.937 
17.218 20.312 26.000 35.031 100.531 145.000 166.093 242.062 310.500 312.656 545.687 628.093 702.968 747.562 993.968 1085.406 1145.531 1220.343 1251.437 1335.343 1617.875 1679.875 1773.218 1945.062 2264.343 2370.718 2669.281 2914.343 3745.281 
