65.531 120.156 136.812 159.843 164.875 237.687 284.937 315.500 316.687 377.343 391.718 392.812 401.031 402.843 466.937 476.656 511.593 585.656 587.093 604.812 621.187 678.906 783.656 876.531 895.312 972.000 1038.781 1091.281 1119.187 1149.875 1583.750 
51.468 75.656 121.468 294.062 315.906 368.812 380.125 409.281 509.718 521.718 613.187 828.781 912.187 981.093 1098.031 1112.500 
11.312 21.687 42.093 64.000 84.875 130.500 145.093 213.843 215.593 246.843 368.875 404.375 416.062 451.718 511.156 571.656 587.625 598.187 605.000 618.343 734.343 815.656 817.031 913.625 921.343 922.437 959.593 1011.250 1019.156 1050.437 1097.625 1111.187 1149.281 1829.531 
10.750 11.687 65.156 75.156 240.187 260.000 315.250 315.937 368.812 438.156 467.031 487.687 489.843 592.093 736.468 756.750 972.437 981.906 1011.343 1048.687 1121.593 1135.218 
50.625 213.062 238.468 402.750 410.062 490.187 495.906 513.281 536.343 571.812 604.343 619.281 648.375 814.375 829.875 921.593 947.187 974.250 1037.093 1062.312 1085.593 1112.156 
23.500 51.843 85.750 120.906 261.625 272.593 280.718 402.281 435.406 444.031 459.468 488.062 513.093 562.187 571.875 605.562 757.625 767.937 785.156 816.250 829.968 881.812 883.062 922.000 929.562 1040.562 1093.250 1136.062 2422.812 
11.093 42.437 85.687 121.156 221.531 271.593 278.000 315.687 339.656 377.625 392.656 402.250 446.781 467.406 478.000 490.906 599.531 620.437 630.906 785.437 959.593 981.812 982.656 1019.968 1063.812 1102.281 1147.468 
23.125 23.843 24.187 65.093 75.125 110.343 284.031 299.968 315.843 368.656 392.750 410.312 490.625 492.625 522.093 561.781 754.562 767.218 805.750 876.406 914.250 1010.656 1011.375 1021.875 1037.656 1078.187 3804.218 
11.437 24.000 41.875 74.218 136.031 143.687 164.250 232.093 249.531 315.062 416.593 443.406 477.218 513.718 736.031 784.750 797.531 828.187 911.031 996.031 1012.687 1033.687 1078.343 1093.156 1135.375 
28.562 64.843 74.656 85.750 239.968 306.281 368.593 410.000 439.218 466.250 475.875 561.750 573.437 579.687 585.312 604.250 720.031 754.531 881.593 882.593 909.375 1149.968 
