126.718 419.687 569.062 570.093 647.031 763.406 1114.593 1371.156 1389.468 1523.531 1644.062 1654.875 1789.968 1843.031 1927.062 1957.218 1967.187 1978.406 2024.968 2032.718 2088.343 2098.562 2234.500 2461.718 2537.906 
24.937 78.437 161.218 274.593 296.218 325.468 370.593 435.937 450.937 553.875 621.312 647.718 736.281 740.093 861.531 912.281 947.687 1014.718 1065.437 1081.343 1169.343 1242.843 1273.906 1388.062 1390.500 1450.593 1456.531 1501.125 1544.781 1546.093 1700.031 1788.906 1809.406 1886.812 1979.593 2108.156 2151.937 2274.000 2361.218 2362.281 2395.000 2447.687 2453.250 2491.875 
10.968 46.187 98.687 121.406 193.625 411.875 618.468 765.093 838.812 846.843 908.843 1046.968 1080.750 1114.937 1133.031 1241.000 1280.781 1355.843 1371.937 1404.156 1604.625 1639.906 1655.968 1809.718 1826.500 1859.093 1926.250 1945.531 1958.750 1997.718 2041.125 2108.562 2128.312 2233.687 2255.125 2509.687 2510.718 
30.468 170.000 185.593 291.718 387.843 421.281 540.562 737.437 761.875 810.125 1028.468 1048.468 1080.375 1242.968 1371.687 1386.281 1465.906 1669.968 1704.000 1740.562 1787.656 1827.531 1886.937 1915.312 1926.656 1977.000 1990.562 2016.500 2088.218 2233.593 2245.562 2296.218 2462.312 2496.625 2509.750 2524.500 
252.625 307.375 372.281 433.812 487.781 539.062 603.281 649.593 942.937 993.187 997.843 1065.906 1135.093 1135.656 1242.437 1243.687 1302.250 1309.156 1317.937 1446.875 1464.968 1475.593 1627.062 1647.593 1700.906 1807.750 1808.843 1844.750 1889.531 1926.843 1943.906 1974.500 1998.625 2056.687 2071.000 2088.093 2105.062 2234.218 2241.187 2258.656 2279.031 2347.312 2361.843 2414.812 2440.406 2495.656 2497.812 2509.500 
10.593 11.750 42.812 77.281 98.000 212.093 275.187 296.937 310.468 372.375 420.843 421.218 495.156 554.906 571.343 606.437 622.156 765.656 809.343 838.312 933.781 1029.187 1066.906 1110.031 1180.031 1196.156 1388.750 1406.812 1438.906 1462.656 1502.250 1593.281 1789.437 1797.000 1810.375 1935.656 1958.500 2070.250 2071.156 2273.000 2345.031 2362.906 2394.531 2466.468 2510.312 
20.437 40.843 41.968 79.468 178.593 323.437 365.031 372.812 434.250 452.281 765.156 861.187 862.562 996.343 1244.375 1373.875 1446.937 1482.687 1496.156 1520.531 1602.875 1625.812 1660.187 1704.718 1713.781 1843.218 1980.000 2014.250 2016.281 2071.968 2089.500 2131.906 2178.656 2262.343 2273.875 2362.000 2382.281 2509.468 3646.812 
11.062 111.593 119.375 267.218 291.375 306.000 327.031 372.625 436.968 495.750 620.781 654.156 861.937 862.843 908.750 1013.281 1014.937 1065.562 1298.687 1306.687 1502.312 1580.093 1627.687 1701.750 1702.750 1740.000 1789.093 1809.687 1841.531 1890.468 1934.968 1944.750 2238.906 2255.531 2364.468 2497.562 
22.875 57.843 327.218 393.437 656.187 724.125 926.000 934.187 996.500 1066.437 1073.593 1081.468 1111.687 1113.000 1242.812 1371.906 1387.875 1482.562 1502.625 1740.906 1789.125 1828.187 1959.687 1976.125 2099.250 2167.218 2285.906 2343.718 2379.250 2411.656 2420.500 2429.375 2444.156 2448.968 2509.812 3268.062 3573.156 
68.656 81.718 193.531 195.687 313.968 328.468 553.250 569.718 724.562 765.375 782.218 909.843 955.437 1029.843 1113.593 1122.031 1126.937 1197.968 1241.968 1266.187 1482.781 1502.187 1531.562 1627.062 1789.906 1808.218 1886.125 1981.843 2072.218 2246.968 2276.468 2360.906 2380.750 2461.406 2487.500 
