10.875 13.843 185.968 186.968 192.312 254.625 414.218 502.781 510.125 645.437 734.843 751.906 845.656 849.625 1069.468 1088.062 1158.000 1263.187 1276.000 
76.312 109.468 144.968 204.218 560.906 571.656 593.750 647.281 731.750 732.781 753.031 775.531 850.031 863.937 948.468 949.812 1136.156 1274.875 1307.531 1308.718 1336.812 1399.187 1401.812 
10.625 37.281 50.156 65.968 165.875 175.625 184.843 196.406 255.812 323.187 391.468 428.468 500.031 624.500 635.562 714.875 746.750 777.468 778.218 849.656 897.218 938.968 1038.562 1089.437 1090.468 1105.437 1157.906 1160.500 1293.906 1315.812 1433.531 
9.750 25.406 49.406 126.687 146.468 187.781 256.343 268.187 333.718 352.562 353.656 406.031 501.375 520.062 549.437 562.093 622.562 623.718 685.125 734.687 747.593 780.031 940.343 1057.062 1073.750 1160.250 1166.812 1186.125 1276.031 1288.218 1292.593 1300.406 1328.343 
9.843 148.093 300.250 321.312 387.218 437.031 534.125 552.750 623.718 661.062 684.312 732.687 751.281 777.093 800.000 880.656 1068.093 1158.031 1172.250 1277.468 1288.531 1432.531 
146.312 255.750 414.031 614.875 674.593 746.375 939.718 1016.031 1158.375 1275.562 1337.281 1350.875 1447.218 
102.406 294.437 298.843 403.218 444.218 482.906 536.843 594.218 646.531 747.156 764.531 844.500 850.531 895.312 1039.062 1043.218 1088.000 1289.593 3803.125 
11.156 25.312 26.156 54.937 157.156 163.312 166.968 227.718 291.343 352.875 594.156 659.375 731.187 783.500 851.625 901.843 1015.468 1021.406 1058.156 1088.125 1187.156 1352.093 1399.875 1432.718 
25.750 54.687 107.843 201.187 228.031 327.781 493.562 521.875 779.625 850.437 972.281 1038.562 1069.093 1105.750 1156.906 1158.843 1216.875 1274.968 1276.375 1289.937 1293.843 1337.031 1399.031 3685.593 
15.875 24.468 45.625 129.875 146.812 291.593 299.156 310.218 353.093 519.312 537.812 562.250 645.812 646.906 658.531 732.531 736.062 737.250 763.062 797.312 849.187 850.187 931.093 940.031 983.718 1039.093 1041.625 1043.062 1089.875 1157.031 1288.312 2069.093 3765.281 
