70.062 77.750 206.250 231.000 239.875 261.812 531.218 538.375 756.375 822.281 845.187 846.156 861.593 873.312 882.906 888.937 971.125 1013.968 1026.343 1041.468 1054.406 1056.406 1072.187 1108.187 1190.593 1201.625 1203.187 1324.500 1349.281 1638.187 1745.218 1775.468 1820.218 1820.968 1849.093 1898.718 1936.218 1976.093 1996.968 1999.312 2000.437 2015.625 2016.625 2071.437 2173.156 2174.718 2202.875 2265.156 2266.718 2345.875 2347.343 2383.593 2404.843 3602.843 
55.562 112.375 130.000 262.312 271.156 353.781 508.406 540.187 556.156 644.718 729.625 763.125 772.718 802.312 811.406 851.500 878.718 1005.812 1007.531 1065.250 1140.031 1181.156 1217.312 1223.062 1225.281 1232.500 1577.125 1578.250 1630.156 1646.343 1670.218 1691.343 1692.250 1769.843 1880.812 1903.531 1982.687 1997.500 1999.062 2048.750 2128.031 2136.812 2158.968 2249.062 2315.281 2336.531 2382.312 2384.656 
96.375 105.968 114.062 127.125 182.093 206.750 232.656 252.687 665.125 724.625 757.937 763.875 764.093 800.812 872.312 880.625 895.312 899.312 908.562 940.375 953.656 959.343 1055.593 1076.531 1178.437 1183.843 1348.812 1369.125 1369.843 1371.000 1596.062 1648.562 1663.281 1692.031 1772.593 1773.406 1850.343 1880.562 1881.000 1921.781 1983.906 1984.187 2045.468 2055.937 2127.250 2128.593 2137.937 2142.500 2143.687 2210.281 2229.187 2259.406 2333.781 2364.125 2421.312 
120.531 242.406 316.187 325.906 385.906 471.062 508.937 524.687 566.750 758.531 873.250 908.937 957.312 1085.687 1122.843 1170.968 1172.531 1202.343 1218.875 1246.187 1348.562 1370.093 1379.906 1647.625 1663.656 1675.968 1744.812 1746.406 1841.031 1937.000 1938.062 1982.750 1996.968 2034.593 2082.406 2119.875 2128.812 2137.937 2173.437 2214.656 2331.125 2332.406 2333.312 2340.968 2355.531 2397.406 2399.031 
38.312 44.687 123.812 181.937 205.562 240.312 451.812 490.656 522.312 643.562 676.781 707.875 838.468 892.906 946.968 979.500 1023.375 1084.093 1189.093 1190.312 1202.562 1223.281 1290.312 1348.562 1396.375 1577.093 1578.656 1595.218 1621.312 1661.656 1691.125 1752.531 1796.875 1799.843 1824.000 1841.562 1880.281 1881.687 1899.343 1998.375 2021.781 2023.468 2038.875 2083.437 2157.843 2245.125 2268.750 2297.218 2322.437 2410.000 
55.031 70.406 77.375 121.375 214.843 216.656 285.187 326.843 489.031 501.437 557.281 623.312 644.406 670.406 796.937 801.562 809.781 839.937 861.187 873.593 939.125 947.000 958.968 965.312 1006.125 1083.968 1085.281 1111.375 1148.218 1202.343 1217.250 1246.718 1350.531 1370.187 1370.593 1665.031 1752.156 1806.937 1848.906 1902.062 2051.843 2071.437 2142.906 2194.031 2247.437 2252.500 2291.250 2315.968 2378.406 2383.781 
38.062 55.843 81.531 91.718 96.343 204.312 238.031 253.750 300.218 313.343 470.812 516.687 642.468 728.031 730.468 764.593 801.187 822.968 887.625 900.406 939.187 958.187 1084.375 1148.343 1223.156 1300.406 1317.937 1348.375 1370.031 1589.156 1621.937 1631.125 1646.625 1676.218 1690.781 1765.937 1823.062 1842.562 1880.500 1882.093 1932.968 2046.000 2071.156 2128.250 2174.781 2218.656 2314.312 2321.437 2323.156 2404.125 
55.968 91.843 96.781 118.187 239.093 326.062 470.687 471.500 641.375 860.718 886.937 996.906 1007.687 1083.625 1146.218 1189.906 1219.625 1245.812 1318.437 1343.843 1396.531 1397.031 1577.625 1579.125 1595.968 1601.968 1621.968 1772.718 1773.562 1822.156 1829.875 1924.687 1932.625 1936.968 1999.906 2043.562 2071.937 2160.062 2174.125 2211.156 2259.281 2267.687 2342.562 2369.000 2371.250 3899.656 
69.718 77.937 117.500 120.843 177.781 270.843 487.937 508.187 643.437 663.937 670.781 746.968 909.968 968.750 1055.718 1061.343 1094.968 1192.343 1210.312 1232.843 1234.125 1318.843 1566.281 1622.687 1691.750 1882.500 1908.812 1975.312 1998.093 2023.187 2235.625 2266.468 2290.937 2321.687 2331.531 2355.218 2356.093 2406.750 3236.531 3751.562 
96.843 123.937 228.656 260.750 502.250 531.781 557.593 663.406 664.468 671.312 747.656 750.406 854.156 895.812 939.093 945.750 981.843 1005.125 1006.468 1171.875 1190.000 1203.125 1221.312 1221.812 1228.000 1233.156 1234.687 1299.093 1346.937 1370.750 1409.750 1565.843 1577.125 1621.593 1630.656 1647.187 1798.843 1822.875 1842.000 1905.625 1935.343 2046.843 2054.781 2128.187 2135.843 2173.406 2177.781 2396.687 2418.125 
