457.875 601.750 640.468 802.593 1619.781 1745.843 1757.906 1759.437 2121.593 2278.687 2280.625 2284.000 2292.281 2315.500 2345.875 2353.656 2369.812 2565.125 2593.937 2624.562 2644.906 2684.031 2709.187 2726.343 2833.781 2838.031 3117.718 3144.062 3184.125 3185.750 3214.156 3270.062 3391.531 3625.250 3715.375 
307.875 1169.000 1466.281 1669.781 1676.000 1738.593 1831.937 1851.656 2005.406 2098.906 2212.062 2237.812 2284.312 2288.937 2311.781 2402.812 2775.093 2781.250 2802.093 2822.843 2833.812 2849.218 3172.718 3223.562 3254.000 3275.781 3293.781 3349.687 3411.781 3473.343 3498.625 3509.906 3604.250 3612.593 3895.500 3917.062 
6.125 457.156 472.093 596.843 740.000 778.000 1266.718 1642.687 1740.500 1896.968 2141.156 2170.656 2176.875 2217.093 2222.687 2232.687 2303.562 2322.312 2562.375 2606.218 2686.437 2785.781 2828.468 2853.156 2881.500 3130.125 3141.812 3151.531 3237.437 3694.281 3698.687 3706.843 3723.781 3727.125 3736.562 3933.281 
293.375 296.718 311.968 671.281 694.562 698.093 850.312 978.437 1219.687 1283.031 1568.375 1591.343 1663.156 1700.406 1942.968 2037.875 2105.718 2152.156 2168.718 2208.343 2220.593 2283.968 2288.250 2316.156 2479.000 2488.031 2589.687 2678.906 2681.250 3089.875 3111.437 3184.218 3223.812 3237.312 3551.656 3566.187 3602.843 3685.906 3709.218 3733.750 3748.937 3939.468 
230.093 531.937 597.281 819.218 1164.937 1178.968 1465.343 1470.937 1489.250 1492.375 1505.968 1517.156 1652.875 1781.656 1832.750 2092.687 2118.875 2133.406 2193.812 2345.187 2405.093 2412.687 2426.593 2442.937 2461.093 2469.156 2488.000 2659.937 2747.656 2792.437 2816.000 2826.875 2841.406 2849.187 3168.843 3184.437 3199.156 3206.625 3227.750 3248.281 3254.062 3292.625 3328.406 3368.968 3512.093 
268.625 283.812 492.531 755.062 1727.906 1782.250 2177.000 2189.250 2194.625 2633.781 2640.656 2667.281 2690.875 2805.593 2873.593 3144.093 3176.687 3628.843 3681.468 
276.968 715.125 1530.406 2106.250 2183.781 2461.718 2540.843 2559.875 2703.250 2719.906 2744.468 2802.156 3212.343 3252.500 3314.843 3374.343 3424.750 
665.812 1732.062 2263.062 2367.156 2379.875 3468.781 3506.000 3564.750 3681.562 3938.562 
2878.500 
1000.750 2315.468 2849.562 3068.906 
