10.125 22.312 103.468 902.750 1064.218 1260.718 1446.000 1752.593 1868.218 2088.187 2114.437 2151.250 2169.093 2341.437 2343.031 2381.031 2396.437 2411.468 2427.218 2469.375 2493.781 2518.437 2533.000 2558.843 2586.750 2769.000 2942.406 3012.562 3036.875 3045.187 3152.156 3296.281 3314.062 3332.968 3347.875 3409.968 3459.531 3465.906 3591.281 3635.593 3873.562 3909.875 
0.906 382.937 444.750 675.593 941.906 971.593 1024.406 1050.000 1148.062 2054.343 2109.375 2142.000 2164.843 2192.406 2219.531 2330.437 2528.968 2536.375 2556.093 2572.156 2628.343 2864.281 2887.031 2919.187 2937.531 2982.375 3004.843 3037.593 3058.375 3073.531 3431.375 3452.156 3468.718 3507.687 3525.093 3572.093 3906.062 3928.625 3939.406 3959.343 3990.468 
409.343 924.156 935.937 973.812 993.718 1762.781 1965.937 1979.281 1989.531 2012.656 2097.437 2127.531 2141.625 2158.312 2163.781 2182.062 2187.187 2216.625 2291.250 2590.750 2615.062 2634.312 2662.312 2678.250 2683.812 2691.187 2707.781 2963.093 2972.718 2995.843 2998.406 3019.625 3039.093 3422.031 3481.468 3491.906 3501.250 3524.187 3548.968 3553.093 3592.937 3777.312 3798.125 3880.781 3895.125 3895.406 
1434.625 2043.000 2088.125 2138.500 2425.718 2445.687 2458.500 2485.812 2708.343 2726.250 2743.375 2880.531 2946.437 3191.250 3209.812 3236.156 3254.750 3275.000 3285.437 3329.593 3527.343 3657.375 
7.812 470.843 507.125 2088.750 2099.968 2163.437 2190.312 2199.281 2241.625 2265.843 2324.656 2363.343 2494.781 2535.750 2587.031 2598.968 2624.937 2744.437 2771.718 2783.156 2796.812 2811.687 3630.187 3671.000 3677.781 3734.062 3747.875 3852.000 3858.437 3878.125 
1.968 21.781 506.156 626.000 1229.750 2056.687 2083.093 2190.312 2287.562 2694.468 2704.687 2790.281 2800.718 2979.625 3147.812 3162.500 
1234.843 1236.812 1998.187 2252.468 2515.750 2557.843 2579.906 2642.937 3032.593 3040.968 3045.656 3078.468 3081.156 3085.593 3513.187 
3236.343 
2332.312 2841.062 2846.750 
1596.218 
