14.031 15.656 19.625 25.000 25.625 47.031 91.531 96.187 171.500 198.093 277.375 309.375 336.093 337.062 407.906 486.875 596.812 682.968 706.937 840.281 842.406 914.468 939.875 1010.593 1140.156 1143.687 1215.375 1224.187 1226.187 1339.875 1562.625 1564.812 1666.000 1719.156 1749.125 1863.093 1931.531 3075.875 
13.718 18.187 51.812 67.281 198.031 269.937 278.281 297.250 314.781 346.187 524.375 625.406 853.500 861.375 918.906 1324.312 1421.718 1437.812 1525.343 1727.812 1737.531 1761.031 1775.593 1846.468 
13.125 18.781 20.281 20.687 46.312 60.000 197.937 246.062 297.812 302.812 313.000 440.875 711.156 909.843 1019.531 1027.593 1206.875 1238.281 1325.687 1359.968 1399.218 1522.312 1852.437 2849.156 
13.375 14.125 15.125 46.812 79.250 100.156 296.562 333.718 525.406 669.250 684.437 706.468 909.281 1224.468 1562.093 1664.531 1892.531 1929.500 
13.500 14.718 14.906 46.812 49.281 110.062 196.531 272.718 407.250 487.312 523.156 594.093 596.187 621.375 706.000 840.343 931.281 1010.562 1140.875 1561.625 1665.531 1671.218 1755.156 1758.437 1840.000 1841.031 1857.218 
15.281 25.531 48.593 55.093 81.468 112.000 248.062 263.531 407.562 519.093 909.656 918.781 983.968 1031.125 1361.718 1561.218 1563.187 1839.312 1840.875 1866.156 
12.906 13.375 15.625 20.000 47.281 73.875 193.437 248.156 264.218 316.750 322.218 325.750 418.218 523.343 664.468 912.781 1007.687 1048.718 1237.625 1249.781 1320.437 1323.718 1381.312 1436.593 1562.281 
14.875 16.593 19.562 52.937 84.343 247.093 276.156 284.312 316.500 485.906 840.843 907.437 909.281 911.125 999.843 1239.187 1364.093 1413.968 1419.187 1420.812 1451.500 1562.687 
13.968 15.156 19.437 49.687 55.000 284.968 677.718 706.937 1047.375 1137.531 1286.156 1561.718 1671.406 1755.250 2584.937 
19.750 20.406 57.625 111.031 244.687 315.937 419.125 466.343 532.718 604.750 626.156 680.156 706.656 1196.156 1211.000 1212.500 1234.437 1326.312 1374.906 1408.218 1455.000 1746.625 1851.437 1860.062 1864.218 3252.906 
