128.093 354.218 488.500 835.281 850.343 871.718 883.875 983.718 1096.000 1172.000 1236.562 1247.656 1254.500 1463.656 1497.625 1960.875 2121.375 2180.593 2353.187 2374.093 2654.843 
267.062 318.812 915.312 973.937 1312.781 1350.093 1464.593 1866.625 2173.250 2357.406 2436.906 
660.281 692.531 723.593 846.000 1023.375 1414.000 1433.031 1666.375 1805.343 1918.875 2087.468 2287.875 
97.656 158.812 237.812 616.000 634.406 641.500 736.500 868.593 955.343 973.562 1023.656 1150.406 1181.218 1326.531 1458.218 1501.687 1508.906 1695.000 2057.656 2135.656 2159.937 
129.531 252.125 634.375 694.812 801.187 845.093 848.375 1298.218 1863.687 1920.093 2116.843 2292.437 2352.218 
115.250 670.656 680.468 858.687 877.937 897.343 1015.000 1798.218 1914.812 2162.468 2241.156 
112.593 209.031 240.062 330.906 512.125 634.875 650.000 721.468 876.343 915.531 1020.500 1204.906 1266.062 1282.343 1341.000 1615.781 1865.718 2001.281 2148.843 2280.781 2298.750 2307.312 
198.062 249.625 296.718 525.875 621.625 635.500 844.593 1394.968 1471.718 1516.000 2115.125 2329.843 2337.406 
120.312 178.875 309.187 390.250 617.968 772.406 897.406 1560.343 1898.812 
196.125 221.843 410.031 470.093 639.750 1905.375 2317.906 
