78.781 85.125 97.312 103.468 108.937 119.656 134.843 240.593 260.500 264.343 415.500 424.031 435.781 459.375 474.000 579.937 587.625 603.093 634.750 744.500 766.906 776.500 783.968 820.250 827.781 849.687 857.187 875.000 890.093 900.156 1018.406 1026.187 1034.812 1054.593 1079.125 1080.750 1100.437 1214.187 1260.406 1268.250 1301.125 1333.937 1351.031 1360.375 1388.312 1401.281 3190.781 
76.093 95.937 120.031 260.875 272.062 278.062 299.500 456.000 470.468 574.000 585.375 595.218 621.781 744.718 761.500 766.843 774.937 790.093 799.718 823.312 829.281 839.843 849.625 866.812 872.281 884.250 892.656 1004.687 1023.218 1051.000 1069.906 1089.500 1095.906 1144.031 1234.062 1243.375 1261.312 1265.656 1274.250 1292.281 1302.531 1313.156 1320.312 1326.781 1333.812 1357.187 1371.593 1400.562 3705.000 3880.281 
79.000 99.187 133.437 261.093 292.812 307.031 414.500 458.406 602.718 762.625 772.218 787.312 827.437 837.156 892.687 1072.687 1105.562 1244.406 1250.375 1272.593 
79.281 118.656 129.468 263.812 311.437 430.531 450.031 460.187 611.406 756.156 799.500 1046.718 1073.437 1105.187 1236.687 1301.156 1316.812 
63.656 118.343 306.562 450.281 461.031 608.468 786.000 1016.625 1036.875 1104.312 1252.843 1307.281 
66.156 80.500 133.843 304.656 471.156 612.562 627.781 754.843 894.031 1098.875 1360.125 
273.875 298.093 1279.687 1356.093 
92.750 129.656 305.093 419.875 425.875 450.531 471.656 576.125 608.875 719.187 790.375 1241.500 1305.343 1314.312 
58.250 61.593 85.437 99.906 135.500 253.937 258.812 276.281 299.968 307.187 453.312 575.156 576.593 605.625 823.312 845.218 856.781 1043.062 1084.281 1232.281 1245.281 1307.625 
77.718 130.781 268.031 771.437 851.968 891.312 1095.875 1231.750 1370.875 1377.218 
