67.406 194.625 207.000 238.781 689.250 965.218 1222.281 1302.656 1451.781 1681.875 1829.687 1870.656 1875.750 
1072.593 1113.187 1221.437 1511.906 3095.968 
187.187 986.937 1830.031 
65.281 105.812 208.406 295.906 308.781 368.343 903.093 924.156 981.781 1328.750 1411.593 1715.718 3395.843 
699.343 979.312 1320.437 1700.062 
108.468 197.843 
44.312 132.937 187.156 470.625 629.125 630.656 751.968 1125.125 1141.437 2079.906 3556.250 
104.531 252.625 300.750 1080.093 1279.937 1345.843 1747.437 1963.343 2181.218 3553.343 3629.093 
109.375 216.656 253.406 469.875 470.906 830.875 887.937 912.125 
58.750 107.968 260.125 314.625 499.093 592.500 874.531 1123.281 1147.562 1188.906 1222.187 1224.281 1552.812 1897.656 1978.968 2738.875 3482.125 3607.843 
