18.062 21.843 25.125 31.093 35.375 36.125 52.000 63.031 65.062 135.468 135.750 152.312 171.781 243.500 244.843 268.343 343.531 347.375 360.937 395.562 407.437 432.406 531.437 549.437 688.406 698.343 738.125 745.468 772.062 815.625 825.125 827.406 926.625 1106.656 1197.093 1267.843 1659.656 1846.375 1850.468 1950.593 3953.812 
18.187 33.000 67.718 95.093 147.437 178.312 243.125 243.937 265.718 358.093 417.406 432.250 467.062 532.156 541.593 573.812 700.250 746.437 813.031 887.968 927.156 990.687 1005.062 1010.281 1148.750 1177.781 1195.937 1196.468 1215.156 1254.937 1268.531 1323.718 1408.437 1527.156 1596.312 1728.531 1796.093 1802.875 1844.906 1880.187 1967.625 
18.906 26.187 135.625 150.531 182.531 200.468 234.437 269.718 345.343 347.906 378.875 401.250 422.781 482.656 593.937 723.093 774.656 776.843 793.156 1033.906 1121.625 1243.406 1341.906 1426.312 1442.312 1484.406 1563.656 1565.062 1590.906 1604.656 1893.531 3281.093 
22.625 138.468 185.218 242.656 245.937 254.500 327.312 819.000 878.656 961.062 1164.406 1263.718 1690.718 1943.718 
21.156 21.656 27.343 52.312 71.750 96.406 243.531 343.000 360.125 439.250 570.125 660.937 773.781 815.250 934.281 1198.531 1199.187 1214.781 1263.656 1341.156 1856.187 1889.468 1951.875 
149.875 199.156 285.562 286.718 345.218 365.281 482.406 822.437 916.343 1031.687 1107.781 1266.656 1355.968 1560.562 
288.625 404.000 439.625 483.625 491.937 703.031 742.906 821.781 824.218 1218.593 1261.125 1262.593 1450.468 1532.312 1547.531 1935.062 1947.187 
21.375 21.781 52.906 149.031 150.000 188.187 275.000 359.531 417.656 751.281 1213.406 1528.750 1844.218 
36.406 67.875 93.687 287.625 349.125 442.000 553.656 662.375 697.281 778.187 896.250 1069.250 1071.906 1196.625 1267.000 1443.875 1526.000 1531.406 1845.812 
18.875 26.468 61.125 133.375 178.937 347.625 489.500 510.531 739.062 1142.000 1443.031 1777.843 1935.062 
