-1464.125 -1313.469 -1206.219 -841.500 -725.250 -563.000 -178.407 -160.532 -111.157 -17.000 18.687 78.156 95.312 138.687 168.187 213.500 264.281 300.843 318.437 402.343 411.187 510.500 535.687 611.812 654.937 849.031 982.406 1160.968 1329.593 1396.312 1476.281 1539.093 1547.968 1831.750 1844.031 2489.750 3559.531 3577.031 
-1429.532 -1066.032 -983.688 -967.938 -921.032 -859.188 -529.063 39.593 46.343 143.593 297.312 320.093 354.093 470.781 479.843 513.218 534.812 617.531 692.375 1301.468 1305.531 1309.906 1370.812 1391.281 1420.937 1475.281 1543.468 1731.625 1853.250 3725.843 3822.531 3847.218 3980.562 
-1957.375 -1884.282 -1844.469 -1221.250 -1169.438 -1145.719 -1064.188 -503.094 75.406 290.250 366.500 703.187 954.593 1256.125 1326.593 1592.125 1731.500 1758.531 2716.437 2779.750 3738.000 3835.875 3949.281 
-1799.219 -1316.657 -1243.563 -1229.938 -443.844 -379.907 -194.907 -128.219 22.312 29.750 79.531 166.656 185.218 330.500 427.750 556.625 688.750 693.562 697.125 723.718 760.593 856.718 1005.656 1189.656 1436.906 1686.562 1719.750 1759.000 1942.625 2440.093 2463.406 3586.656 3626.062 3729.843 
-1116.407 -1061.438 -825.063 -767.813 -187.219 -151.625 -89.594 21.062 77.750 227.687 278.437 319.187 355.718 573.468 747.750 772.843 839.468 1029.375 1243.375 1271.156 1281.406 1282.031 1304.156 1307.562 1565.281 1624.562 1815.625 3193.593 3530.812 3555.750 3615.156 3721.281 3859.500 
-1805.719 -1211.032 -1029.719 -936.688 -465.719 39.531 46.093 140.093 265.562 324.937 351.187 377.593 390.156 1055.906 1430.218 1478.281 1508.875 1612.593 1792.406 1957.218 1998.812 2993.937 3672.218 3909.218 
-1690.563 -1664.907 -1004.532 16.375 128.000 265.968 279.750 320.906 392.000 455.468 511.781 837.843 926.781 1010.843 1047.687 1127.562 1237.250 1283.593 1318.687 1422.250 1505.375 1678.812 1787.656 1818.281 2322.500 3094.843 3571.250 3647.625 
-1987.250 -1175.157 20.906 283.218 466.750 616.968 1634.406 
-742.188 -638.594 225.218 541.312 657.500 1244.468 1440.625 1939.937 
-1672.500 48.093 103.000 165.156 184.187 607.250 838.781 923.906 1007.937 1029.937 1549.531 1673.562 
15.062 80.718 212.187 559.968 912.656 1019.406 1133.093 1233.531 1975.875 
-1717.344 -559.438 96.437 378.781 412.687 791.968 896.250 1145.906 1887.906 3635.937 
-1659.000 -1018.125 -344.750 97.000 481.937 531.625 925.812 1587.750 
-1497.719 -1039.063 264.156 372.000 524.031 1030.843 1074.000 1315.156 1814.312 
