-1633.594 -1327.250 -1062.438 -993.375 -194.313 117.531 211.406 225.812 507.437 639.375 666.875 859.031 859.687 903.062 1099.750 1141.781 1282.843 1395.812 1400.031 1473.687 1900.593 1941.593 2019.125 2591.562 2634.562 2822.093 3078.718 3306.781 
-1271.375 -1230.313 -1145.750 -1109.219 -999.844 -547.938 -520.313 18.468 88.031 118.375 129.031 135.343 157.843 432.312 694.843 712.000 757.031 800.906 1479.750 1583.843 1649.093 1777.156 2018.656 2024.187 2685.781 2977.500 3353.000 3406.937 3890.437 
-1427.594 -1320.969 -1228.344 -751.813 28.562 216.062 354.468 453.250 695.625 725.031 819.812 941.937 1167.437 1304.312 1325.093 1391.593 1623.843 1642.375 1690.468 3105.968 
-1943.407 -1193.375 -591.032 -532.625 9.406 27.156 138.843 199.656 296.437 302.281 332.125 412.562 454.906 745.406 962.687 1057.156 1823.343 1955.531 1996.625 2027.281 3688.187 
-1347.875 -1111.969 -1051.750 -971.407 -454.219 -347.438 -292.875 -214.125 147.812 309.531 389.468 417.031 509.093 579.468 609.375 723.906 752.937 902.687 994.906 1249.406 1470.656 1514.875 1643.687 1644.718 1684.156 1778.968 1902.093 1987.812 2662.656 2865.468 2981.125 3054.656 
-1651.219 -1609.438 -1402.750 -581.282 -450.344 -311.813 96.687 192.468 359.468 501.687 562.812 625.187 789.718 1126.656 1214.375 1649.593 1663.093 1874.906 
-1505.157 -1451.969 -403.375 -274.657 -133.875 522.343 553.312 567.781 724.156 727.937 1414.937 1466.468 1592.312 1894.187 1937.468 2798.968 2852.406 3125.406 3560.906 3735.781 
-891.688 -777.282 209.406 474.375 606.125 697.000 997.843 1039.593 1459.875 1498.031 1525.218 1628.562 1651.312 1723.281 1753.906 1757.062 1777.625 1822.375 2763.906 3439.875 3446.781 3977.812 
-1501.813 -303.625 138.875 171.937 231.406 304.937 729.000 1261.281 1388.437 2909.281 
-1803.438 -488.000 38.687 213.968 293.812 441.031 627.875 728.875 791.562 1771.125 2341.687 2840.531 3549.812 3632.750 3860.562 
-1848.813 -1371.875 151.218 210.687 224.218 590.687 1117.406 1538.718 1605.000 2583.843 3967.281 
-1571.313 -1501.438 -301.125 386.250 414.250 591.187 834.406 1530.843 
-1882.563 -725.188 -551.219 170.781 238.031 668.375 953.968 1870.156 2068.656 
-1369.157 -633.063 -250.532 106.062 295.750 328.312 528.750 1099.343 1388.187 1584.093 3200.812 
