-1789.313 -967.969 -849.844 -506.500 -457.000 -425.000 -132.719 -38.782 230.562 245.625 309.687 355.468 375.468 413.437 443.437 466.781 492.343 816.000 1002.156 1020.000 1041.281 1332.156 1383.531 1443.125 1913.656 2008.718 2293.906 2302.312 2955.468 3136.687 3212.343 3308.968 3435.937 
-1971.500 -1370.282 -1363.813 -983.500 -937.188 -795.969 -141.313 -24.657 64.625 173.500 266.312 533.062 607.531 724.468 840.437 866.593 958.125 1107.093 1189.937 1240.531 1377.500 1379.812 1509.781 1818.031 1860.843 1976.906 2003.031 
-1900.500 -1639.532 -1070.563 -1050.157 -649.938 56.218 104.531 142.281 326.437 355.062 383.656 414.500 424.625 459.437 493.781 541.218 603.062 1132.437 1138.875 1799.843 2043.718 
-1709.875 -1672.500 -1641.438 -906.125 -337.469 18.562 186.250 224.468 313.093 377.468 382.187 942.156 1199.875 1204.375 1264.250 1448.093 1688.375 1706.156 1887.500 1947.562 2141.562 2690.843 3070.468 3613.343 3741.750 3835.031 
-1915.500 -1902.469 -1177.594 -998.782 -747.938 -555.157 -220.438 55.906 86.000 88.281 292.343 374.093 418.250 532.500 871.875 982.656 1006.937 1039.968 1173.125 1352.406 1443.375 1821.093 2678.531 2959.000 3899.218 
-1917.469 -1878.157 -1757.500 -1717.719 -1298.719 -1265.344 -1233.938 -1220.282 -875.688 -856.188 -832.375 -180.938 -129.000 -128.094 42.625 76.375 103.937 883.031 901.500 935.687 987.687 1013.656 1132.062 1157.125 1183.406 1382.750 1580.187 1971.093 3309.156 3517.406 
-1132.094 -1052.157 -1024.032 -334.375 39.625 103.625 117.750 137.218 395.468 432.562 444.312 473.093 518.156 540.687 541.625 656.468 717.000 938.781 1002.218 1132.656 1396.937 1498.781 1680.000 1720.187 1738.718 1741.812 1899.250 1950.062 2050.000 2405.468 2817.968 3259.968 3448.093 3493.812 3811.968 
-1766.719 -807.782 -340.625 158.281 1441.468 1724.968 2950.781 
-1078.375 -462.125 592.031 662.187 773.375 1005.875 1040.187 1172.281 1349.125 1604.656 1672.312 1959.093 3523.656 
-1631.875 -1497.625 -1141.719 -58.719 100.656 454.625 849.156 1188.093 1217.312 1816.937 
-982.125 -417.000 -150.688 16.250 55.843 124.718 1271.218 1687.562 1738.875 3967.437 
-1742.250 -1550.125 -461.907 71.906 120.875 138.468 418.593 543.843 935.156 1614.125 1720.562 2364.406 3398.000 
123.187 166.375 269.437 273.718 1075.968 1166.406 1440.093 1615.843 1648.968 1682.843 1747.843 2932.000 
-1872.157 50.750 135.156 661.656 762.187 1131.812 1296.187 2010.218 
