306.500 332.562 446.468 721.718 772.593 800.937 940.687 945.531 1524.625 1531.093 1621.375 3329.968 3797.968 
412.625 534.062 670.281 853.500 1338.062 1373.156 1777.843 1789.437 2189.531 2603.062 3460.468 3473.812 
401.031 725.718 770.156 778.093 797.343 922.781 1577.093 1719.437 3124.812 
752.312 759.250 764.437 802.906 809.218 813.968 952.406 1150.875 1305.375 1341.593 1724.031 1728.625 1826.812 2232.312 2630.031 2637.093 2661.093 2664.406 2860.031 2958.750 3722.375 
365.500 526.312 1151.156 1291.187 1587.906 1725.250 3454.656 
385.500 769.593 782.718 1327.031 1347.000 1387.593 1414.093 1445.406 1538.531 1619.687 1691.093 2343.000 2780.593 3065.656 3479.937 3485.593 3536.031 3582.281 3712.281 3815.468 3817.687 3830.750 3852.437 3916.031 
45.218 399.406 517.500 529.156 601.750 717.687 718.968 761.718 1064.125 1216.500 1288.656 1302.218 1308.343 1314.343 1950.343 2834.187 2983.687 3179.968 3889.156 
564.812 577.125 658.437 745.312 779.187 1279.656 1292.531 1397.531 2768.062 3136.718 
113.500 324.281 558.375 562.875 727.968 777.156 866.968 909.375 918.781 1411.812 1604.250 1725.906 1807.812 2232.625 2269.906 2340.031 2554.875 
135.125 915.375 1770.468 1934.906 3287.343 3291.562 
