131.125 154.343 174.093 214.437 224.906 287.781 358.031 427.531 438.062 451.750 455.031 520.031 574.968 598.875 651.437 685.687 692.531 699.281 725.593 744.125 792.312 872.156 1059.875 1103.531 1255.250 1629.468 1632.968 1755.000 1760.093 1766.468 1796.031 1834.281 1853.968 1876.781 1880.812 1885.656 2162.968 2524.250 3049.375 3227.625 3232.562 3374.031 3571.187 3581.156 
90.625 154.312 222.593 237.812 242.968 249.125 304.406 412.750 521.093 538.125 646.187 680.406 695.687 765.375 785.093 798.968 812.937 892.906 1137.062 1805.906 1870.281 2361.843 2827.125 2876.968 2989.687 2990.968 
57.656 80.562 156.625 176.062 243.625 411.625 518.437 583.406 705.156 773.156 826.875 934.218 1225.406 1643.625 1715.250 1827.875 1857.218 1903.968 2077.406 2324.625 2506.937 2782.781 3084.187 3206.000 3573.562 3681.406 3831.625 3942.625 
191.187 372.562 438.000 497.031 542.281 702.750 763.250 883.093 1139.687 1620.031 1725.593 1762.437 1780.562 1813.187 2073.781 2227.343 2238.625 
73.968 155.562 290.437 334.812 424.500 713.531 772.250 781.562 887.812 1092.593 1132.750 1338.343 1498.031 1703.968 1722.187 1774.593 1821.875 1857.281 1863.968 2678.843 2897.625 3245.218 3246.187 
19.781 149.156 160.843 172.281 182.437 188.343 245.281 276.406 292.687 398.718 721.718 724.000 800.531 1353.531 1443.718 1641.656 1746.687 1752.062 1792.843 1817.281 1859.312 1894.781 1980.500 2738.750 
67.406 68.968 153.406 420.781 587.625 705.968 745.406 752.062 781.687 1138.843 1349.375 1408.281 1758.250 1818.875 1862.187 1872.625 2248.625 2495.625 2781.937 2850.687 2897.656 3495.968 3972.843 3976.406 3981.687 3983.281 3990.156 
60.375 73.281 161.250 171.437 202.625 299.531 358.062 717.031 773.562 803.375 915.500 1069.218 1123.250 1196.437 1242.312 1275.062 1400.500 1829.718 2609.343 3317.906 3876.375 3883.062 
72.000 171.656 309.031 415.968 434.968 715.187 727.187 733.906 738.875 793.343 852.156 890.812 1041.156 1064.906 1077.093 1151.906 1627.250 1767.437 1795.593 1823.281 1871.312 2112.718 2309.343 2365.468 2582.156 3035.875 3877.156 3885.062 
64.531 188.125 420.375 767.093 808.156 878.593 1044.625 1093.968 1442.437 1595.062 1596.343 1679.437 1795.718 1824.562 1882.031 1883.500 2637.875 2735.500 3122.500 
