20.625 66.718 69.187 111.187 149.750 156.343 171.250 183.812 255.750 266.093 299.562 308.812 319.937 349.812 364.656 414.375 433.218 449.937 512.468 662.843 710.593 739.781 760.750 809.406 824.375 933.625 951.750 975.281 1021.593 1062.812 1096.625 1108.343 1145.968 1181.062 1248.812 1279.687 1366.406 1473.437 1483.312 1540.031 1582.968 1634.093 1720.625 1732.437 1780.875 1806.093 1817.437 1833.250 1851.437 1881.156 1934.250 1975.500 2360.937 2430.375 2911.593 3035.531 3119.406 3210.281 3594.656 3854.750 3951.218 
20.468 32.250 44.781 58.812 65.937 77.843 87.500 106.531 133.750 161.531 173.187 181.125 196.531 204.093 215.218 236.843 269.375 305.968 325.875 363.812 419.687 447.000 489.531 506.500 556.843 562.812 583.718 605.343 690.781 715.937 732.656 771.437 779.468 825.250 854.250 870.968 880.031 937.937 955.250 971.968 999.250 1015.750 1048.906 1107.875 1118.500 1156.656 1202.156 1246.906 1283.343 1389.218 1415.093 1435.968 1446.812 1464.281 1503.656 1529.437 1550.437 1564.281 1625.937 1678.656 1721.062 1795.531 1815.562 1849.062 1869.750 1889.812 1933.718 1956.906 1965.218 2191.718 2913.000 2988.843 3020.062 3058.531 3325.093 3411.281 3473.468 3538.312 3710.812 3894.625 
20.625 34.968 38.187 49.000 67.906 78.125 99.875 113.968 128.750 137.937 155.750 237.312 274.093 290.843 304.125 348.906 367.468 446.062 511.593 535.218 553.250 575.343 684.812 744.250 787.593 802.093 814.968 831.625 846.312 891.968 924.968 940.250 967.000 1100.500 1171.375 1188.312 1273.875 1299.156 1463.375 1473.937 1495.875 1548.000 1677.812 1753.718 1794.125 1826.843 1855.500 1874.531 1921.000 1946.968 2696.125 2857.781 3429.125 3536.187 3591.156 3783.718 3853.906 3940.312 3997.250 
20.125 33.093 43.968 74.031 102.437 111.062 117.312 131.593 140.156 177.125 186.812 237.375 260.781 291.437 326.593 339.625 357.437 386.250 456.343 484.906 511.218 529.937 582.781 659.031 673.250 713.500 737.187 759.031 773.781 817.093 833.312 894.250 923.093 936.375 963.718 990.562 1049.250 1089.218 1116.968 1201.062 1257.937 1300.875 1366.250 1415.312 1493.062 1500.218 1549.343 1605.125 1644.187 1652.312 1702.875 1724.000 1800.468 1849.500 1876.500 2070.937 2153.625 2742.656 2839.031 2877.375 3504.281 3777.562 3888.218 3972.781 
20.625 35.031 51.781 59.718 121.812 134.906 143.406 215.937 273.156 302.250 345.250 366.437 388.937 397.843 416.906 470.062 487.375 512.000 626.500 773.156 811.625 919.781 995.031 1041.250 1115.718 1151.375 1200.500 1220.968 1295.031 1379.718 1460.687 1495.156 1630.187 1645.625 1746.156 1789.906 1852.656 1878.468 1921.875 1972.406 1979.343 1989.000 2174.281 2374.375 2451.531 2589.750 2975.750 3107.812 3202.093 3479.968 3556.312 3850.250 3941.625 
21.406 32.281 44.843 71.031 156.906 283.562 299.531 339.937 420.062 461.187 472.187 558.531 613.250 705.875 721.312 737.250 753.562 822.625 865.562 911.937 928.625 960.437 978.312 995.437 1014.406 1039.343 1047.531 1058.531 1161.281 1181.593 1195.375 1228.000 1276.875 1427.343 1454.687 1465.875 1506.218 1512.187 1520.031 1653.375 1664.312 1764.875 1798.593 1827.906 1926.625 1981.437 2353.593 2496.625 2714.281 2772.093 2891.125 2952.843 3119.375 3721.187 3777.656 3822.093 
19.937 46.156 53.343 61.250 94.468 101.000 118.312 132.218 152.437 177.437 206.906 234.062 265.343 334.406 470.093 501.031 655.156 768.593 811.656 838.875 861.812 874.062 911.718 934.937 1011.062 1135.437 1144.812 1168.468 1236.062 1461.875 1478.187 1538.906 1639.906 1657.218 1835.750 1881.218 1913.312 1935.843 2072.187 3076.906 3588.250 3686.656 3745.468 3834.593 3890.875 
20.406 36.312 56.625 164.562 231.031 255.656 298.125 308.281 498.281 508.781 580.968 592.468 638.906 671.437 715.531 751.281 775.812 790.406 814.125 845.156 849.531 855.906 947.468 1101.281 1128.187 1154.437 1224.656 1464.375 1512.625 1531.500 1798.000 1825.250 1871.000 1914.781 2316.062 2393.156 2440.187 2708.625 2999.218 3271.781 3826.812 3980.687 
34.656 42.562 50.843 188.375 294.593 327.500 446.000 455.937 475.312 494.406 502.750 562.218 691.281 774.750 785.093 806.906 836.093 946.968 969.750 1002.312 1278.156 1368.062 1463.062 1488.500 1601.156 1711.750 1793.843 1827.312 1855.875 1898.781 1980.906 2789.531 2849.750 3194.718 3263.375 
35.656 57.656 326.406 343.906 383.437 562.625 629.468 909.968 1021.343 1061.656 1108.531 1118.093 1274.187 1382.343 1444.718 1887.593 1928.406 1985.000 2809.656 3286.687 
