52.625 119.000 135.812 191.968 331.468 343.593 363.062 394.687 403.750 452.156 464.218 660.093 670.250 750.687 806.406 822.000 865.125 914.218 921.750 1046.187 1073.156 1086.843 1153.906 1208.250 1246.968 1257.625 1284.406 1328.343 1369.593 1411.281 1440.156 1474.781 1595.000 1651.375 1687.531 1814.937 2139.968 2324.312 2379.500 2498.250 2691.875 3428.375 3453.968 3939.656 
39.968 54.218 59.875 80.187 99.218 102.093 118.000 129.687 230.062 255.218 329.593 382.937 415.937 579.750 628.500 668.562 701.281 756.312 787.406 848.531 863.875 901.093 915.656 944.062 954.531 973.562 1074.000 1088.218 1163.187 1203.125 1215.875 1264.406 1287.531 1314.687 1433.187 1502.187 1581.031 1610.406 1621.593 1648.468 1669.312 1684.687 1856.000 2075.250 2124.718 2223.937 2292.718 2549.062 2615.906 2688.375 3023.687 3260.625 3356.937 3393.906 3636.000 3677.937 3717.812 3797.437 3861.531 
0.968 17.781 52.031 67.343 82.812 97.500 168.687 230.656 263.937 301.312 394.062 416.093 482.718 517.750 563.781 583.343 615.968 631.625 659.593 673.000 680.687 781.062 796.468 824.062 867.187 890.718 923.937 964.781 1184.343 1268.187 1309.593 1407.437 1441.406 1493.281 1554.500 1592.062 1605.312 1639.281 1686.906 1766.343 1823.062 1873.437 2080.187 2294.937 2443.656 3005.718 3067.906 3268.062 3323.375 3507.937 3577.843 3769.125 3825.125 
14.593 43.562 60.218 100.312 117.937 132.187 201.250 247.718 324.062 345.406 379.656 424.093 488.312 534.906 557.187 591.156 631.468 668.125 738.312 759.718 784.906 831.375 864.656 887.000 899.625 1052.156 1117.343 1134.906 1148.093 1161.718 1198.468 1286.000 1379.718 1450.750 1463.656 1485.062 1571.562 1610.750 1644.156 1651.218 1680.562 1861.125 1917.500 1953.625 1987.625 2113.687 2243.062 2298.031 2340.187 2433.500 2641.312 2865.687 2921.187 3091.406 3171.937 3467.000 3500.937 3530.718 3647.750 3684.187 3817.593 3888.437 3963.000 
7.125 25.968 72.281 99.250 119.250 132.500 154.312 196.125 221.750 252.187 328.218 342.125 368.562 384.812 441.250 476.843 542.656 608.312 643.250 668.781 688.687 747.375 764.343 784.687 804.875 821.937 859.406 896.843 1088.625 1134.593 1169.625 1288.000 1315.937 1384.031 1535.500 1592.937 1679.781 1811.312 2002.218 2144.187 2475.437 2806.187 3010.812 3073.437 3276.968 3384.000 3942.750 
35.500 43.968 53.593 97.437 118.375 351.093 366.656 383.375 399.906 419.156 440.812 454.812 459.000 482.875 492.531 511.875 820.812 896.000 924.125 1042.843 1131.625 1183.500 1195.468 1214.843 1249.687 1296.062 1328.687 1444.343 1473.125 1488.093 1808.000 1907.062 1987.750 2128.187 2204.125 2513.468 3079.125 3544.062 3861.593 3958.656 3995.875 
12.250 39.375 42.812 54.687 102.750 115.031 125.156 157.843 296.093 350.406 388.750 440.312 512.406 579.437 629.437 686.437 757.031 809.843 826.062 948.156 1010.218 1110.781 1135.625 1203.156 1263.687 1463.093 1639.000 1761.312 1885.937 2376.750 2455.531 2627.500 3009.312 3603.687 3809.625 
42.937 97.843 118.656 136.781 438.250 458.625 508.468 531.093 628.562 647.937 672.062 721.500 800.687 846.281 891.062 971.000 1129.687 1136.375 1159.968 1444.343 1484.406 1488.062 1649.250 1867.125 2476.875 2584.031 2779.250 3229.062 3329.437 3562.906 3619.968 3806.406 3922.781 
18.218 108.531 163.593 250.031 375.781 509.062 533.625 608.062 717.750 855.125 927.656 971.468 1133.843 1272.093 1405.281 1605.531 1691.125 1782.000 1863.281 2318.031 2604.468 3094.187 3326.375 3554.031 
121.406 243.656 263.093 364.375 410.500 423.406 440.218 495.093 586.968 788.500 823.468 898.656 963.000 1088.875 1122.406 1140.312 1181.687 1205.562 1222.750 1248.781 1408.343 1485.593 1506.843 1550.093 1583.625 1639.625 1761.593 1867.750 1916.843 1959.093 3221.125 
