-1695.844 -1569.219 -1129.000 16.156 77.375 81.656 130.531 151.875 162.750 178.437 282.593 305.500 381.125 421.468 496.750 534.656 593.906 669.062 798.531 844.687 1100.843 1131.687 1142.375 1145.437 1176.750 1208.531 1237.531 1264.000 1318.656 1421.312 1535.343 1542.187 1554.250 1658.968 1663.500 1725.625 1764.812 1904.312 1954.781 1975.218 2708.500 3685.406 3797.562 
-1088.407 31.468 56.843 78.656 144.406 199.437 255.218 303.031 486.312 491.531 527.812 797.156 873.875 952.468 995.437 1002.625 1019.593 1155.781 1198.812 1333.406 1428.125 1555.187 1595.312 1621.062 1639.437 1939.718 2262.781 
-1628.032 -1007.157 -475.782 27.562 298.218 348.031 515.250 610.562 704.687 1023.250 1253.281 1334.843 1459.062 1512.468 1514.656 1565.218 1614.843 1638.875 1716.437 1768.625 1843.218 1902.437 1970.875 3055.687 3164.875 3809.906 
-618.157 -417.000 -83.188 159.187 239.625 255.906 369.218 415.500 561.937 594.062 595.687 659.937 763.343 825.843 842.000 956.375 1013.000 1014.750 1236.875 1243.437 1331.656 1332.656 1396.812 1482.781 1753.218 1855.812 1896.312 3268.843 3625.000 
-992.907 -900.500 -554.500 -541.063 -497.000 63.750 81.906 100.031 143.968 257.187 322.250 356.781 497.906 552.281 642.937 995.781 1199.187 1329.812 1332.437 1373.562 1557.343 1608.125 1718.906 2355.593 
-745.563 29.875 78.500 105.406 118.281 130.500 206.031 437.812 476.343 534.593 595.187 670.937 703.937 761.750 807.843 845.593 851.156 996.000 1057.968 1097.468 1228.406 1296.875 1343.781 2737.625 
-1982.782 -1895.938 -1308.219 -1039.750 -411.875 78.562 277.875 661.468 761.250 767.625 894.406 919.937 956.656 991.187 1047.000 1068.625 1338.781 1659.250 1687.250 1801.843 1857.281 3410.656 
-685.313 12.656 18.812 151.875 159.500 228.125 285.562 561.968 602.156 692.312 868.906 887.687 919.468 952.406 979.437 1001.781 1078.125 1099.812 1111.281 1262.437 1338.687 1479.875 1481.968 1674.093 1701.093 1761.937 1774.125 1844.312 1873.593 1940.062 2978.000 3496.812 3768.812 
50.531 226.875 465.843 538.406 655.031 700.625 712.312 849.468 1002.968 1209.531 1611.781 1663.593 1848.187 1850.812 1997.968 
-1506.375 -740.407 -3.063 26.156 31.375 78.812 103.250 228.843 268.375 300.218 498.437 585.468 600.156 660.375 799.843 807.875 850.000 973.906 1004.812 1087.843 1111.718 1209.250 1542.156 1617.312 1702.593 1766.406 1787.531 1789.343 1903.625 2742.468 
-1051.125 22.718 60.312 135.343 202.062 232.656 268.468 309.625 622.343 666.375 693.218 752.093 771.000 801.468 818.187 848.843 990.656 1112.093 1135.593 1332.437 1346.968 1528.156 1718.625 1963.937 3701.437 3897.156 
-626.657 -204.500 285.343 438.000 461.156 488.125 562.093 595.375 664.093 887.968 1227.218 1338.062 1394.437 1634.937 1639.812 1710.593 1760.843 1894.031 1911.843 
-1960.313 -1556.219 -1323.969 -750.157 44.312 82.906 87.125 153.593 155.812 319.343 382.625 416.343 660.500 691.531 770.937 913.218 930.218 995.468 1190.125 1296.750 1492.500 1521.593 1633.125 3404.187 3540.281 3696.812 
-989.157 61.093 374.750 412.093 437.312 562.500 620.687 663.531 760.718 898.281 927.656 991.531 1110.406 1227.312 1236.875 1420.531 1437.750 1616.937 1767.500 1819.750 1853.906 1941.218 2076.437 
