-1491.907 -921.313 -664.563 38.250 46.781 268.218 375.656 409.906 463.531 553.093 558.562 562.406 574.531 780.125 825.093 911.718 946.062 1251.687 1344.406 1549.281 1779.812 1857.468 2002.406 2063.437 
-1662.032 -669.469 76.000 220.937 223.937 272.500 390.687 408.437 552.843 564.593 824.625 1060.843 1116.187 1191.875 1223.812 1289.937 1347.187 1388.125 1415.625 1590.875 1668.093 1735.781 1892.375 1990.437 
-1509.500 -818.438 157.593 291.937 293.468 310.593 318.343 393.656 464.781 507.781 574.500 782.218 833.343 858.375 990.656 996.656 1210.375 1238.875 1565.687 1586.968 1795.406 1861.000 1921.312 2049.343 2058.031 
-575.219 -179.969 254.843 319.500 392.250 410.718 550.156 566.781 658.781 729.562 855.718 859.187 995.500 1061.531 1075.125 1086.250 1113.375 1164.781 1226.187 1584.906 1733.125 1767.625 1791.968 1901.812 2242.062 3358.968 3601.906 3716.187 
-1460.563 36.093 290.468 307.093 373.250 756.968 991.031 1065.906 1347.656 1394.218 1424.625 1468.812 1472.750 1815.875 
-1912.938 -1680.094 410.812 1061.375 1180.187 1464.906 1470.187 1555.125 1704.781 1711.718 2064.500 
-241.688 34.687 67.937 575.593 584.843 823.312 903.750 1020.000 1179.781 1285.468 1389.000 1470.437 1619.343 1670.593 1752.812 1817.718 1878.718 1892.781 3392.500 3846.187 
-1967.719 -1070.875 -500.282 -272.969 39.468 43.156 198.437 224.593 402.156 406.406 424.968 595.062 639.843 723.500 829.250 846.343 858.593 861.656 912.562 1060.468 1081.812 1180.968 1226.750 1304.593 1426.312 1568.062 1595.843 1622.968 1815.812 1822.750 1855.468 1905.250 1951.031 1979.343 1999.593 2079.437 3316.218 
-1598.719 -1488.875 -299.063 73.406 155.062 310.468 334.437 352.281 412.875 428.250 642.437 719.500 798.375 823.687 857.625 893.218 1114.406 1210.812 1254.468 1301.031 1351.000 1356.625 1921.468 3684.093 
-1462.032 -1436.438 -972.032 -787.032 68.593 305.375 313.843 317.968 754.375 827.656 836.718 964.750 1000.843 1017.906 1112.531 1147.312 1373.062 1476.687 1485.125 1504.343 1627.000 1743.593 1745.843 1976.937 1993.250 2067.343 2634.093 
-904.282 -227.875 -107.000 30.406 106.437 147.875 155.906 267.812 293.093 723.718 826.031 1226.906 1254.656 1259.656 1350.281 1354.093 1470.093 2164.125 2916.906 2997.406 3033.250 
-1215.875 39.625 68.125 134.531 289.656 307.625 314.593 400.562 546.093 602.437 756.312 825.031 863.843 908.718 991.781 996.531 1060.781 1069.968 1118.312 1145.968 1154.281 1363.062 1567.437 1585.250 1629.937 1834.250 2208.656 3356.156 
-629.438 41.031 43.812 220.875 432.187 434.562 553.500 726.812 882.562 993.750 1136.156 1190.875 1256.281 1564.812 1760.750 1829.718 
-845.469 271.468 348.843 407.687 477.406 670.937 687.312 754.843 996.468 1061.156 1081.906 1203.687 1205.687 1247.312 1250.156 1260.656 1687.906 1705.781 1891.781 2170.250 3861.000 3896.750 
