14.656 17.437 24.125 47.375 77.562 394.218 578.968 801.000 1008.718 1159.218 1612.375 1919.000 
23.437 198.218 273.937 295.812 809.531 981.875 1484.156 1559.343 1575.781 1657.968 1880.218 
15.312 75.437 279.968 839.062 981.343 1660.468 
30.531 149.437 150.125 152.375 197.937 476.937 544.406 809.343 1156.625 1356.500 1739.625 1820.375 1843.656 
40.875 315.218 361.093 467.750 686.156 880.781 1058.031 1081.562 1260.218 1342.531 1482.406 1660.875 1717.562 1724.468 
123.875 148.500 252.531 275.031 275.781 685.593 799.406 1011.562 1116.562 1419.156 1662.531 1740.187 1845.281 1945.281 
23.218 25.343 151.062 197.906 377.812 394.562 1344.718 1406.125 1449.968 1483.875 1558.125 1659.468 
14.937 25.250 54.781 69.250 197.781 279.468 750.156 980.937 981.593 1233.062 1438.750 1720.625 1739.187 1741.125 1819.250 1934.343 
15.062 118.593 151.062 198.093 430.125 749.062 799.062 809.250 1290.437 1392.281 1481.843 1486.187 1536.156 1740.593 
15.156 43.593 150.375 198.218 216.468 241.437 394.031 467.093 651.281 
