15.000 16.437 114.187 115.281 284.687 302.406 312.281 324.937 381.687 405.312 587.593 659.531 716.375 774.093 919.343 946.250 980.968 1014.187 1019.843 1049.375 1095.625 1233.875 1267.000 1269.000 1440.906 1630.937 1662.500 1895.750 1896.500 
20.187 113.468 243.281 260.000 301.718 363.781 381.625 423.750 903.062 941.906 944.906 1376.750 1451.750 1462.718 1489.968 1513.312 1593.906 1610.937 1611.625 1612.875 1618.062 1631.125 1663.281 1717.312 1787.312 1912.031 
29.125 322.843 363.218 415.437 551.375 585.093 942.625 1048.250 1080.187 1095.125 1268.812 1381.531 1404.093 1574.812 1595.656 1948.812 
483.937 586.937 764.437 1014.812 1346.750 1401.468 1594.406 1610.625 1985.968 
96.500 97.343 103.437 127.937 240.718 300.906 424.531 490.781 701.093 723.125 807.343 898.375 901.062 920.156 942.093 945.343 1166.500 1267.218 1342.968 1416.531 1441.250 1595.312 1631.468 1884.968 1989.687 
14.437 24.312 25.875 30.718 36.312 36.875 96.062 96.343 100.593 114.468 217.468 408.000 902.656 1017.218 1047.187 1300.406 1348.000 1575.750 1596.468 1611.937 1631.406 1751.218 1912.781 1949.406 
21.937 28.375 41.437 96.718 303.250 406.156 465.312 492.000 493.531 587.437 666.531 717.437 721.750 770.687 901.781 944.218 1266.000 1372.625 1385.812 1436.687 1478.375 1595.781 1630.812 1632.875 1633.125 1663.500 1667.375 1717.437 
102.156 114.125 125.718 138.375 217.312 244.000 350.031 445.062 508.312 531.906 901.406 945.562 1014.531 1051.375 1253.687 1416.093 1418.937 1460.031 1520.875 1576.312 1634.812 1646.250 1691.937 1826.281 1914.406 2003.125 
16.250 97.187 97.812 124.875 128.468 129.812 588.468 653.781 688.937 773.781 776.343 904.031 942.625 1377.625 1409.218 1441.875 1444.125 1665.218 1689.281 1732.937 
114.500 466.531 482.625 484.843 507.906 552.812 661.656 977.812 1075.718 1135.718 1273.156 1574.125 1596.531 1689.375 1719.250 1788.906 1823.562 
