53.031 60.093 88.656 104.406 117.687 132.843 159.750 225.031 329.750 352.062 407.812 417.156 479.656 543.750 587.500 596.468 599.500 611.187 646.937 831.593 852.000 924.812 1014.750 1182.375 1225.843 1306.500 1443.062 1483.343 2912.687 
21.406 31.625 33.437 87.875 118.250 236.125 265.906 359.218 561.937 596.875 662.250 702.718 872.593 1027.500 1423.000 1611.343 1702.468 1790.281 
47.937 49.781 65.750 80.625 121.750 133.031 238.906 266.468 361.625 363.281 579.343 680.968 690.093 853.000 905.062 955.968 1059.281 1115.187 1205.718 1247.187 1279.562 1422.781 1442.531 1530.000 1580.531 1597.375 1655.781 1715.031 1722.875 1773.875 1777.500 1966.312 1980.093 
-361.032 19.812 55.000 85.406 102.343 158.437 180.562 235.437 267.375 477.875 511.843 589.250 612.125 680.125 683.562 1070.187 1183.281 1328.656 1483.437 1896.968 
48.781 80.281 189.375 289.718 322.656 358.000 443.812 612.250 747.531 783.843 793.281 815.687 829.375 862.843 917.062 958.156 1058.906 1119.468 1148.531 1185.218 1244.812 1331.531 1431.468 1610.000 1702.500 1805.687 1824.593 1925.562 3213.218 
18.687 30.875 108.437 119.687 207.593 235.500 239.031 280.406 360.531 683.562 732.812 794.156 864.875 889.843 921.437 1071.593 1090.937 1119.281 1124.218 1147.031 1191.562 1206.812 1242.625 1278.062 1464.406 1519.000 1564.125 1640.906 1764.375 1864.437 1940.718 
57.437 103.968 189.843 206.500 264.250 310.531 325.187 325.531 612.000 647.375 662.500 754.281 864.156 875.000 922.781 1014.656 1120.906 1139.156 1430.093 1430.750 1513.187 1513.968 1562.750 2962.187 3180.375 
17.562 89.468 118.718 323.281 362.718 593.468 623.781 722.593 723.312 745.593 760.875 851.125 863.187 1148.750 1198.687 1242.312 1281.437 1306.593 1392.968 1443.437 1477.406 1510.593 1531.156 1871.906 1896.718 1948.406 1964.843 1977.812 
17.750 32.687 49.437 139.625 277.906 320.250 330.375 360.906 363.312 611.875 748.250 752.187 777.375 865.281 932.218 1003.093 1183.906 1245.687 1421.875 1465.218 1478.437 1481.031 1483.000 1511.750 1608.781 1790.031 1854.406 1889.625 1977.500 3319.625 3362.656 
29.875 50.281 62.656 79.968 86.343 104.500 177.531 329.000 362.687 407.906 509.750 562.281 661.562 736.437 747.281 753.343 764.687 816.812 866.343 876.906 885.406 974.937 1119.062 1147.812 1156.906 1270.343 1316.062 1393.125 1424.406 1516.875 1658.125 1724.718 1791.437 1836.781 1865.000 1900.187 1981.937 3674.687 3922.375 
