36.656 54.625 86.937 92.000 101.937 203.781 243.062 260.000 295.125 553.687 888.875 1035.750 1310.062 1338.843 1434.937 1471.125 1657.687 1886.125 1915.187 3817.156 
16.718 36.750 75.437 80.937 94.625 192.406 260.437 261.750 294.062 301.250 325.500 384.718 471.500 500.687 506.125 781.281 813.906 1208.500 1294.968 1386.375 1468.656 1667.937 1695.718 1946.468 1952.375 
16.843 41.093 53.625 107.593 110.187 122.687 155.843 176.000 214.093 382.875 501.375 585.562 722.375 783.812 789.125 825.906 850.375 853.406 943.343 1031.875 1074.781 1100.687 1118.437 1188.281 1215.937 1290.593 1340.281 1471.156 1636.062 1787.937 1997.500 
132.156 146.843 186.625 362.812 479.343 655.656 661.218 1141.718 1194.875 1466.500 1763.468 1877.281 1947.187 1981.875 1984.437 3742.937 
-641.875 16.343 41.031 60.156 73.718 102.062 155.250 187.593 193.781 212.031 384.031 386.125 530.375 568.968 572.656 587.718 637.625 659.906 755.562 916.687 926.156 1031.812 1159.781 1193.343 1422.843 1435.906 1551.937 1903.625 1914.218 
-1233.594 -343.782 66.906 146.718 155.437 185.062 325.593 371.781 626.406 746.062 806.593 962.750 975.781 1018.781 1134.218 1520.531 1594.875 1692.250 1809.250 1870.125 1980.468 1982.718 1984.187 2153.062 
21.156 58.781 76.250 147.468 155.687 161.875 185.218 259.031 383.250 386.437 501.968 574.187 637.843 771.281 830.906 1385.812 1389.093 1593.468 1760.687 1946.843 1984.750 
17.375 100.312 132.093 149.625 155.593 259.468 364.062 477.875 495.875 522.656 548.312 568.625 586.406 587.656 659.437 713.218 724.156 806.781 814.531 916.312 1019.937 1032.781 1118.437 1132.125 1161.625 1338.750 1344.593 1376.718 1430.625 1497.718 1601.781 1678.125 1744.406 1945.812 1982.031 3275.500 
-1278.500 16.156 111.562 293.343 324.562 345.125 491.218 496.031 567.437 660.312 745.406 756.156 782.312 807.250 814.968 919.531 936.656 1041.656 1068.468 1092.687 1114.031 1194.250 1247.468 1267.750 1297.625 1407.718 1494.843 1517.406 1519.562 1527.531 1572.687 1787.343 3369.875 
28.343 76.375 77.312 149.375 186.531 214.375 345.593 466.062 501.156 557.437 659.500 661.218 771.687 1014.375 1074.406 1242.375 1294.593 1433.250 1434.812 1519.843 1636.562 1741.656 1763.375 1983.375 3786.500 
