128.906 320.187 321.093 469.843 470.750 472.281 554.781 566.343 610.250 646.062 826.468 837.437 898.875 921.531 936.500 1056.031 1168.000 1337.343 1402.875 2460.312 2990.000 3899.437 
125.781 131.125 295.062 313.812 445.531 467.875 551.468 556.125 627.031 799.031 835.468 868.312 925.531 1060.000 1327.437 1357.343 1404.031 
110.687 145.625 556.125 628.281 868.156 895.500 897.562 1325.562 1344.656 1368.843 1382.250 2414.031 
24.000 70.687 125.250 131.031 215.000 321.906 330.187 366.468 583.531 636.906 1116.906 1183.343 1206.250 1276.031 1318.718 1402.812 3487.125 
46.781 125.718 133.906 144.312 224.875 322.250 332.625 472.187 475.000 877.125 881.968 1032.656 1044.750 1313.781 3597.031 
122.500 260.718 454.093 468.281 468.906 469.500 481.593 483.625 786.062 925.468 926.937 1269.343 1280.781 1289.531 1347.468 2297.562 2921.593 2966.718 3021.906 3392.968 3870.062 
65.750 323.281 323.875 332.718 536.312 564.218 795.156 820.312 821.062 927.625 1202.562 1352.093 1382.625 2025.343 
59.531 128.218 332.062 442.687 469.906 625.093 720.843 842.718 921.718 1384.031 1399.968 1411.250 2247.062 3895.906 
118.406 258.875 261.062 322.843 471.500 607.468 927.593 1127.656 1131.031 1272.531 1923.000 
66.906 530.437 557.281 788.875 1542.437 2760.343 
