33.156 97.156 110.968 154.343 210.625 217.093 276.375 278.500 344.812 355.812 464.156 483.468 569.406 580.593 637.375 677.625 725.437 797.218 931.250 942.968 959.312 1008.906 1142.312 1153.375 1485.468 1492.437 1493.625 1495.937 1772.593 1828.250 1830.375 1848.687 1984.156 
18.781 101.593 676.031 712.875 766.593 786.875 939.218 940.875 996.312 1008.906 1019.093 1021.406 1041.468 1086.781 1482.250 1483.812 1494.281 1496.250 1828.187 1836.281 1839.406 1858.625 3368.593 
23.812 39.031 114.031 212.312 276.687 476.906 711.593 733.781 734.000 735.500 947.812 1008.125 1026.000 1124.406 1143.312 1161.937 1420.968 1481.593 1598.125 1635.218 1768.687 1778.906 1793.781 1845.343 1846.968 1860.125 1943.000 1996.437 2028.281 2066.218 3046.906 3049.625 3869.562 
98.062 149.718 215.187 345.312 476.468 584.531 794.937 1007.656 1018.406 1018.875 1054.031 1258.156 1418.312 1494.031 1571.687 1578.312 1845.718 1846.500 1929.093 2023.593 2831.000 3191.781 3804.375 
34.375 97.281 330.562 392.000 413.593 594.375 719.875 734.875 941.218 957.843 1080.468 1112.718 1160.250 1775.312 1789.000 1826.968 1835.593 1878.562 1944.093 1968.375 2078.593 2136.125 2946.375 2959.625 3301.312 
101.156 102.875 111.156 118.343 222.625 413.875 586.250 713.031 763.812 770.000 774.468 948.093 1013.218 1025.437 1076.062 1141.656 1144.062 1488.156 1767.968 1786.718 1831.312 1854.187 3563.593 
167.062 216.343 348.468 425.093 656.656 739.875 877.437 940.375 958.937 996.906 1111.281 1631.312 1764.531 1845.437 1848.687 1853.781 1855.343 1907.218 2157.031 2166.562 3750.625 3751.843 
36.218 226.593 471.437 664.531 734.906 736.656 938.968 1134.656 1506.250 1600.125 1768.968 1844.812 1849.343 1912.125 2020.906 2062.093 3732.531 3856.937 
26.968 36.125 85.937 108.906 111.843 197.625 200.250 216.968 733.656 749.812 957.562 1412.156 1493.375 1592.625 1618.093 1943.062 1961.031 
466.500 472.718 784.187 789.000 961.156 1087.593 1758.000 3335.281 
