173.812 599.968 809.750 811.375 825.437 836.125 912.968 916.156 1047.906 1061.250 1198.468 1375.468 1685.437 1686.031 1713.718 1755.687 1777.031 1866.625 1880.812 1903.500 
170.812 249.156 596.593 618.656 769.250 811.875 823.937 825.156 831.437 875.156 908.687 1364.250 1374.031 1714.968 1770.531 1778.250 1779.125 1857.718 1860.656 1867.812 
149.500 157.343 179.781 404.000 425.625 723.312 767.656 912.937 915.562 1069.718 1116.250 1662.843 1825.812 1826.343 1833.750 1863.312 
21.750 173.000 174.562 176.718 195.687 203.937 243.343 353.281 367.937 601.250 620.656 625.875 721.125 818.468 884.000 913.406 1079.812 1364.718 1564.000 1697.968 1725.250 1755.125 1857.750 1864.625 2098.375 3820.468 
19.468 214.093 350.875 600.343 611.000 742.656 764.156 808.718 830.437 875.906 878.281 879.562 1056.687 1062.218 1208.343 1529.437 1713.062 1738.625 1766.687 1779.218 1838.062 
90.968 162.937 293.500 294.843 346.437 477.593 619.968 626.312 695.437 833.656 834.062 895.625 1058.093 1771.906 1786.406 1817.562 1826.375 1844.031 2007.031 2346.937 3204.125 3872.687 
35.500 54.562 83.250 104.093 403.531 838.218 839.937 892.375 1546.718 1553.562 1687.312 1838.812 2363.875 2582.781 2652.812 
55.187 91.000 175.250 189.218 344.750 469.968 578.656 600.062 688.593 766.281 1056.093 1110.781 1129.531 1564.500 1565.937 1837.062 3438.000 
35.062 750.750 767.593 1106.218 1112.250 1119.343 1565.593 1760.968 1861.000 1872.968 2523.468 
93.593 599.875 1036.593 1096.468 1542.531 1795.468 1835.093 2098.281 3574.125 
