19.375 64.343 204.500 413.843 433.031 746.062 819.000 1072.781 1159.531 1317.187 1457.906 1770.968 1943.656 3245.125 
12.875 16.250 28.062 34.593 243.906 310.906 621.812 821.281 1154.218 1195.812 1270.531 1317.156 1319.281 1477.468 1593.562 1658.656 1881.656 
19.125 33.906 53.625 119.312 323.625 622.750 743.156 1067.843 1122.656 1475.125 1582.000 1634.406 1684.562 1774.250 
18.906 26.093 83.906 296.062 535.250 669.062 677.656 1124.562 1456.531 1658.875 1988.906 
14.062 621.468 1035.562 1213.031 1317.000 1476.531 1800.250 
53.781 121.750 622.500 1041.437 1122.375 1400.625 1856.406 
27.375 50.968 54.687 131.812 244.718 308.781 326.000 340.812 824.250 1125.375 1154.625 1319.218 
19.062 35.062 137.156 308.875 322.687 577.500 678.781 862.062 1358.406 1895.687 
55.500 415.125 679.156 1068.781 1478.187 
19.750 84.375 309.031 343.687 471.875 821.468 1478.218 
