42.750 53.593 127.125 184.656 516.625 572.562 607.968 702.812 744.750 747.562 862.500 865.281 877.937 1058.937 1066.875 1143.906 1162.593 1173.187 1229.750 1279.656 1288.875 1314.312 1680.781 3690.031 3693.250 
308.187 322.281 338.781 353.968 393.906 431.218 593.093 605.312 746.093 750.968 834.187 882.312 1060.687 1154.406 1288.093 1309.906 
44.812 310.156 516.375 591.468 746.500 758.656 1179.062 1486.718 2214.218 3213.625 
34.281 44.656 314.406 517.468 635.343 640.468 1143.187 
523.312 635.031 863.187 1185.500 1288.468 
309.218 650.593 1289.656 
46.093 217.500 517.656 560.125 618.656 747.343 1235.531 
35.812 45.187 1185.093 1189.781 3552.656 
748.343 
318.531 370.625 514.843 532.937 957.093 1301.625 3972.343 
