29.812 33.000 38.093 80.718 177.312 1045.781 1936.593 2173.750 
39.250 46.968 153.281 242.000 295.656 1047.531 1325.000 2885.718 3452.812 3463.093 
-1835.657 -1816.813 31.125 60.718 102.406 2030.656 
-1828.407 -1655.625 30.968 35.437 36.906 245.000 261.281 581.562 932.093 1184.156 1216.218 
-25.094 31.062 33.656 126.562 571.187 950.437 963.156 1071.062 1381.843 3359.625 
32.656 33.593 34.625 110.875 113.437 148.343 407.968 564.656 1011.843 1048.375 1178.250 1636.781 1644.781 1729.750 2060.187 
35.156 68.343 110.843 1029.000 1376.468 1425.125 1469.718 1499.406 1636.312 1903.468 2068.656 3052.031 
102.718 148.562 224.093 258.750 666.656 949.437 972.156 1043.093 1311.781 1730.625 3217.812 
117.625 147.500 151.843 243.406 408.687 951.375 1045.687 1046.437 1183.218 1351.718 1469.750 1727.625 3365.750 
111.187 832.468 960.718 1377.562 1387.187 
