35.343 49.093 361.968 702.343 751.281 770.968 932.125 941.718 1104.718 
75.312 189.937 332.125 1287.687 1357.500 1377.718 1392.093 1474.625 1609.375 
35.500 53.250 74.031 174.031 764.312 1057.906 1472.718 1504.843 
47.062 194.375 649.062 703.531 841.562 1281.750 1358.937 1361.093 1513.468 1625.281 
34.406 59.906 362.218 700.843 764.187 856.843 887.062 1092.125 1102.687 1377.468 1625.187 
34.750 71.156 697.500 764.062 787.781 826.687 828.656 942.093 1357.593 1382.968 3481.031 
35.781 54.062 163.812 544.031 737.531 782.468 1091.375 1103.312 1306.625 
341.843 375.125 455.031 833.031 
831.843 1358.281 
479.562 746.500 1382.812 1476.781 1543.562 
