346.687 
187.343 463.531 520.500 615.250 727.687 827.875 962.593 1122.312 1257.000 
69.031 220.125 336.906 463.625 767.437 785.656 1089.843 1098.500 1122.156 1356.437 
44.250 461.375 515.000 610.031 682.781 732.718 1146.031 1341.406 1367.812 1461.562 2533.625 
45.656 223.218 326.625 385.687 508.156 529.062 1090.312 
47.375 548.812 551.468 902.437 1235.625 1457.500 3599.531 
90.187 93.000 241.312 451.218 584.093 610.500 679.812 852.812 1149.468 1495.562 
445.968 514.156 517.218 581.250 826.031 832.593 949.375 1088.218 1241.906 1369.000 1476.156 
45.531 677.562 730.031 734.718 949.468 1160.312 1193.281 1397.437 
190.125 491.906 583.906 617.156 960.406 1216.406 1239.781 1320.093 3511.531 
