20.593 21.375 24.093 34.875 36.937 39.406 43.093 560.875 872.343 1328.781 1876.531 1881.187 1988.500 1989.187 3322.968 3323.187 3323.468 3326.218 3351.062 3919.343 3919.937 3920.250 3923.468 
20.812 21.125 34.656 42.125 124.937 125.406 133.500 201.718 444.312 565.687 567.250 850.687 1328.875 1329.187 1334.593 1559.156 1697.250 1988.625 1989.312 1994.906 
21.062 34.437 34.718 34.968 36.781 40.000 40.468 125.187 127.593 327.406 561.437 850.468 1328.718 1329.156 1772.062 1775.781 1879.562 1988.968 1995.250 2052.687 3632.312 
21.343 34.093 34.562 36.281 36.531 40.250 125.156 127.281 442.906 560.281 560.812 564.531 850.625 853.187 855.687 1328.562 1329.187 1565.625 1989.312 2232.406 3514.625 
20.906 34.281 125.625 197.250 201.031 205.812 264.937 566.406 853.562 1329.531 1333.781 1697.875 1700.093 1775.718 1989.812 2557.500 2564.000 2921.781 3482.406 
21.468 34.531 37.000 560.875 849.937 850.656 869.093 1329.500 1332.687 1989.375 1997.281 3537.468 3997.000 
25.812 34.093 36.375 36.781 125.281 132.843 560.562 562.250 565.437 1090.312 1328.875 1991.531 
21.656 28.625 34.312 34.718 125.093 133.312 197.468 205.281 562.093 850.812 855.750 1329.062 1332.687 1873.562 3045.468 3046.062 
34.593 35.000 125.625 127.968 133.281 855.750 1095.031 1991.562 
34.250 34.875 36.625 125.718 643.000 852.250 1216.562 1334.312 1335.000 1698.031 1988.781 1989.406 
