34.218 36.875 40.031 42.937 100.218 136.281 151.437 151.781 237.281 274.062 488.343 490.968 598.000 654.468 948.750 1188.031 1350.906 1352.906 1353.375 1413.875 1414.781 1453.750 2103.468 2103.750 2107.750 2721.562 2721.906 3013.468 3355.625 3983.843 
24.125 32.500 35.750 39.750 151.687 157.593 381.125 657.968 710.468 950.343 1070.343 1186.468 1189.843 1357.968 1418.593 
33.937 36.906 42.000 153.937 157.156 738.812 988.093 1091.156 1187.031 1189.750 2302.156 2302.625 2305.781 2335.687 3495.937 
15.750 33.406 36.062 151.281 155.125 185.343 380.625 445.437 716.312 745.718 960.156 1071.218 1092.531 
12.718 32.281 33.062 36.187 269.125 273.406 384.562 389.875 650.406 653.718 655.312 953.656 1094.812 1415.093 1454.187 2187.906 2793.718 3146.593 3714.500 3740.468 
22.750 27.031 36.781 40.656 41.218 100.062 384.093 1091.500 1187.062 1362.500 
36.656 99.937 154.500 157.500 270.843 381.781 388.375 491.843 1070.500 2597.281 3217.312 3224.937 3229.968 3818.968 3823.218 
23.062 39.781 
36.750 1070.937 1187.375 2620.625 
154.750 158.125 384.468 654.625 3270.437 3274.906 
