14.687 15.000 21.437 
16.062 19.718 22.875 32.656 32.875 160.187 167.062 336.093 454.468 930.781 2778.468 2778.937 3073.718 3074.343 3078.093 3401.125 3401.625 3404.593 
14.843 15.156 19.000 21.968 22.593 32.531 37.187 159.406 333.250 705.625 756.906 929.437 1227.156 1287.187 1596.718 1928.343 
15.562 18.187 18.593 21.875 35.625 372.031 757.281 1014.437 3264.906 
14.781 17.687 21.187 459.218 837.906 1230.406 1362.031 1502.031 
15.312 15.593 21.968 22.312 26.781 32.250 54.562 330.125 330.625 703.843 710.593 2593.000 
1289.062 
15.000 934.156 2232.468 
21.937 3572.750 
15.468 25.718 32.625 36.656 102.875 334.625 704.312 1100.062 1369.312 3247.656 
