13.906 14.625 17.312 21.093 47.593 248.468 251.843 509.593 725.531 726.781 749.125 803.968 809.625 818.843 889.406 890.625 893.593 893.906 897.250 897.781 1030.250 1053.312 1234.312 1237.875 1305.125 1390.375 1461.250 1466.843 1607.406 1694.843 1739.000 1858.406 2156.062 2159.000 2159.875 3455.406 3458.687 3460.062 
246.437 260.250 509.687 510.750 517.843 725.500 729.093 732.343 1059.937 1302.656 1388.968 1464.218 1465.062 1470.343 1530.437 1547.875 1634.281 1733.531 2961.093 2970.218 2973.968 3604.625 3608.031 
14.656 17.156 69.062 184.375 215.906 247.593 511.812 726.781 803.500 804.312 805.781 808.906 893.125 1056.187 1063.937 1302.906 1385.187 1465.156 1469.906 1600.968 2948.875 
14.468 19.218 305.968 514.000 728.843 732.937 890.125 1237.375 1237.937 1308.156 1633.781 1812.250 1855.406 1857.468 3005.250 3724.312 
16.718 20.156 252.781 512.000 726.562 728.937 890.343 893.062 897.000 1112.281 1235.187 1302.875 1305.093 1311.531 1386.187 1465.406 1469.500 1633.750 3250.531 
14.625 17.593 90.875 246.562 508.500 509.750 511.656 515.531 803.875 1069.781 1303.062 1308.312 1313.093 1739.718 
17.500 91.843 490.437 511.062 726.406 809.281 890.718 1465.312 1638.531 1641.250 1733.343 3626.781 3630.093 3636.187 
14.125 14.437 14.687 17.343 214.093 509.968 514.656 801.687 1054.500 1856.187 
14.531 17.093 20.187 20.750 249.312 728.718 890.281 1023.468 1302.500 1465.468 1855.656 
17.031 20.281 805.343 1737.250 3836.843 
