15.750 17.656 27.781 41.531 63.531 94.593 108.000 119.531 147.406 148.500 207.781 279.937 297.343 298.562 364.781 365.375 385.531 405.875 406.875 475.625 661.218 700.812 745.812 848.812 850.593 962.937 1059.687 1128.718 1182.437 1212.687 1213.812 1269.375 1294.093 1525.187 1639.937 1651.218 1662.812 1684.968 1914.875 1925.812 1945.187 
104.875 118.125 119.218 138.531 149.437 373.812 463.500 667.968 727.875 1078.968 1166.343 1174.156 1182.625 1192.218 1242.312 1442.375 1451.718 1520.406 1523.718 1944.156 
19.281 61.562 89.187 104.187 108.625 108.906 117.781 118.375 133.218 141.593 158.500 164.406 202.656 274.125 296.781 371.875 387.781 397.562 406.312 671.593 672.593 705.156 818.187 840.718 848.843 881.593 1068.531 1170.968 1174.781 1192.250 1200.468 1215.375 1262.562 1280.750 1450.093 1572.500 1592.875 1665.218 1915.312 1944.937 
63.343 64.625 103.312 108.937 127.312 133.343 135.218 157.718 201.062 362.812 391.937 407.156 670.125 957.875 975.656 1070.125 1181.125 1214.468 1218.312 1273.718 1475.687 
61.968 108.593 109.062 110.000 148.906 204.562 207.812 282.062 403.406 404.218 412.343 652.187 672.250 680.656 820.156 836.437 1067.187 1200.906 1213.593 1214.593 1282.968 1449.000 1494.875 1520.531 1564.843 1685.750 1959.531 
62.562 104.000 110.843 398.218 399.750 400.531 405.968 671.531 825.937 836.656 847.187 1068.875 1213.500 1214.250 1282.531 1296.250 1444.156 1666.968 1676.218 1957.875 
62.593 120.000 120.718 129.437 141.125 158.437 164.625 208.718 363.968 365.156 406.375 661.062 680.656 729.812 1049.812 1068.343 1076.093 1079.531 1169.812 1183.968 1185.937 1200.093 1232.750 1266.875 1278.343 1291.281 1296.718 1568.562 1594.218 1652.937 1666.281 1676.843 
99.000 109.093 127.531 162.125 172.562 204.000 387.156 407.250 731.437 848.875 858.000 859.062 1061.250 1145.187 1171.531 1174.500 1176.281 1178.281 1193.593 1493.531 1570.281 1586.906 
42.500 64.093 108.500 119.312 127.875 149.562 203.218 362.562 388.625 399.281 406.531 408.156 660.937 666.781 828.593 836.093 848.718 857.125 883.218 1059.218 1069.343 1147.906 1166.625 1169.406 1183.812 1212.468 1213.718 1284.062 1297.781 1566.656 1675.968 1920.531 
44.062 119.093 207.187 207.843 405.718 671.062 671.406 672.093 729.031 846.968 965.406 1053.406 1068.562 1079.000 1172.812 1193.000 1213.250 1249.250 1299.343 1476.937 1568.812 1642.375 1918.718 
