14.093 18.062 21.968 67.062 319.906 330.656 345.500 408.812 417.062 614.687 664.250 671.968 813.343 909.343 912.531 940.562 1043.687 1047.343 1052.781 1102.031 1141.281 1143.625 1149.562 1254.562 1278.281 1387.906 1403.000 1446.093 1502.937 1568.156 1607.656 1618.500 1646.250 1678.312 1755.500 1832.250 1939.875 2003.000 2032.093 2141.531 2240.593 2250.875 2288.437 2463.375 2508.062 
16.937 20.406 124.281 303.843 339.125 370.312 664.468 711.781 754.281 910.562 997.000 1043.906 1045.531 1115.531 1142.031 1253.187 1318.593 1498.125 1500.312 1623.843 1678.656 1759.625 1994.062 2002.843 2064.468 2459.125 3010.281 
16.437 54.250 75.687 78.906 97.593 197.937 225.656 322.875 362.000 375.031 409.156 517.968 533.937 583.562 664.312 679.812 814.437 876.656 912.375 935.156 995.000 1044.562 1141.437 1152.687 1252.156 1255.718 1318.312 1320.250 1325.718 1360.562 1403.343 1407.343 1475.468 1495.500 1499.000 1571.531 1591.156 1618.875 1679.281 1689.531 1756.656 1802.968 1843.656 1889.218 1910.218 1940.312 1984.718 1995.343 2107.500 2129.656 2145.687 2149.812 2237.281 2242.000 2247.000 2363.031 2435.062 2459.125 
20.718 75.437 77.156 91.375 194.906 216.593 372.375 410.656 499.750 540.125 1044.343 1256.593 1318.281 1323.937 1607.656 1765.062 1862.468 2003.500 2145.343 2236.531 2242.406 2428.218 2433.062 
15.781 19.531 20.687 21.312 61.625 63.375 74.750 78.750 80.656 85.500 114.843 125.062 141.843 195.218 203.156 225.593 303.156 315.750 358.625 372.562 408.562 418.187 445.937 472.906 513.656 515.562 534.781 542.375 550.968 556.625 605.687 617.968 644.906 651.125 664.312 665.718 705.250 751.187 757.718 846.281 909.343 1044.562 1046.312 1050.156 1139.656 1142.375 1146.500 1179.218 1207.750 1250.218 1257.031 1279.125 1318.281 1321.500 1361.031 1403.000 1446.062 1474.593 1499.062 1563.500 1572.562 1623.281 1625.625 1664.625 1678.687 1689.562 1755.656 1759.031 1765.625 1772.312 1800.375 1812.968 1844.625 1884.000 1940.375 1952.281 2002.000 2008.062 2088.187 2149.937 2213.093 2245.781 2356.593 2358.593 2362.906 2414.250 2422.312 2459.656 2462.437 2508.125 2630.218 3035.250 
16.437 20.187 21.750 25.562 30.000 61.093 71.468 75.406 83.750 101.656 124.187 127.937 194.656 259.156 284.625 358.500 363.343 371.000 408.875 410.593 412.343 473.062 512.468 556.031 571.937 589.156 664.656 673.531 742.625 812.218 814.687 845.937 851.500 852.093 859.562 892.000 909.125 928.625 935.718 938.312 961.000 983.031 994.218 1044.343 1045.968 1139.343 1142.468 1273.156 1278.000 1318.406 1320.625 1326.187 1475.218 1499.281 1532.906 1605.750 1623.031 1625.812 1679.781 1690.843 1741.343 1756.062 1801.437 1806.781 1868.281 1912.281 1940.593 1957.500 2003.093 2007.593 2041.968 2145.187 2146.375 2222.843 2236.875 2238.406 2241.468 2247.218 2358.031 2369.250 2440.437 2459.750 2489.875 2506.656 3392.406 
21.687 27.687 51.687 78.656 84.843 124.687 133.750 140.062 193.875 225.250 257.343 371.250 408.593 410.062 481.406 534.625 559.687 583.500 654.718 667.406 671.000 679.000 695.343 704.750 784.656 812.187 845.906 848.937 935.750 946.406 963.687 1044.250 1051.593 1139.656 1145.593 1251.656 1318.187 1322.781 1328.312 1393.343 1403.437 1495.875 1499.562 1594.937 1660.906 1751.406 1831.843 1862.781 1910.375 2003.437 2044.781 2151.156 2151.843 2201.000 2237.593 2271.781 2359.250 2361.531 2438.625 2459.250 2463.156 3306.781 
16.375 20.625 29.500 76.250 78.437 84.000 104.437 113.406 124.468 314.968 321.812 333.843 358.875 381.812 413.468 548.875 551.781 664.250 669.031 672.562 688.875 695.843 705.906 736.906 753.656 755.093 778.406 844.343 848.187 946.750 990.937 1044.062 1051.562 1101.750 1139.625 1177.437 1256.625 1277.093 1278.937 1318.343 1324.343 1430.906 1495.406 1502.562 1539.718 1756.000 1760.343 1845.312 1885.312 1940.281 1962.750 2002.312 2003.906 2141.968 2145.656 2237.125 2238.531 2275.062 2371.093 2459.562 2461.218 2463.406 2507.312 2914.531 3039.812 3278.687 3303.406 3662.781 
63.437 67.781 76.875 124.562 314.062 315.375 338.093 372.937 383.125 408.750 481.937 538.906 664.218 851.062 908.968 964.187 1044.562 1163.781 1201.781 1317.718 1375.718 1403.281 1476.968 1495.687 1598.375 1652.343 1756.156 1757.812 1764.062 1944.843 2007.812 2031.156 2142.281 2262.875 2379.125 2459.000 3659.562 3901.343 3924.562 
16.562 22.000 26.281 28.125 60.875 75.593 78.781 83.750 244.875 302.687 324.406 383.281 409.250 513.812 625.843 664.437 668.968 705.062 759.875 935.843 1043.875 1046.437 1139.531 1264.656 1496.781 1765.437 1851.093 1952.906 2003.000 2033.156 2098.531 2145.250 2212.187 2215.500 2216.812 2244.406 2385.875 2459.562 2463.156 3271.968 3358.781 3743.125 
