116.156 293.218 312.656 364.500 988.000 1047.375 1121.843 1207.812 1241.843 1751.156 1956.031 
35.125 73.125 318.000 499.593 520.906 786.906 808.312 836.406 990.437 1044.187 1227.781 1864.812 3031.250 
230.812 469.312 836.406 928.125 969.437 979.593 1022.500 1251.750 1490.875 1536.968 1555.125 1663.000 1808.093 
26.250 71.875 306.000 316.281 443.812 575.093 809.125 1205.343 1321.375 1409.250 1567.218 1647.875 1690.281 1718.468 1752.531 
72.500 102.812 497.406 535.031 697.093 795.406 808.000 811.218 838.812 1068.531 1072.250 1229.718 1578.625 
-1365.875 14.437 109.531 114.156 163.656 180.968 207.125 500.750 640.500 809.031 979.718 1016.125 1040.906 1190.968 1277.812 1537.281 1863.406 
-947.188 153.531 271.406 289.562 457.062 495.156 611.843 980.375 1271.281 1286.093 1496.062 1646.906 1718.531 1805.593 1834.062 1861.031 2373.375 
519.343 809.156 872.093 937.031 1045.593 1189.468 1211.125 1414.718 1426.093 1662.375 1665.937 1833.531 1886.812 
108.125 246.406 263.312 512.250 522.843 810.062 828.281 979.156 1124.843 1421.125 1578.843 1863.906 
297.000 348.687 469.406 601.968 731.281 943.375 1270.531 1753.656 1979.687 
