224.968 331.312 639.125 789.687 1001.843 1384.000 1517.781 1603.218 
139.750 586.406 615.718 822.437 842.375 1299.343 1399.156 1651.500 1898.187 
55.843 83.812 139.375 169.812 306.000 726.437 792.531 1183.750 1221.156 1298.781 1404.250 1507.406 1738.093 1806.562 1897.531 1979.531 
-1530.844 -1219.157 37.906 96.937 270.250 353.687 420.093 454.062 466.562 506.687 768.468 924.531 1051.125 1344.750 1944.656 3432.718 
16.218 23.062 36.343 63.750 68.937 208.843 306.437 353.062 557.750 561.437 585.750 639.718 853.062 1052.062 1091.968 1227.000 1382.812 1476.468 
60.906 268.156 564.468 641.937 660.468 1185.875 1240.468 1476.968 1478.218 1653.531 1968.750 
38.843 94.250 188.937 210.093 459.625 588.531 766.281 853.625 1581.375 1850.968 1914.125 3617.312 
896.312 1001.031 1111.406 1239.500 1345.656 1510.593 1652.500 
-911.813 37.218 92.906 465.343 1145.093 1146.531 1411.843 1427.343 1743.500 1912.031 
14.156 86.718 139.625 352.468 378.437 456.562 484.562 495.156 842.937 1052.906 1222.062 1765.781 
