-1723.375 -1536.844 -1448.938 -1003.532 -903.969 -828.344 -550.625 -451.875 45.968 207.437 212.968 221.218 229.875 233.031 257.312 260.125 340.593 411.625 540.406 567.156 590.718 685.125 720.937 799.375 843.500 873.656 901.812 907.000 1147.843 1239.968 1257.531 1277.531 1306.968 1313.218 1352.937 1496.281 1507.062 1555.468 1556.750 1579.093 1607.531 1619.812 1715.687 1737.812 1761.125 1810.718 1814.156 1826.406 1848.937 1869.187 1882.531 1889.156 1904.500 1907.875 1990.281 1999.093 2697.468 2723.812 2799.062 3137.687 3178.937 3192.687 3402.781 3569.093 3718.968 3905.343 
-1029.438 -988.813 -809.282 -468.375 -401.625 74.562 79.062 231.531 279.000 374.875 415.062 441.000 646.062 682.250 688.843 707.468 724.406 765.093 885.250 907.687 1048.031 1147.906 1280.968 1295.093 1305.281 1331.406 1351.687 1384.687 1398.781 1526.906 1535.593 1541.812 1550.281 1557.437 1566.000 1574.593 1583.781 1585.000 1590.937 1594.531 1606.468 1631.781 1677.875 1690.281 1693.250 1751.781 1877.906 1935.531 1950.781 1953.937 1957.343 1968.031 2012.531 2027.562 2129.093 2135.062 2186.343 2194.718 2200.812 2202.312 2223.218 2253.968 2273.437 2295.781 2358.625 2375.343 2475.281 2726.906 3151.062 
-1700.469 26.812 40.906 55.906 124.531 322.625 328.468 334.593 342.218 446.031 459.281 474.218 499.218 532.656 574.343 667.968 677.718 678.218 705.156 745.218 807.687 893.906 958.281 998.937 1035.062 1091.593 1149.187 1191.000 1358.312 1379.218 1409.593 1431.906 1446.437 1475.468 1481.843 1725.750 1744.156 1757.062 1774.625 1865.156 1896.625 1991.468 2006.093 2008.843 2011.875 2082.062 2114.906 2198.406 2262.656 2521.000 2725.843 3454.000 3456.812 3825.750 
-1063.188 -767.844 -756.032 -646.625 -598.844 -589.000 -192.750 -4.344 37.156 50.812 57.656 73.781 75.062 98.218 215.500 258.187 283.312 294.187 302.437 308.000 310.843 318.062 323.125 349.093 355.468 391.437 396.500 397.343 398.250 481.593 531.718 674.812 691.875 696.843 716.125 796.000 886.312 891.218 903.375 919.906 986.218 1042.687 1054.593 1078.656 1125.250 1158.468 1163.093 1164.562 1181.562 1331.375 1338.031 1414.687 1418.906 1508.968 1528.750 1579.000 1620.968 1670.687 1706.718 1874.656 1922.625 1965.875 1974.875 2008.312 2025.875 2029.500 2041.218 2094.781 2304.437 2411.781 2794.031 3036.250 3352.468 3650.406 3698.343 
-1793.563 -1784.063 -1778.563 -1769.938 -653.969 -636.157 -171.157 -159.907 -73.657 68.312 116.187 224.750 259.218 318.000 356.750 658.625 764.093 862.593 865.562 890.750 929.593 937.437 967.531 985.281 1062.375 1064.218 1112.250 1188.750 1281.187 1326.718 1519.625 1535.875 1543.687 1555.187 1563.000 1579.406 1584.750 1603.062 1610.218 1619.875 1640.625 1646.750 1653.500 1659.531 1660.781 1676.156 1740.718 1822.968 2007.593 2058.093 2151.593 2556.593 2752.093 2858.531 2929.812 2938.531 2945.718 3600.875 3853.781 
-1868.094 -1857.000 -1854.032 -1820.875 -1800.563 -1723.375 -637.907 -554.375 61.000 92.531 105.281 159.218 297.625 312.156 322.343 351.031 359.531 581.250 589.750 609.656 611.375 641.437 712.500 728.843 734.531 752.187 759.812 835.593 842.312 870.000 886.000 892.125 896.843 998.781 1009.281 1019.562 1192.031 1292.343 1325.875 1342.843 1444.593 1558.812 1618.968 1756.937 1762.656 1821.312 1925.562 1998.031 2001.406 2011.781 2013.500 2120.218 2123.250 2124.312 2202.031 2281.843 2620.656 2624.375 2627.437 2631.187 2672.000 2718.187 2864.562 2989.968 2999.750 3042.312 3045.093 3059.375 3085.093 3153.125 3525.531 
-1854.313 -1320.125 -1190.500 -905.344 -888.000 -836.188 -814.782 -584.438 -523.844 -409.250 -349.844 -168.938 -166.532 -160.219 -155.875 -142.532 -119.813 -114.407 -113.313 27.531 44.406 61.468 99.687 238.250 241.125 316.781 320.937 340.031 400.406 442.625 544.593 674.125 682.718 685.750 716.375 726.406 899.875 925.656 926.500 994.562 1016.375 1020.937 1031.187 1226.656 1230.312 1247.687 1250.218 1254.656 1260.468 1266.062 1287.062 1342.500 1350.500 1525.500 1553.625 1600.031 1675.500 1693.156 1709.531 1742.937 1787.468 1807.500 2006.187 2013.875 2100.687 2115.312 2126.625 2165.437 2382.531 2481.468 2490.531 2497.218 2504.375 2542.437 2579.593 2626.437 2629.218 2637.500 2667.343 2691.031 2694.500 2731.062 2773.468 2787.812 2844.218 3454.218 3464.468 3547.218 3592.562 3617.375 3719.562 3745.812 3788.093 
-1655.750 -1461.219 -1435.125 -1417.563 -1189.438 -710.250 -647.750 -642.407 -353.250 -337.000 -263.438 90.750 232.187 237.750 243.531 287.281 340.343 377.281 384.031 582.375 675.218 693.437 707.156 728.343 782.562 902.281 914.125 1004.281 1019.375 1033.843 1050.562 1052.937 1073.343 1074.406 1259.625 1412.531 1523.000 1537.062 1552.468 1577.312 1589.656 1601.812 1626.531 1643.593 1689.250 1697.406 1751.437 1760.281 1847.687 1874.531 1991.906 2005.000 2008.062 2031.093 2421.562 2535.687 3058.937 3251.968 3326.906 3688.468 3713.500 3815.000 
-1603.032 -1539.688 -1317.188 -676.094 51.781 191.937 224.718 269.593 348.968 418.093 419.625 452.750 515.562 527.812 536.218 591.093 599.687 693.031 736.031 767.656 779.031 802.906 822.937 824.406 860.156 903.593 982.593 1025.218 1100.812 1102.781 1146.718 1199.218 1199.937 1223.093 1249.187 1312.656 1341.250 1366.343 1368.312 1379.593 1411.468 1425.500 1447.593 1469.750 1486.500 1530.812 1549.156 1561.093 1585.312 1682.500 1723.031 1752.187 1759.406 1764.937 1794.343 1812.218 1934.250 1956.468 2011.906 2031.281 2037.031 2039.812 2578.875 2681.312 2944.156 2961.343 3088.125 3128.281 3239.875 3417.750 3419.093 3566.406 3592.968 3654.093 3683.406 3885.093 3918.625 3964.531 3985.406 
-1989.594 -1159.688 19.625 27.750 64.593 65.718 80.031 80.968 120.062 147.687 179.125 201.218 205.125 217.093 218.687 219.843 268.562 312.468 326.562 568.250 683.968 844.875 875.906 902.281 906.156 908.875 915.312 968.937 992.718 996.750 1311.281 1324.968 1328.968 1382.687 1425.875 1450.250 1480.250 1529.062 1648.343 2307.593 2443.812 2448.812 2592.531 2745.281 2873.562 2879.968 2900.750 2911.937 2924.593 2928.781 2955.875 2988.687 3007.437 3022.250 3022.781 3068.656 3084.156 3409.593 3415.750 
-1704.313 -1689.438 -1601.344 -864.969 -559.469 -548.157 -451.719 -329.188 -172.000 -58.094 -56.563 39.156 48.968 65.062 126.937 247.406 305.843 326.937 489.093 581.687 604.781 630.250 679.500 709.625 714.906 723.812 738.531 979.281 981.281 1154.718 1231.156 1360.625 1428.437 1468.312 1722.062 1741.250 1745.125 1759.125 1761.625 1773.062 1795.406 1888.468 1950.437 1972.375 2064.375 2081.937 2112.468 2171.156 2172.187 2182.031 2184.656 2191.281 2230.812 2235.500 2250.031 2265.093 2288.906 2524.843 2637.906 2771.343 2823.281 2831.500 2944.343 2953.343 2978.687 2997.250 3061.843 3280.875 3318.937 3518.125 3554.250 3869.312 
-1784.813 -1778.969 -1709.688 -1500.438 -1454.719 -1228.313 -1123.844 -17.688 139.531 181.781 183.437 208.093 220.875 278.625 288.687 397.218 468.406 600.343 684.093 730.875 845.218 847.062 908.781 991.250 1159.968 1167.000 1167.906 1235.156 1291.187 1368.937 1407.781 1450.031 1475.937 1502.281 1543.093 1746.906 1944.906 1953.218 2089.968 2122.218 2211.781 2350.750 2356.156 2594.187 2610.437 2694.843 2981.593 3004.562 3023.781 3087.156 3131.781 3195.156 3217.781 3401.718 3496.250 3859.531 
-1985.688 -1946.125 -1869.000 -1708.344 -1583.282 -1574.750 -1364.750 -1282.657 -1235.532 -1202.375 -1187.625 -1172.875 -1145.157 -1101.157 -1076.157 -1000.469 -955.188 -653.094 -591.094 -569.250 61.468 96.781 192.843 217.187 314.125 384.625 432.562 632.906 702.000 704.312 709.781 829.812 864.781 867.843 880.031 887.843 896.156 909.781 919.718 929.250 974.375 1005.625 1105.156 1162.125 1193.781 1343.906 1579.093 1653.875 1673.000 1692.593 1749.937 1759.281 1877.250 2192.906 2203.312 2369.093 2450.031 2467.406 2509.343 2563.750 2597.937 2637.031 2695.875 3261.093 3303.656 
-1081.719 -1071.313 -1063.657 -692.219 223.468 245.468 245.781 253.812 266.125 300.281 327.781 333.062 386.000 402.062 406.406 462.937 499.968 684.156 703.312 768.593 810.125 819.250 839.906 852.687 886.468 913.031 927.468 985.437 993.531 1121.687 1212.000 1229.062 1297.000 1321.781 1329.000 1369.343 1475.500 1719.000 1740.250 1752.031 1759.437 1809.093 1998.375 2007.125 2017.218 2039.687 2077.625 2109.281 2189.968 2369.812 2795.593 2884.093 2969.968 3134.656 3286.250 3573.562 3575.093 3597.906 3652.000 3690.656 3970.750 3989.500 
