18.406 20.593 69.500 72.906 214.406 217.687 245.093 281.281 299.750 346.187 380.031 475.875 514.937 551.625 587.125 591.906 595.125 628.031 635.781 696.750 713.375 729.156 730.968 736.593 811.031 818.531 821.093 857.156 859.750 918.375 922.093 981.562 991.031 1012.562 1062.750 1091.000 1108.656 1119.281 1132.906 1142.000 1152.843 1522.812 3168.187 
19.250 57.031 60.125 217.906 223.843 225.531 308.406 393.625 471.406 589.187 612.000 635.718 691.812 738.156 746.375 762.250 767.375 821.906 837.031 859.781 919.156 924.906 981.531 986.625 990.593 1016.562 1091.406 1108.500 1110.656 1119.687 1162.593 1549.625 
50.812 61.593 64.375 79.343 218.125 245.093 296.812 309.156 469.781 548.281 586.000 628.218 632.468 633.968 640.218 684.812 698.781 701.343 728.562 737.593 740.000 766.906 792.156 818.562 820.562 890.843 939.906 981.187 987.156 1110.437 1132.781 1143.093 1155.062 
18.843 27.875 126.562 206.812 212.531 227.843 296.718 347.218 350.593 410.500 419.000 468.187 470.281 497.531 506.781 552.687 574.093 605.812 653.406 684.968 728.750 736.937 738.843 761.437 819.625 981.312 1017.625 1110.343 1112.687 1118.875 1152.343 
18.875 60.812 217.031 244.937 281.718 309.031 325.281 347.812 394.218 410.625 418.750 468.687 511.187 574.625 594.718 609.500 628.718 738.000 740.250 761.656 764.625 768.343 799.781 816.875 862.375 894.500 989.687 1035.406 1090.531 1092.781 1112.968 1153.906 1963.031 
53.906 60.062 224.500 244.187 279.062 299.375 310.281 347.187 474.156 503.656 609.343 611.312 737.218 742.031 744.187 745.875 792.437 814.937 818.687 991.156 1019.562 1027.625 1062.093 1068.031 1110.218 1112.843 3862.437 3865.500 
9.906 57.843 64.312 200.812 214.937 225.656 237.625 308.531 347.718 356.625 410.156 465.250 473.718 477.593 553.093 574.750 600.312 640.718 654.562 695.375 728.968 745.468 762.218 767.031 816.218 821.500 857.250 981.687 1013.250 1090.687 1114.750 1148.156 
19.250 28.156 218.000 324.937 410.656 421.281 471.218 496.968 547.187 574.781 585.625 728.906 739.500 800.500 836.718 894.843 982.812 990.468 1059.843 1091.625 
57.593 249.281 423.468 470.468 471.875 483.000 499.062 594.437 614.000 628.218 737.906 858.625 990.875 1018.812 1108.937 1131.406 
71.156 248.906 511.093 728.812 763.875 859.406 992.156 1041.187 1112.812 3095.406 
