28.281 109.125 174.843 177.375 248.062 548.968 728.187 857.562 888.625 917.718 990.000 1005.125 1026.375 1074.656 1077.843 1099.625 1108.718 1123.937 1254.343 1263.875 1265.781 1305.812 1360.468 1369.843 1377.000 1416.218 1422.343 1430.906 1466.281 1475.468 1483.375 1506.187 1530.687 1533.625 1548.937 1553.406 1572.718 1586.406 1588.843 1590.218 1656.812 1693.312 1731.750 1734.625 1737.406 1765.656 1786.718 1809.750 1812.343 1835.250 1837.906 
28.656 385.687 489.687 518.593 850.687 854.031 856.156 889.031 906.656 993.093 1003.500 1027.156 1032.718 1075.750 1099.875 1104.625 1134.875 1259.375 1266.375 1293.375 1362.343 1424.187 1476.093 1482.156 1530.281 1533.593 1542.781 1556.687 1570.343 1586.500 1588.468 1590.906 1653.875 1729.593 1733.125 1736.437 1768.750 1787.156 1790.593 1808.906 1835.593 1838.468 
152.187 249.968 266.687 321.218 511.937 517.906 543.062 730.750 808.281 856.250 859.125 906.000 956.437 984.500 993.062 1008.468 1075.281 1077.906 1100.500 1127.625 1134.312 1136.781 1170.187 1192.750 1252.562 1256.000 1263.093 1266.187 1346.187 1361.375 1423.937 1464.687 1475.937 1529.625 1535.031 1552.468 1558.312 1583.375 1589.343 1653.687 1656.968 1681.343 1721.531 1729.187 1731.968 1734.375 1750.593 1787.656 1810.250 1815.531 1849.593 
20.875 27.968 108.343 127.125 249.218 293.968 488.500 492.531 543.000 551.968 731.531 808.500 855.687 858.968 888.250 906.750 973.843 983.343 993.593 1012.000 1028.281 1075.906 1087.343 1101.406 1135.062 1177.625 1255.687 1258.687 1305.406 1371.906 1431.312 1475.968 1488.812 1531.031 1564.875 1583.843 1586.656 1607.906 1629.906 1718.093 1729.375 1731.625 1746.000 1764.625 1787.031 1835.062 1837.500 1884.937 
58.906 222.781 249.937 294.437 304.656 442.937 470.750 509.437 514.250 551.625 555.875 771.156 807.281 808.812 814.781 853.343 856.656 917.656 951.750 957.343 1028.468 1087.968 1108.531 1118.968 1135.593 1222.812 1259.375 1305.875 1327.500 1349.312 1379.281 1415.437 1423.062 1432.312 1437.281 1475.937 1478.687 1482.312 1489.375 1494.000 1528.593 1537.281 1543.781 1552.968 1570.250 1572.656 1587.062 1611.687 1679.281 1693.031 1707.000 1723.468 1731.406 1733.187 1742.031 1788.218 1836.031 1884.968 
27.062 27.906 29.187 109.687 126.687 151.750 175.593 177.187 218.500 249.531 483.062 509.593 512.843 543.281 547.250 555.656 641.062 729.593 772.406 809.281 854.500 858.281 891.343 916.687 959.000 974.843 992.875 1027.000 1088.093 1095.843 1123.093 1137.656 1229.000 1255.093 1261.843 1264.781 1306.781 1343.343 1360.875 1364.875 1378.000 1421.625 1433.468 1476.000 1486.656 1505.843 1529.906 1549.718 1557.187 1571.281 1572.718 1584.781 1588.000 1607.437 1653.812 1680.812 1690.437 1702.968 1717.843 1731.062 1734.593 1735.218 1736.593 1750.250 1781.875 1788.437 1815.406 1835.187 1837.218 1889.000 
21.468 127.625 151.000 174.343 215.843 249.031 288.937 320.875 322.468 386.187 443.718 489.906 542.968 667.781 671.906 718.125 729.968 807.781 889.187 917.968 955.937 992.031 995.375 1003.000 1027.093 1050.312 1077.281 1096.250 1103.125 1124.468 1135.187 1167.531 1263.062 1308.125 1323.468 1350.062 1365.656 1378.781 1380.812 1462.656 1481.718 1486.625 1489.156 1490.343 1529.375 1535.093 1555.250 1583.750 1587.781 1591.218 1654.312 1657.156 1678.156 1692.593 1703.718 1730.843 1733.687 1736.562 1786.156 1787.656 1789.125 1812.875 1838.968 1850.500 
21.031 27.625 59.937 165.218 256.781 325.500 369.093 449.093 488.312 512.625 551.468 617.843 643.718 734.125 809.875 859.187 861.875 954.968 957.562 960.250 986.375 988.875 992.375 1031.062 1078.906 1099.125 1134.812 1136.968 1171.750 1173.312 1225.625 1252.250 1258.687 1307.437 1309.500 1372.500 1379.062 1423.937 1433.000 1464.812 1478.750 1482.031 1486.343 1508.093 1533.968 1550.437 1557.812 1570.593 1572.187 1574.937 1583.937 1587.593 1589.937 1654.031 1657.312 1681.406 1684.500 1692.718 1696.687 1708.437 1728.500 1732.531 1735.312 1748.187 1768.031 1787.343 1809.000 1811.906 1835.625 1840.250 3582.687 
20.937 26.968 40.187 61.062 132.625 184.812 224.250 245.437 249.781 291.968 367.250 413.531 512.937 542.375 545.125 552.562 559.187 614.687 670.031 808.156 815.468 859.968 917.875 954.500 957.593 959.875 960.343 990.875 1026.218 1095.468 1127.406 1135.875 1154.812 1224.000 1253.187 1255.187 1257.093 1263.843 1266.593 1307.375 1366.125 1378.937 1435.937 1482.906 1531.500 1535.937 1548.468 1552.781 1555.218 1570.968 1586.500 1590.875 1657.062 1679.031 1682.781 1693.906 1719.156 1721.125 1723.406 1733.093 1740.500 1767.906 1787.843 1814.218 1835.437 
20.562 174.468 223.250 321.000 410.531 473.593 510.593 514.187 542.843 667.593 815.968 837.937 858.218 889.687 918.218 919.875 922.562 955.718 967.875 977.656 992.625 1003.437 1005.812 1052.343 1054.437 1057.187 1072.937 1073.968 1098.000 1099.281 1101.531 1120.531 1132.718 1138.812 1255.062 1261.750 1264.062 1265.031 1267.375 1306.062 1310.406 1371.468 1377.281 1383.062 1406.625 1415.062 1418.125 1427.218 1431.531 1433.468 1479.156 1485.187 1500.687 1536.468 1572.062 1585.593 1693.593 1739.750 1746.718 1764.968 1813.437 1836.250 1839.312 
