23.218 129.343 200.906 413.062 565.531 728.187 783.031 838.781 840.875 855.656 880.093 961.687 984.781 987.437 1308.593 1407.125 1411.156 1483.718 1511.843 1628.906 1636.468 1720.656 
25.750 179.625 303.437 362.531 367.000 879.687 935.281 987.500 1105.281 1306.500 1309.062 1318.406 1371.343 1382.625 1385.437 1407.500 1467.000 1514.718 1637.281 1718.093 1721.687 2467.625 2469.781 2473.843 
24.531 65.468 70.625 448.656 479.968 484.500 700.312 762.468 782.468 873.593 1294.093 1401.281 1516.000 1688.250 1719.875 
22.281 67.812 350.156 505.250 728.250 865.812 1144.343 1204.500 1294.156 1383.625 1636.781 
21.406 25.812 61.968 63.906 192.750 204.500 414.437 480.125 762.625 843.687 858.781 861.718 880.093 1173.218 1190.281 1294.062 1370.718 1382.250 1387.781 1407.593 1484.468 1539.281 1645.375 
65.343 75.562 201.312 367.781 857.343 860.281 991.031 1225.718 1310.437 1316.718 1381.968 1407.406 1516.406 1722.843 
25.000 480.156 761.718 791.343 862.437 991.812 1225.937 1382.312 1387.843 1407.718 1597.531 1682.031 1720.000 2432.375 
297.625 360.281 374.500 413.281 481.062 642.843 762.968 861.656 988.593 1375.406 1397.812 2005.812 3535.656 3641.968 
67.312 180.437 255.781 745.375 843.218 986.125 1387.906 1518.281 3200.875 
22.312 232.406 746.000 791.781 857.531 985.875 1375.937 1685.125 2204.531 
