-1585.907 -1469.063 -1411.657 -1276.813 -1154.844 -526.625 -478.157 210.218 276.187 284.343 534.625 573.875 705.187 721.875 749.187 751.937 1144.843 1354.375 1358.937 1393.750 1711.031 1932.468 2037.218 2100.718 2831.218 3211.593 3220.531 3686.156 
-1713.375 -1249.594 -996.719 -841.907 -774.813 -624.469 -590.657 -525.000 -30.032 18.562 107.062 158.218 263.218 291.781 629.375 642.437 708.562 763.562 773.812 803.156 1142.250 1145.093 1752.656 1858.437 1923.718 1944.187 1955.968 1995.125 2267.093 2422.437 3575.031 
-1367.094 -859.844 -569.563 -456.813 153.562 166.750 348.906 425.406 537.406 643.812 653.531 703.687 721.968 887.312 894.250 915.718 927.156 980.062 1084.812 1277.312 1448.843 1465.468 1520.593 1553.656 1616.625 1739.437 1953.062 1956.468 2037.781 2765.281 
-1512.000 -1451.282 -1421.407 -928.438 -428.032 -276.750 11.937 61.406 115.656 192.531 206.625 212.375 220.656 275.375 328.843 337.187 575.937 611.000 768.625 798.812 878.281 920.812 984.500 1100.343 1112.156 1130.156 1448.468 1510.906 1536.812 1712.468 1915.250 2343.343 2861.281 2891.375 2932.062 3070.656 3210.000 3241.968 3454.750 3520.000 3721.343 3760.562 
-1377.719 -1009.969 -966.188 -700.313 -510.813 -393.969 -237.469 -173.375 -8.469 31.593 305.625 414.843 453.343 720.375 793.593 898.812 971.062 1042.562 1287.968 1394.875 1535.656 1560.000 1565.562 1789.531 1908.375 1958.562 2422.843 3286.437 3379.687 3407.562 3872.093 3969.406 
-1794.688 -1720.125 -1595.907 -1301.875 -967.438 -461.688 -332.907 -203.657 78.968 140.406 179.937 200.781 279.218 322.281 442.906 638.187 650.031 738.218 745.437 757.625 811.281 937.875 1091.406 1100.781 1107.562 1116.875 1121.562 1366.812 1513.437 1543.375 1592.375 1602.312 1639.781 1905.593 1911.812 1932.875 1939.968 2932.656 3804.875 
-1804.782 -1559.188 -1506.063 -1365.938 -1275.875 -1163.594 -1040.032 -989.125 -880.469 -311.032 -134.750 60.218 107.000 151.000 166.406 193.781 540.718 643.593 650.031 687.468 738.593 767.937 793.437 921.625 944.218 1013.156 1035.625 1120.000 1360.281 1379.750 1451.406 1474.000 1483.656 1545.718 1577.531 1595.593 1710.531 1722.281 1733.218 1745.968 1754.312 1838.093 1914.625 2067.781 2536.500 2748.156 2888.312 2952.968 3227.062 3281.875 3317.718 
-1766.688 -1678.594 -1529.469 -812.032 -756.125 -471.063 61.093 70.718 79.843 172.750 194.750 209.812 219.343 354.281 448.781 536.968 636.718 643.781 687.718 711.343 734.906 754.593 757.406 768.093 784.812 792.437 797.593 889.406 901.406 926.156 933.937 942.375 966.000 1051.937 1088.218 1129.437 1356.562 1544.562 1559.406 1592.875 1699.812 1892.562 2317.437 2809.593 2930.125 2962.968 3266.031 3511.218 3782.750 
-1806.532 -1663.438 -1415.782 -1164.157 -1134.000 -1073.000 -946.000 -377.844 97.937 208.593 303.250 326.781 427.843 459.812 671.468 707.812 761.218 771.531 782.125 965.406 998.218 1041.468 1132.187 1147.375 1381.281 1447.343 1465.312 1592.562 1595.093 1601.968 1605.093 1805.187 1933.375 1945.437 2038.312 2253.375 2491.437 2588.968 2875.968 3120.906 3297.593 3457.031 3525.968 3680.593 3904.250 
-1026.532 -727.313 -677.094 -174.657 -119.532 89.843 151.906 302.718 535.312 541.406 665.375 716.437 755.687 757.875 803.500 922.375 988.906 997.093 1023.656 1069.781 1089.562 1100.781 1113.187 1346.656 1460.218 1510.093 1623.875 1700.781 1755.500 1913.031 1939.656 1971.062 2220.312 2756.312 2810.343 2972.343 3215.687 3326.625 3729.750 
-1845.813 -1779.625 -1556.250 -1462.657 -1361.282 -1176.157 -1063.719 -839.438 -512.438 -445.844 -352.125 -65.282 83.375 210.343 265.750 353.343 421.406 428.687 440.281 464.218 537.218 560.281 721.125 767.125 894.937 898.375 907.937 998.312 1039.312 1069.156 1129.312 1286.718 1356.375 1515.187 1552.625 1570.218 1593.312 1603.531 1619.437 1698.437 1704.875 1713.343 1737.562 1743.968 1752.656 1802.687 1806.031 1869.500 2052.218 2497.843 2630.593 3052.781 3153.437 3519.218 3559.312 3754.125 3983.156 
-1931.719 -1842.000 -1752.469 -1567.344 -1193.313 -998.375 -624.313 -415.782 -288.500 -219.250 74.781 83.218 102.125 131.781 148.750 159.531 204.062 291.750 321.718 333.687 425.000 450.031 461.593 537.062 586.875 756.781 768.406 771.062 781.593 890.062 901.500 1035.781 1045.968 1047.406 1115.812 1120.156 1128.718 1361.187 1390.781 1397.312 1509.968 1617.781 1621.250 1789.750 1801.250 1808.718 1874.218 1890.968 1939.093 2027.000 2235.406 2423.000 2686.750 2866.437 2977.218 3086.906 3463.562 3576.812 3749.843 3782.406 
-1831.688 -1725.875 -1459.000 -1015.375 -1004.000 -275.219 38.250 82.906 289.375 334.750 571.250 643.937 700.562 746.562 796.687 923.468 995.031 1043.687 1461.531 1472.750 1481.906 1536.000 1558.031 1593.687 1691.187 1712.093 1739.250 1754.687 2051.093 2577.218 3485.437 3548.687 3602.343 
-1957.250 -1938.563 -557.344 42.000 51.593 198.437 325.562 450.437 707.750 757.437 781.687 966.312 1071.531 1263.968 2439.531 2500.406 2591.187 2627.218 2752.031 2998.468 3357.781 3564.750 3707.031 3781.468 3869.375 
