-1651.532 -1082.500 -5.344 229.750 376.375 390.375 636.718 748.843 797.656 914.937 1067.468 1802.843 1991.250 2970.375 3407.000 3654.281 3671.500 
-1806.438 -367.907 17.156 26.375 28.968 134.093 174.937 1268.843 1968.750 
-1441.969 -1436.594 -1011.063 -1006.344 17.437 26.593 29.437 74.531 389.156 952.781 971.468 1030.031 1248.718 1353.218 1453.625 1719.343 2775.906 2808.281 2818.843 
-1965.938 -1956.313 -1509.719 -1507.219 -1199.969 -1188.782 -319.375 17.062 17.750 28.312 34.375 58.812 137.625 810.343 898.625 1200.125 1326.093 1400.218 1660.406 3011.281 3461.968 
-1565.907 -1564.032 -1500.938 -1113.032 -794.094 -775.000 20.750 138.718 516.312 517.468 857.312 866.312 898.093 1550.781 1694.468 1968.500 2891.843 3470.437 3954.625 
-922.688 -921.094 26.687 91.937 276.875 401.187 408.125 945.187 976.750 1968.843 2876.000 3463.125 3486.375 3739.125 
-1830.938 -1799.438 -851.407 -849.063 -548.844 -40.344 -33.188 12.281 17.968 385.468 395.843 684.406 800.531 955.906 960.062 980.968 1470.093 1475.500 1525.781 1561.468 2659.593 2672.468 2809.562 
-1881.750 -1533.875 -1472.750 -1468.000 -1098.000 -935.125 -94.938 17.062 17.625 21.562 431.281 662.593 729.218 906.781 1445.093 1709.312 1973.812 1982.187 2588.312 2625.875 3385.718 
-1860.907 -1833.813 -1084.625 -1077.688 -1045.157 -571.469 -553.282 17.375 18.062 20.656 87.093 121.781 395.531 408.437 433.125 760.562 925.875 948.687 1411.406 1660.593 2095.937 2117.937 2709.406 2954.375 3193.437 3537.718 3559.281 3928.625 
-1968.907 -1371.969 -1356.094 -1277.032 -971.532 -929.969 -548.750 -325.750 -325.344 -321.032 -56.469 0.218 17.343 76.437 397.843 735.812 857.343 874.812 1994.937 2524.312 2527.437 2951.562 3419.218 3835.968 3842.187 3884.187 
