18.437 61.031 84.437 307.187 323.343 368.500 392.281 474.593 556.437 575.531 579.156 635.312 639.406 648.718 654.750 775.593 782.875 971.843 1099.906 1132.031 1138.281 1221.031 1233.625 1248.156 1260.968 1281.125 1456.406 1462.812 1545.750 1554.937 1560.562 1564.906 1594.156 1610.531 1632.437 1638.031 1689.250 1769.343 1773.937 1781.093 1861.281 2323.062 2336.562 3419.906 3436.125 3517.593 
15.218 17.375 31.812 48.687 85.156 133.812 308.468 317.468 354.937 392.843 472.937 555.906 573.718 580.468 583.468 585.250 635.031 650.843 774.812 785.312 901.000 968.187 1101.906 1131.281 1150.343 1152.687 1225.968 1248.187 1279.125 1453.937 1462.281 1464.375 1467.843 1549.656 1555.562 1560.687 1562.593 1571.906 1609.531 1628.250 1636.437 1639.812 1768.156 1771.531 1776.000 1869.500 2219.906 2231.468 2239.156 2247.656 2301.218 3319.312 3327.437 3358.968 
59.843 81.625 93.812 241.437 307.625 312.968 356.718 375.031 390.593 474.625 555.750 578.218 582.468 633.468 637.843 640.500 651.218 774.937 782.968 887.031 974.531 987.000 1098.750 1108.406 1138.031 1219.000 1232.343 1247.437 1273.812 1424.500 1459.562 1469.531 1547.093 1558.656 1562.218 1567.156 1609.250 1631.000 1637.875 1768.125 1780.687 1875.437 3212.781 3225.593 3283.000 
77.406 308.156 317.687 360.031 375.468 402.312 475.531 555.406 566.281 578.562 581.718 584.500 635.375 639.281 639.843 651.062 657.531 775.187 967.062 1100.562 1139.312 1216.312 1234.937 1248.812 1274.593 1459.500 1463.312 1469.187 1547.156 1555.500 1559.812 1579.687 1608.906 1632.343 1638.093 1767.875 1772.468 1865.250 2753.468 3822.375 3837.125 3849.406 3862.468 3879.093 3911.562 
78.187 239.437 299.156 310.250 317.906 324.000 365.031 394.031 503.906 556.500 570.750 579.125 586.281 635.968 640.093 650.281 774.031 782.312 970.187 1139.562 1219.687 1231.656 1247.468 1261.500 1281.593 1396.937 1407.625 1462.000 1551.781 1557.000 1561.406 1610.343 1633.312 1637.812 1769.281 1775.593 1782.968 1868.593 2435.875 2451.187 2457.500 2468.843 2475.718 2506.093 3489.093 3510.156 3527.062 3560.093 
80.187 307.468 318.875 324.125 363.656 392.687 474.687 499.156 515.625 556.187 572.218 583.093 636.093 638.937 649.843 775.062 782.781 887.093 971.687 1101.656 1147.031 1221.625 1234.250 1247.437 1259.906 1279.906 1453.718 1462.781 1467.093 1544.281 1554.218 1557.468 1563.812 1572.406 1611.156 1632.625 1638.187 1687.531 1769.375 1773.125 1780.531 1861.000 2842.843 3530.687 3866.937 3877.718 3891.562 3941.937 
63.812 83.343 307.000 316.531 323.281 356.062 363.843 391.187 554.968 574.062 580.406 583.718 633.718 642.812 653.312 775.375 783.375 969.031 1102.218 1140.906 1219.656 1234.531 1247.031 1279.906 1422.125 1455.406 1462.375 1544.656 1554.218 1558.125 1562.187 1585.187 1611.500 1632.781 1637.812 1768.656 1782.062 1867.281 2622.375 3760.562 3767.312 3774.562 3785.625 3808.593 3834.281 
46.718 58.343 86.687 128.343 309.406 315.343 362.531 390.750 474.750 556.281 580.593 635.093 639.062 663.906 775.468 782.437 971.906 1096.250 1105.500 1142.468 1167.468 1247.218 1259.375 1279.906 1459.250 1462.875 1547.625 1565.687 1574.093 1586.875 1608.906 1637.812 1642.218 1692.531 1769.843 1776.250 1859.125 1877.250 2244.531 3485.656 
81.437 292.531 307.468 312.125 321.718 353.250 369.906 391.625 414.812 556.093 568.343 577.625 582.500 634.968 650.156 664.343 775.468 784.187 967.000 1099.312 1138.625 1232.531 1247.343 1279.531 1433.187 1461.375 1524.406 1548.000 1555.093 1560.750 1563.906 1574.718 1611.250 1635.437 1639.062 1768.218 1771.875 1782.093 2697.468 2794.562 3768.250 3795.906 3807.406 3812.093 3847.468 3858.531 
12.593 81.000 306.750 313.312 320.531 368.343 395.593 480.343 554.968 566.062 578.437 583.437 584.093 634.218 638.781 647.937 652.937 775.468 970.312 1102.437 1136.156 1246.375 1279.406 1452.437 1462.593 1469.125 1558.468 1571.968 1607.843 1629.031 1637.625 1689.250 1769.500 1774.562 1785.250 1868.656 2311.937 2323.531 2335.937 2376.281 2453.531 3397.718 3409.125 3428.656 3463.187 3501.406 
