25.156 67.187 197.750 230.500 311.843 401.156 434.781 514.625 516.625 579.843 588.250 710.250 779.406 783.000 831.281 851.187 871.875 893.468 952.843 1006.343 1020.937 1063.687 1072.093 1230.156 1250.718 1566.375 1615.531 1825.593 1889.250 2029.406 2288.687 2473.375 2612.625 2853.906 3224.156 3226.437 3300.656 3396.187 3463.593 3530.281 3531.218 3798.125 3842.843 
67.125 69.031 314.093 319.718 432.250 548.218 549.000 556.531 587.062 588.750 655.093 673.625 699.062 709.812 777.781 794.218 894.468 1020.625 1090.531 1117.812 1136.781 1156.468 1288.468 1456.625 1490.156 1613.187 1655.750 1685.593 1752.468 1844.125 2129.000 2277.062 2314.906 2335.093 2471.531 2577.843 2686.468 2827.843 2998.250 3095.562 3200.375 3215.312 3216.218 3240.250 3529.656 3531.625 3670.531 3696.031 3780.937 3921.437 3944.218 
26.781 38.343 65.156 175.531 309.812 311.625 404.906 427.687 581.093 657.062 712.187 784.968 883.781 890.062 1133.093 1176.125 1195.281 1449.000 1450.937 1612.875 1665.125 1728.781 1846.375 1891.031 1893.343 2058.000 2283.437 2488.312 2592.687 2999.093 3175.062 3271.156 3412.406 3429.250 3537.968 3920.000 3931.250 
35.468 67.062 189.687 287.750 307.406 311.312 407.750 432.781 588.000 658.906 660.000 680.968 694.125 709.156 718.687 783.531 843.656 861.781 1003.968 1007.187 1022.406 1083.156 1163.187 1225.687 1233.250 1249.562 1300.375 1392.906 1393.781 1443.687 1454.406 1455.437 1541.562 1613.593 1674.125 1694.968 1841.781 1893.562 2253.812 2281.125 2443.843 2576.218 3304.750 3373.968 3378.406 3407.750 3492.968 3604.656 3617.500 3737.531 3836.812 
45.437 57.562 67.593 69.062 193.375 216.687 269.062 301.562 303.718 353.718 415.531 434.906 506.406 569.718 586.562 616.875 630.000 684.250 709.593 769.781 779.718 844.187 845.875 1006.937 1010.906 1074.437 1076.812 1117.312 1121.625 1297.187 1299.375 1446.500 1454.687 1536.281 1612.125 1841.593 2209.781 2255.093 2431.406 2453.156 2471.687 2887.218 3043.750 3205.875 3230.875 3509.250 3549.906 3620.281 3637.437 3690.312 3895.625 3898.343 3929.000 3931.437 
38.937 70.562 139.750 232.656 237.625 411.937 508.125 579.937 588.312 641.812 683.031 710.062 782.687 868.937 968.093 1022.906 1152.093 1165.718 1220.687 1262.062 1297.093 1300.656 1434.062 1455.531 1458.093 1471.156 1614.156 1746.906 1889.781 2067.187 2344.281 2348.718 2355.531 2357.562 2371.875 2600.687 2835.625 2917.843 3277.937 3391.843 3512.093 3535.906 3648.687 3834.468 3852.593 
67.312 263.187 312.062 432.781 434.562 587.906 589.531 663.781 675.093 683.000 712.687 884.031 899.250 964.343 1164.593 1197.250 1245.281 1298.625 1454.781 1458.718 1561.031 1613.906 1663.718 1677.687 1741.187 2274.937 2742.000 2796.343 2948.000 3031.906 3106.656 3175.562 3316.406 3319.937 3342.625 3677.437 3759.687 
9.031 64.593 68.906 252.687 280.312 286.843 313.437 404.687 414.625 436.312 587.187 622.843 653.937 694.750 708.750 769.593 781.281 817.687 999.656 1005.031 1078.250 1114.531 1165.437 1201.656 1281.718 1295.437 1446.843 1671.218 1722.125 1733.125 1740.218 1809.406 1889.406 2035.406 2207.093 2344.250 2356.687 2358.187 2523.468 2896.625 2971.906 2984.125 3017.406 3220.500 3227.031 3242.125 3258.156 3351.500 3460.062 3567.937 3597.781 3698.718 3709.031 3743.250 3986.187 3986.718 
44.718 62.250 66.750 286.468 414.281 434.218 541.687 708.812 721.687 781.656 787.906 830.781 845.781 862.656 883.000 884.312 1094.750 1269.375 1282.375 1297.500 1300.468 1422.812 1453.687 1546.281 1618.343 1668.843 1780.125 1822.781 1836.531 1839.906 1889.468 2307.187 2350.656 2460.500 2481.406 2561.156 2589.187 2615.093 3080.531 3125.406 3219.718 3331.156 3541.687 3558.718 3584.250 3809.625 
20.031 61.437 71.000 187.750 285.343 287.218 312.937 433.593 586.500 588.031 709.562 784.468 844.875 880.656 981.375 1019.937 1130.812 1177.437 1243.656 1246.562 1277.562 1430.625 1460.312 1615.000 1719.437 1725.625 1735.937 1827.531 1887.687 2080.593 2180.968 2485.656 2533.062 3087.812 3126.406 3313.843 3493.968 3509.000 3574.437 3670.562 3680.312 3803.781 3805.718 3862.937 
