22.718 23.406 27.968 85.937 119.062 130.687 142.218 143.718 155.468 169.906 173.406 176.750 242.687 291.843 297.906 301.625 335.531 365.875 378.406 392.125 422.281 434.156 482.156 496.906 532.562 570.093 623.031 651.093 734.437 795.312 863.843 892.125 896.093 982.593 1042.937 1057.593 1177.937 1218.625 1248.718 1277.625 1375.281 1484.875 1596.000 1603.218 1681.437 1843.281 
19.562 25.500 89.562 109.062 118.656 142.406 170.125 177.218 308.250 389.906 461.156 464.125 479.781 496.625 572.250 622.218 679.718 697.437 789.312 864.218 869.000 905.031 955.468 1113.562 1126.875 1310.468 1332.562 1601.937 1660.437 1717.500 1797.062 1872.625 1879.218 1980.687 1983.750 2276.562 2847.375 
17.500 22.250 29.593 56.625 172.343 241.843 298.375 332.906 381.531 389.718 415.093 422.250 477.750 483.625 515.875 561.468 572.687 664.125 810.343 864.875 893.843 1028.375 1032.000 1060.031 1073.781 1136.031 1226.250 1429.125 1557.000 1579.218 1602.531 1619.156 1680.593 1882.718 1923.562 1955.468 
19.375 23.312 24.531 28.468 70.312 85.343 161.312 211.937 244.343 351.031 365.687 394.281 435.625 468.843 529.593 710.437 729.406 734.156 807.218 902.906 944.437 1333.750 1452.937 1593.437 1879.656 1890.406 2133.437 3760.312 
24.406 55.906 85.718 275.281 321.562 336.000 342.750 352.781 353.718 422.812 532.250 561.531 636.468 639.968 856.656 895.937 899.343 927.656 958.093 1275.906 1308.781 1363.562 1411.718 1428.937 1448.187 1632.468 1635.937 1871.312 1881.218 1924.718 1970.281 3428.750 3564.906 
17.031 22.968 88.500 156.968 300.625 308.687 319.000 327.375 352.750 395.062 542.750 664.687 902.750 1340.906 1476.531 1717.187 1883.843 1981.875 3243.906 
17.562 18.000 19.343 44.968 108.937 176.125 193.906 217.000 247.000 333.843 388.281 482.937 610.062 620.906 812.281 996.750 1077.250 1119.062 1158.937 1221.406 1306.218 1364.843 1430.187 1448.187 1514.593 1759.500 1879.093 1884.656 1929.750 1937.250 1947.468 2024.593 3180.343 3185.781 
17.531 23.718 53.250 265.593 301.718 392.750 395.281 399.500 485.281 541.062 664.531 680.656 789.250 794.937 874.218 964.406 1025.562 1058.656 1229.156 1287.187 1517.187 1555.750 1871.531 1876.937 1947.437 1958.468 1969.781 2578.750 3400.312 
18.500 20.218 28.000 86.843 94.937 99.843 100.593 175.718 195.593 294.375 331.062 339.000 354.562 412.656 484.843 570.406 611.562 848.218 863.750 953.593 993.343 1161.406 1198.625 1247.312 1283.312 1297.375 1550.906 1618.250 1623.375 1870.468 1978.625 2490.437 2491.937 2549.250 3511.187 3644.906 
24.187 100.281 177.937 264.468 296.593 585.906 866.125 1022.812 1073.750 1221.718 1250.000 1337.218 1359.968 1367.093 1874.093 1959.625 2925.031 2928.125 3744.656 3803.000 
