24.218 37.687 117.437 153.125 172.718 241.843 257.656 281.156 344.468 363.750 499.562 566.031 594.031 641.593 651.187 703.125 844.250 880.000 887.218 915.312 921.562 989.593 1298.500 1338.656 1396.593 1497.312 1587.687 1665.656 1742.343 1876.250 1907.875 1914.218 1931.312 2034.625 3582.468 
18.718 26.500 32.312 39.718 42.156 65.156 94.250 128.656 141.750 210.625 226.750 228.750 237.125 254.531 359.500 369.125 459.125 466.343 584.812 623.937 642.718 686.218 693.031 703.281 745.937 933.937 955.062 986.406 1013.250 1039.531 1044.562 1129.031 1171.156 1239.500 1243.812 1301.468 1396.031 1403.093 1409.593 1448.843 1584.875 1599.843 1652.125 1742.000 1825.781 1832.062 1873.125 1909.531 1947.000 1954.187 2293.437 2323.000 2323.468 3884.625 3885.593 
18.531 18.718 19.875 20.968 25.687 38.250 44.343 77.718 99.281 112.062 146.000 227.375 252.281 400.031 445.218 593.281 833.718 847.656 912.468 1003.656 1053.843 1060.875 1063.500 1160.906 1176.437 1178.000 1238.750 1258.218 1259.375 1387.250 1390.000 1393.625 1446.031 1518.312 1556.687 1563.031 1845.156 1885.062 1917.156 1950.500 3952.312 
19.281 38.593 109.718 142.781 193.968 229.906 257.437 346.875 413.125 493.531 585.625 674.562 921.968 1116.937 1135.500 1226.968 1587.750 1593.406 1702.000 1885.093 1906.906 1911.281 1977.812 1981.781 2268.781 3200.031 
19.468 25.187 65.312 100.156 176.562 190.531 191.843 233.687 503.531 554.625 643.375 687.375 703.062 712.531 1041.031 1299.562 1408.218 1444.156 1498.937 1779.468 1873.250 1889.437 1910.062 1945.843 2317.031 
19.437 21.156 25.218 44.937 101.468 179.312 218.468 344.000 361.125 368.437 405.093 472.062 636.343 695.656 814.000 915.531 952.500 1089.593 1097.281 1301.781 1386.718 1440.968 1527.562 1652.156 1869.656 2243.781 3661.187 
19.781 24.312 25.812 45.156 163.843 191.375 290.250 480.625 553.000 603.093 618.343 637.312 812.156 813.031 912.625 1003.656 1012.156 1240.125 1337.812 1395.656 1428.781 1444.593 1912.781 2453.125 2525.500 
21.968 98.500 126.812 128.218 151.937 165.062 190.625 359.406 361.625 399.343 487.281 623.250 653.750 711.156 769.437 798.500 839.468 857.343 868.437 998.468 1117.031 1361.875 1395.375 1557.968 1642.218 1743.343 1746.437 1882.031 1909.625 2582.906 3982.343 
18.187 24.968 26.437 40.187 102.093 233.656 340.906 398.500 486.125 630.406 924.750 927.781 962.500 966.312 1107.718 1121.687 1528.250 1587.875 1640.937 1716.562 1739.406 1770.375 1792.250 1934.968 2166.125 2563.125 
18.562 19.875 20.937 25.031 100.031 135.125 181.437 199.343 346.062 380.187 394.187 503.218 605.062 681.125 685.562 686.437 909.156 913.656 1009.968 1061.531 1370.281 1447.312 1448.562 1523.156 1529.750 1713.656 1874.500 1933.281 3343.656 3344.531 3351.937 
