11.750 12.000 14.031 16.718 23.937 44.500 49.343 176.218 287.531 288.937 699.781 805.375 861.437 978.500 1218.625 1309.687 1385.125 1391.000 1449.718 1554.562 1622.593 1721.593 1724.031 1883.218 1977.156 
13.718 18.187 26.531 60.718 92.375 115.468 152.687 176.343 219.218 285.218 547.843 659.656 714.937 717.562 805.843 1037.875 1282.500 1316.906 1390.656 1424.812 1575.468 1666.343 1687.343 1721.375 1731.937 
19.218 26.375 46.156 52.093 154.625 288.031 316.562 397.125 403.968 585.000 597.937 598.906 638.718 833.656 979.125 1189.843 1203.750 1206.687 1261.625 1390.937 1453.125 1728.843 1734.812 1816.375 
12.843 14.218 15.781 114.562 153.781 280.000 288.062 306.781 461.562 520.218 618.000 806.531 807.937 941.343 977.125 978.156 983.406 987.406 1042.656 1048.812 1207.875 1239.656 1318.718 1517.187 1558.281 1664.281 1703.750 1730.968 
15.062 27.718 71.500 92.937 123.562 176.343 287.781 289.406 291.843 317.281 410.468 455.875 834.031 875.187 988.156 1036.718 1070.562 1188.656 1190.312 1194.843 1205.031 1493.968 1495.343 1619.937 1621.656 1668.218 1719.093 1731.656 1751.718 
-163.094 12.781 42.906 45.000 49.218 114.375 135.187 153.593 180.500 439.406 519.781 521.031 540.093 578.156 663.875 749.437 806.031 978.562 1097.125 1190.218 1204.781 1315.656 1574.625 1575.468 1666.250 1732.843 
23.781 48.500 94.093 95.531 116.531 285.687 286.093 287.406 287.968 446.968 455.750 457.656 520.718 522.468 540.000 639.093 716.562 733.968 750.093 805.968 925.500 977.750 981.250 1037.031 1084.562 1168.125 1321.812 1388.187 1664.656 1720.531 1729.687 1831.937 1886.000 
15.562 26.000 30.093 47.812 116.437 269.000 290.843 411.593 636.593 832.781 835.062 985.468 987.875 1021.968 1073.812 1494.125 1563.250 1667.031 1740.843 1904.531 1979.343 
18.437 20.093 24.156 45.437 47.875 179.531 217.250 243.218 289.500 397.281 437.750 640.125 716.375 835.218 1034.656 1043.781 1050.406 1203.468 1219.218 1318.625 1325.468 1391.375 1423.781 1620.968 1668.187 
57.687 116.968 177.812 178.875 179.187 216.687 289.843 411.031 440.437 458.593 520.687 584.593 615.281 617.187 637.031 669.125 748.875 808.031 835.781 1036.437 1075.687 1216.375 1389.875 1493.250 1663.375 1665.593 1669.656 1707.156 1708.843 1721.406 1981.937 
