11.343 16.375 19.468 20.968 24.531 32.812 80.343 95.906 128.156 183.375 215.093 344.062 446.656 475.656 526.093 722.906 730.812 877.875 891.250 1004.500 1005.593 1092.718 1140.812 1157.125 1196.875 1199.750 1231.593 1329.500 1487.187 1531.625 1557.625 1629.531 1696.093 1746.500 1784.531 1921.375 1974.750 1994.843 
17.281 29.437 69.156 151.218 157.312 184.031 204.656 214.750 217.093 236.562 293.343 360.250 363.062 443.656 474.906 540.437 581.343 720.968 747.531 831.812 977.437 1005.968 1014.812 1093.281 1196.156 1230.937 1234.906 1274.250 1278.781 1434.125 1460.187 1558.656 1560.843 1743.968 1979.687 
45.000 79.781 157.937 182.031 215.125 238.406 253.437 254.375 475.000 526.500 585.625 649.093 678.781 720.718 761.906 804.687 807.531 845.875 871.593 1075.250 1097.312 1158.125 1331.468 1354.781 1360.562 1435.593 1464.656 1465.750 1490.062 1565.875 1646.687 1662.437 1744.343 1828.375 1916.468 1975.468 
12.718 13.906 16.312 20.656 32.312 154.593 154.843 215.500 218.500 253.312 309.843 361.375 399.062 590.531 666.031 667.656 672.406 720.843 1006.437 1014.687 1110.125 1139.312 1140.812 1279.500 1434.156 1437.687 1439.468 1630.218 1632.343 1732.781 1745.156 1780.375 
12.468 14.093 18.500 20.312 48.843 67.468 80.468 113.125 148.781 157.875 204.656 210.906 214.125 523.281 542.187 588.531 719.625 805.718 914.750 1005.750 1136.562 1231.375 1237.562 1329.656 1434.156 1466.062 1468.781 1492.687 1566.437 1659.156 1744.093 1826.343 1828.250 1923.843 
13.406 17.062 21.968 42.156 103.718 214.906 216.062 217.718 218.625 296.468 307.656 311.250 315.843 469.562 570.687 629.187 646.406 670.843 789.062 870.968 878.656 910.437 1005.875 1142.500 1221.562 1246.937 1411.437 1437.375 1463.906 1496.406 1510.968 1562.437 1630.125 1745.000 1787.250 1941.562 
-1744.469 11.093 17.781 45.812 66.156 67.062 152.375 156.562 177.906 223.031 362.687 415.218 502.406 526.406 543.093 570.031 614.187 629.937 720.843 721.187 913.062 914.937 1093.687 1143.281 1222.093 1235.843 1465.906 1495.687 1557.593 1560.062 1633.750 1877.375 1975.531 3929.718 
16.218 216.312 218.468 237.968 259.875 308.718 398.593 445.062 528.750 582.968 674.093 723.875 805.781 827.500 845.718 846.343 868.906 872.312 983.125 1006.062 1140.656 1196.812 1207.906 1235.531 1237.718 1328.781 1437.562 1467.968 1469.000 1494.062 1509.312 1721.687 1871.562 1957.875 1961.687 
14.656 16.187 20.687 22.500 46.437 64.843 97.156 112.781 153.781 215.312 239.406 250.906 361.593 375.937 544.187 668.968 788.875 830.125 922.781 986.187 1122.750 1198.687 1218.187 1230.500 1248.156 1359.437 1408.781 1494.406 1494.625 1529.593 1776.843 1781.000 1912.218 1975.593 
12.875 22.656 26.343 152.968 154.562 187.343 240.000 281.531 316.093 362.062 377.500 433.750 471.000 473.281 475.375 508.875 543.281 611.312 646.062 648.437 721.218 789.218 805.656 831.625 869.625 915.500 1014.562 1120.312 1140.687 1248.343 1359.781 1536.906 1630.750 1653.218 1663.593 1781.000 1782.656 1875.250 1920.281 1939.531 
