15.187 154.781 161.031 183.687 193.812 396.062 930.500 1258.812 1452.718 2034.406 2352.312 2622.500 2833.656 2947.875 2961.625 3036.187 3038.062 3043.187 
95.625 99.781 286.218 608.812 667.468 2350.812 2843.625 3017.031 3286.312 3334.437 
19.937 35.093 46.375 104.781 155.281 184.468 215.468 421.718 499.375 514.218 520.718 1552.093 1587.000 2290.843 3178.281 3615.281 3620.750 3957.343 
38.093 96.937 182.468 293.000 648.906 916.812 1262.281 2038.875 2113.812 3099.750 3153.656 3253.250 3382.531 3394.250 3478.593 
114.031 418.406 430.218 514.750 553.281 564.000 1205.187 3286.562 
33.750 102.531 242.062 645.187 1080.656 1335.843 1427.343 2388.125 2489.093 3033.093 
102.437 158.031 257.218 895.750 1183.937 2559.093 3170.531 
40.656 262.531 391.687 570.312 623.187 807.687 860.781 1264.187 1636.687 2013.468 3208.093 3458.625 3982.875 3996.437 
33.562 129.437 383.593 395.656 922.000 1557.781 1688.500 2957.406 3074.031 3142.812 3157.937 3243.875 3318.281 
18.593 19.531 103.906 135.812 695.312 1090.281 3165.031 3172.968 3275.125 3383.593 3682.281 
