226.343 372.156 1095.406 1147.781 1188.156 1194.218 1477.156 1800.250 
26.062 30.718 46.125 141.656 231.468 412.593 693.562 890.312 975.937 1116.281 1644.875 1893.437 
84.687 173.750 609.843 820.718 914.781 1191.968 1413.468 1686.468 1751.312 1785.281 1890.562 
111.937 348.187 357.125 438.875 634.406 687.312 1087.750 1096.187 1411.906 1888.218 
18.875 41.968 81.125 91.187 267.531 413.406 887.875 1564.406 1783.562 
-1011.125 50.093 114.687 356.937 411.562 1194.281 1247.656 1386.906 1435.218 
29.843 52.500 141.500 975.937 1175.937 1506.281 1571.375 1766.718 
46.937 235.312 356.718 447.156 552.468 1011.187 1245.093 1475.875 1636.812 1721.218 1916.687 
82.625 141.437 272.843 411.625 500.406 554.875 1025.687 1119.281 1189.937 1416.718 1474.625 1564.593 1833.218 1948.968 
106.937 113.468 207.718 407.531 409.625 1114.000 1190.437 1280.031 1435.125 1687.875 1774.375 1888.343 1918.031 
