22.062 83.093 87.718 155.718 168.187 204.750 224.031 225.250 259.500 302.375 324.156 352.968 568.187 615.062 737.718 750.281 859.156 1052.343 1144.562 1158.250 1314.031 1316.812 1322.156 1324.906 1624.781 1635.687 2093.468 2106.375 2124.187 2126.656 2142.125 2222.406 2228.812 2278.250 2285.281 2350.375 2418.687 2490.250 2527.187 2558.375 2594.968 2674.531 2685.625 2740.781 2788.812 2828.062 2866.000 2894.093 2999.687 3024.781 3093.625 3107.718 3172.687 3209.718 3310.625 3391.156 3447.125 3538.875 3704.812 3839.250 3943.281 
21.625 82.187 84.562 162.656 180.156 208.437 313.000 325.281 326.187 341.500 430.281 437.125 478.750 870.031 1029.093 1052.375 1151.593 1169.031 1173.468 1188.812 1287.187 1314.843 1318.250 1442.906 1486.593 1600.781 1604.437 1635.093 1646.406 1718.375 1738.218 1962.750 1991.093 2107.937 2114.687 2191.250 2257.000 2325.218 2352.187 2499.656 2546.312 2569.500 2596.906 2624.687 2660.625 2695.625 2718.375 2767.156 2810.343 2892.250 2986.906 3016.062 3047.500 3126.937 3159.843 3238.531 3268.718 3368.531 3405.187 3487.000 3507.750 3657.687 3704.687 3722.437 3895.000 3915.843 
26.593 81.500 87.343 161.625 164.156 168.250 172.156 209.437 225.312 297.718 308.000 322.718 324.750 326.156 344.218 433.437 439.968 484.718 738.562 751.843 870.218 1021.656 1147.812 1152.000 1174.312 1234.656 1850.562 1964.375 2096.406 2109.843 2179.781 2214.125 2267.812 2291.687 2336.937 2462.125 2500.593 2520.531 2637.343 2659.250 2672.218 2725.812 2746.437 2788.656 2832.906 2847.312 2873.625 2926.031 2974.375 3001.656 3056.718 3149.843 3171.531 3261.281 3325.406 3345.562 3456.656 3480.406 3494.281 3508.312 3622.468 3686.843 3816.187 3846.875 3949.312 
20.937 209.656 298.343 326.187 326.437 433.656 486.031 871.406 1020.468 1145.343 1152.937 1170.562 1191.031 1314.343 1317.687 1637.343 1641.593 1963.218 1975.156 1996.187 2114.468 2199.125 2212.218 2225.531 2238.156 2252.656 2284.531 2337.906 2379.781 2436.156 2451.656 2465.093 2486.968 2504.937 2583.812 2616.187 2643.593 2658.468 2681.187 2782.500 2832.687 2843.843 2996.718 3053.187 3088.156 3228.406 3307.968 3349.687 3561.718 3594.375 3631.656 3673.781 3732.531 3775.156 3827.125 3845.906 
32.281 84.062 210.250 324.781 438.062 743.968 866.875 1155.781 1188.250 1314.687 1327.250 1492.781 1645.000 1848.812 1993.218 2108.812 2118.312 2136.406 2192.750 2203.875 2246.062 2289.156 2380.875 2416.125 2531.187 2606.000 2644.531 2680.187 2739.843 2751.562 2820.937 2881.875 2896.625 2921.875 2971.281 2998.093 3019.875 3043.875 3101.468 3136.968 3203.437 3332.687 3384.812 3493.000 3556.343 3854.062 
160.656 210.218 301.906 326.437 872.468 1174.562 1314.125 1318.125 1510.125 1639.437 1849.875 1965.062 1989.187 2155.906 2190.343 2199.812 2235.000 2256.031 2279.343 2356.250 2364.375 2399.093 2417.156 2449.343 2502.875 2549.531 2565.875 2639.156 2664.281 2683.156 2695.343 2780.750 2793.343 2865.656 2884.406 2958.187 2976.250 3001.281 3156.687 3222.937 3370.562 3394.687 3405.812 3481.562 3552.687 3570.906 3612.218 3676.656 3742.312 3831.406 3977.625 
7.750 162.093 300.968 309.093 448.218 487.406 783.218 1005.750 1018.031 1187.406 1332.156 1349.531 1599.125 1603.781 1648.562 1715.625 1980.812 2137.875 2165.812 2213.031 2249.968 2278.031 2321.750 2334.156 2354.843 2386.500 2433.500 2457.781 2483.750 2514.000 2660.968 2748.031 2804.406 2829.500 3075.250 3105.062 3142.687 3182.125 3236.375 3292.562 3412.968 3443.843 3481.781 3500.812 3566.593 3655.843 3710.875 3950.562 
164.750 173.343 208.781 299.187 302.562 318.718 326.156 787.625 879.562 1155.656 1172.343 1192.656 1646.375 1850.125 2115.750 2143.281 2198.500 2274.312 2326.406 2362.187 2398.031 2417.687 2443.500 2481.406 2522.000 2538.031 2673.656 2708.812 2738.218 2797.875 2964.718 3026.031 3055.218 3128.968 3200.000 3213.906 3334.906 3407.156 3430.156 3441.718 3495.125 3569.531 3756.406 3837.250 3863.375 3967.593 
159.343 181.218 316.656 320.093 324.750 325.031 325.312 484.718 744.218 872.843 1158.687 1175.062 1317.062 1605.812 1852.593 1993.625 2131.562 2180.281 2197.125 2209.750 2277.218 2312.218 2416.531 2445.437 2609.937 2651.687 2694.281 2783.531 2828.500 2853.218 2898.531 3036.937 3096.218 3116.437 3129.625 3206.531 3223.093 3284.750 3413.406 3522.031 3572.187 3865.343 
163.000 169.500 182.593 212.187 257.562 259.843 302.750 325.312 742.281 784.843 1187.781 1320.437 1512.062 2122.312 2158.406 2231.781 2312.937 2371.406 2422.968 2515.812 2530.031 2551.281 2572.343 2601.187 2695.437 2724.062 2750.156 2758.406 2815.343 2834.843 2974.656 2980.750 3040.781 3138.062 3163.531 3203.593 3327.406 3350.093 3478.031 3630.125 3674.625 3747.375 3933.500 
