49.343 84.687 89.125 111.843 126.343 201.656 202.656 220.562 238.843 307.406 311.843 321.718 329.968 589.250 593.875 598.656 603.843 613.718 639.750 641.281 649.156 806.375 809.156 814.187 881.187 893.031 916.343 925.375 1028.281 1089.000 1092.843 1096.531 1106.593 1109.656 1123.187 1159.375 1254.437 1259.375 1296.500 1432.625 1434.812 1438.437 1449.312 1460.437 1463.062 1466.937 1470.031 1499.093 1755.968 1813.187 1816.343 1821.531 1839.250 1981.968 2028.343 
92.812 212.968 317.593 319.562 636.625 643.843 647.281 650.000 651.000 810.000 889.750 933.687 937.968 954.531 955.937 1098.750 1101.906 1113.500 1165.093 1255.437 1263.250 1272.812 1435.843 1438.031 1441.843 1453.031 1814.906 1817.500 1820.281 1822.062 1832.718 1834.406 1835.343 1866.093 1992.875 2260.406 
83.937 88.406 112.625 204.281 205.281 208.531 209.937 227.281 313.562 315.000 330.468 336.593 433.125 619.906 639.250 642.562 645.625 646.468 654.093 808.343 814.062 884.406 892.625 917.531 931.281 943.187 947.656 1054.125 1077.218 1084.250 1096.093 1099.093 1109.312 1110.656 1161.937 1254.218 1256.593 1265.187 1272.500 1433.968 1437.250 1441.250 1458.531 1471.875 1512.812 1593.312 1603.718 1818.531 1820.968 1825.593 1846.375 1859.343 1884.312 1978.437 1983.875 2785.718 
88.906 108.375 135.000 201.687 211.375 217.937 318.125 322.437 328.437 598.625 610.218 809.062 883.093 888.093 930.531 956.000 1033.437 1100.406 1106.468 1107.343 1111.312 1254.281 1262.718 1266.125 1271.562 1428.937 1430.843 1434.593 1440.843 1444.593 1450.968 1455.812 1512.093 1604.031 1608.968 1815.343 1818.750 1821.250 1829.781 1835.156 1842.500 1859.468 1984.031 2023.593 3986.656 
86.031 201.468 206.531 209.718 219.593 312.093 324.781 335.937 337.468 358.500 439.000 626.437 627.812 635.812 639.843 648.375 655.500 807.031 808.281 912.531 932.281 936.531 1027.843 1041.375 1099.281 1101.656 1103.250 1109.562 1160.812 1185.468 1261.687 1432.906 1436.812 1438.218 1449.781 1505.375 1511.750 1612.343 1817.750 1820.687 1824.281 1840.593 2038.906 2045.343 
92.906 208.562 213.906 215.156 319.281 320.125 633.812 638.343 656.406 807.531 890.781 953.156 959.156 1036.218 1103.437 1112.562 1113.187 1258.875 1434.156 1436.250 1438.437 1453.656 1818.156 1820.750 1831.750 1837.500 1992.531 
98.093 111.000 215.312 224.437 316.500 318.812 326.625 344.906 355.406 637.062 639.656 646.500 659.468 706.750 808.312 811.593 821.781 885.343 893.718 961.312 1038.125 1101.093 1105.031 1116.562 1169.437 1264.375 1271.281 1434.750 1437.281 1441.156 1804.312 1811.593 1813.500 1815.281 1820.156 1993.656 2044.031 
90.812 99.593 111.406 317.437 334.875 336.812 343.843 594.906 631.812 642.968 654.468 670.187 675.625 811.343 1069.437 1092.812 1099.906 1110.312 1115.562 1255.218 1258.468 1265.562 1436.031 1439.718 1444.968 1460.343 1816.500 1824.281 1825.750 1833.562 1842.375 1991.000 
119.593 205.843 218.875 315.968 320.875 325.750 336.468 413.000 635.937 636.750 651.843 659.000 673.937 681.968 891.312 1045.406 1098.062 1102.250 1116.281 1260.968 1266.250 1269.843 1271.156 1348.250 1436.125 1439.000 1451.656 1452.750 1818.218 1833.218 1837.281 1989.625 2034.187 3093.718 
119.906 123.437 166.531 208.718 211.968 223.062 227.031 230.593 312.125 312.625 321.562 336.968 346.750 633.656 637.500 641.281 654.437 656.625 671.437 806.906 814.500 886.250 889.625 954.343 1038.656 1097.000 1099.625 1104.781 1110.468 1112.031 1114.468 1116.687 1258.437 1263.437 1320.187 1326.843 1436.781 1440.281 1471.031 1815.468 1819.500 1821.312 1829.875 1834.125 1836.562 1838.250 1851.437 1989.781 2019.656 2037.625 2046.406 
