33.000 55.875 180.312 194.750 199.968 200.812 203.625 211.406 424.656 430.750 443.093 445.250 545.937 563.781 568.343 694.531 749.187 1411.468 1411.968 1459.468 1465.531 1469.500 1476.250 1478.875 1480.500 1500.875 1741.781 1763.312 1771.718 1929.750 1941.875 
38.687 72.281 102.437 179.000 183.343 209.687 420.687 451.218 451.593 461.125 552.187 572.156 586.468 757.343 1058.343 1356.281 1462.500 1471.812 1479.625 1480.250 1481.406 1485.906 1500.562 1749.093 1754.156 1760.375 1766.062 1821.687 1941.562 2416.125 
69.281 97.218 422.812 425.656 428.906 430.906 437.062 442.500 449.625 564.687 568.906 764.843 1099.343 1134.375 1353.531 1463.125 1472.906 1485.781 1491.812 1756.562 1838.656 1928.906 1935.218 
44.500 69.250 112.062 115.593 186.406 191.187 200.750 201.562 211.593 420.531 454.343 466.562 571.062 754.750 1067.250 1080.125 1460.531 1465.093 1478.437 1487.281 1491.750 1500.343 1508.875 1762.968 1765.906 1941.968 1957.875 2557.875 
34.906 45.125 97.843 180.687 187.937 209.718 210.875 216.875 426.343 437.218 449.343 456.562 543.125 553.750 561.437 758.375 1090.625 1460.343 1467.250 1477.625 1482.781 1771.500 1929.406 1957.781 1971.156 
91.750 109.406 181.718 205.937 218.968 465.156 562.281 563.406 564.343 566.093 581.531 757.781 1465.687 1470.781 1473.906 1478.125 1932.093 1982.562 1985.500 1986.968 2612.531 2613.093 
39.093 65.406 104.031 180.687 184.625 188.062 203.031 207.875 420.437 440.468 453.500 531.968 754.156 757.062 1057.625 1106.343 1356.156 1461.406 1470.593 1471.250 1474.625 1480.250 1498.718 1504.062 1742.156 1753.375 2551.937 
35.468 88.968 178.250 180.906 185.781 195.250 197.968 425.000 441.906 560.062 576.000 753.906 795.031 1056.750 1091.500 1460.843 1465.562 1467.906 1471.937 1475.781 1483.656 1754.000 1762.718 1934.593 1942.281 2108.968 
85.125 86.562 106.875 121.781 180.312 189.312 193.312 212.906 425.093 434.781 438.968 451.843 519.843 563.125 572.468 573.437 1081.562 1465.531 1470.593 1474.812 1477.062 1479.781 1497.031 1500.562 1538.906 1823.281 3181.812 
41.218 63.718 100.937 184.781 187.031 188.812 193.468 195.250 202.218 427.218 439.468 451.375 559.531 563.468 586.343 641.468 757.593 763.156 1063.031 1356.937 1468.656 1477.093 1493.531 1499.968 1738.781 1744.187 1753.562 1758.343 1772.125 1818.093 1825.093 1935.500 
