47.343 57.031 100.062 299.718 322.812 341.062 354.468 358.593 361.468 367.968 523.437 805.062 832.968 839.718 853.906 863.625 867.343 954.406 1134.968 1397.468 1472.062 1484.031 1492.375 1520.218 1529.562 1637.281 1645.656 1666.281 1757.812 1758.625 1772.343 1772.781 1869.218 3100.375 
32.343 33.093 334.750 342.062 356.312 364.656 836.468 839.281 840.218 847.656 852.156 857.937 860.625 869.062 956.843 957.562 975.687 1134.437 1135.562 1202.906 1491.031 1494.343 1495.562 1510.406 1638.000 1640.968 1644.750 1646.437 1737.375 1744.750 1748.906 1760.156 1762.937 1764.562 2317.906 2320.812 3107.968 3109.406 3236.875 3248.750 
33.375 37.437 263.093 337.406 342.656 363.625 368.718 813.656 833.250 838.812 843.156 853.406 858.187 868.062 957.718 959.406 1475.281 1480.281 1489.937 1497.406 1498.937 1500.812 1503.218 1741.156 1770.000 1775.062 2529.625 
44.562 329.062 346.875 357.781 362.968 442.468 526.843 805.218 839.375 844.312 851.437 853.625 855.968 863.031 867.968 881.187 958.562 961.343 971.281 993.375 1475.281 1480.625 1488.187 1494.718 1497.843 1507.343 1639.218 1646.406 1736.781 1770.312 1775.218 1829.156 1877.000 3602.406 
55.968 99.062 255.406 260.218 304.156 321.812 333.125 346.531 355.062 358.343 364.562 522.875 833.968 840.406 848.406 852.437 856.250 862.062 873.687 956.937 1134.593 1198.062 1403.000 1406.218 1472.312 1493.031 1493.375 1497.687 1499.375 1526.406 1644.875 1736.562 1743.750 1756.843 1760.593 3938.187 3942.812 
31.843 34.593 37.718 253.000 342.750 371.406 432.937 838.531 849.625 852.500 853.718 856.875 959.343 967.812 1267.906 1276.468 1480.531 1490.000 1501.281 1642.718 3670.875 
362.937 366.937 535.343 811.218 835.125 847.218 851.843 856.187 873.031 958.687 972.187 1478.906 1491.375 1501.656 1664.531 1741.156 2651.906 3471.750 
27.375 33.000 64.375 321.625 326.718 345.468 361.125 386.812 803.906 811.781 845.281 854.718 857.718 864.250 866.906 872.656 883.375 954.781 1474.843 1495.250 1495.937 1498.906 1504.531 1511.156 1520.031 1588.218 1592.281 1640.812 1739.343 1763.656 1773.937 3443.968 
32.312 92.843 115.843 322.593 364.968 832.500 837.937 840.687 844.281 853.750 859.375 955.812 1486.843 1495.312 1612.125 1638.875 1646.625 1648.656 1768.062 1779.625 
37.093 66.312 107.875 121.968 326.437 350.187 361.031 364.437 534.000 828.031 829.406 843.968 850.000 853.812 858.468 865.812 872.062 966.187 1473.687 1476.656 1484.968 1485.781 1507.062 1639.375 1642.843 1739.781 1746.500 1766.750 
