19.562 20.000 55.250 59.687 84.468 100.437 120.937 168.312 250.781 253.468 395.343 544.281 546.562 586.281 588.750 675.125 713.781 733.062 796.562 885.812 889.750 990.187 1025.937 1350.500 1355.875 1358.437 1522.968 1581.312 1586.531 1768.906 1771.281 1796.062 1798.312 1801.062 1854.031 1898.531 1980.125 3328.062 
19.250 93.625 125.312 211.125 215.500 247.062 251.312 274.718 315.562 318.218 321.062 546.000 576.468 624.187 715.781 718.593 734.375 741.781 796.906 990.625 1085.468 1101.062 1104.531 1169.656 1171.531 1174.531 1295.750 1353.593 1356.562 1454.937 1525.000 1582.812 1768.625 1853.093 1976.437 3123.937 3126.593 
55.937 210.875 316.593 341.625 444.000 498.656 588.968 689.437 692.343 736.187 801.000 848.031 1100.093 1175.968 1295.593 1332.718 1581.500 1584.593 1771.531 1796.000 1850.437 1854.531 1897.437 
19.250 23.125 104.375 112.218 210.468 251.968 272.281 313.812 318.500 450.406 586.781 625.531 738.281 817.125 935.468 1173.312 1176.218 1339.437 1353.781 1458.406 1523.343 1581.656 1862.812 1900.000 1947.031 1973.875 2155.437 3151.750 3309.531 
59.812 62.531 67.218 75.187 122.718 210.500 245.062 315.625 395.843 401.093 420.906 591.843 735.343 990.281 992.187 1103.906 1177.937 1294.875 1354.000 1525.125 1532.500 1582.218 1770.562 1800.625 1863.125 1900.656 
18.593 21.593 57.093 60.718 141.312 247.687 283.812 320.375 401.031 543.656 591.031 627.625 717.281 816.937 819.031 939.218 1102.593 1173.875 1176.000 1296.281 1353.468 1354.468 1453.093 1582.187 1770.062 
21.343 59.656 60.187 65.406 124.156 249.125 254.062 270.593 274.437 315.125 320.125 394.937 445.250 547.000 586.718 589.468 629.437 690.781 719.187 816.593 1103.187 1173.312 1342.781 1355.968 1457.406 1615.937 1775.343 1796.281 1854.468 3504.187 
19.406 21.187 22.843 25.531 58.250 125.312 245.906 248.187 271.562 402.875 546.187 689.906 714.375 733.875 737.062 795.500 847.093 1138.312 1140.875 1176.937 1351.593 1353.750 1455.687 1774.968 1796.843 1851.437 1854.156 1865.656 1899.187 
20.562 25.000 63.750 67.531 122.281 248.812 316.125 445.687 574.843 624.781 644.843 734.531 795.750 795.968 1358.531 1522.593 1553.500 1866.218 3360.687 
20.093 26.375 225.656 247.656 252.093 275.093 548.093 573.781 589.000 643.781 676.250 718.281 734.656 736.625 1075.968 1104.156 1177.125 1331.968 1461.625 1524.312 1553.375 1585.625 1772.250 1857.625 1949.062 3762.281 3891.125 
