119.187 120.156 121.437 127.468 1407.375 1413.656 1424.031 1438.000 1472.062 1500.500 3325.906 3328.093 3340.812 
142.468 1957.250 3468.125 3471.375 3474.718 3479.937 3481.906 
1830.281 1845.281 1849.593 1855.812 
2223.531 2227.718 2235.468 2236.312 2536.687 3586.062 
959.343 975.531 3782.125 3784.437 3787.375 3790.000 3797.468 
96.062 924.281 938.500 958.156 990.718 1056.937 1091.656 1093.093 3052.437 3054.718 3061.062 3067.750 3104.281 3610.187 3611.125 
127.031 127.906 767.343 821.625 2144.281 2146.062 2147.500 2148.937 3309.593 3310.406 3312.281 
1013.781 1742.250 3571.750 
762.125 771.500 2274.531 2276.875 2288.500 3418.750 3421.875 3426.343 
92.750 117.687 123.906 135.593 1610.812 3299.843 3304.593 3305.531 3306.562 3975.968 3987.093 
