2471.625 3990.750 3993.687 3995.656 3997.343 
2305.937 2308.593 2311.343 2326.656 2360.375 3712.093 3784.781 
19.500 315.218 2141.593 2144.125 2145.718 2166.781 
64.906 80.968 126.062 1212.031 1232.218 2026.031 2901.562 3448.187 
77.906 81.468 888.875 890.593 1679.250 1681.687 1684.625 1703.437 1704.468 3004.875 3765.218 3798.843 
78.656 124.656 629.406 2189.562 
105.531 879.875 891.468 908.625 923.125 2213.437 
78.843 116.687 1334.781 1336.093 1338.156 1391.312 3142.218 
168.656 1063.937 1923.156 1925.968 1928.718 
433.875 447.343 476.625 1463.531 1489.000 2012.156 2018.593 3445.031 
