-1927.344 -1657.282 -1439.719 -1064.750 -1017.875 -413.094 -260.844 -70.844 20.593 29.500 149.625 234.625 298.687 316.843 362.406 396.156 445.468 465.593 499.843 577.718 600.593 684.062 690.312 783.093 784.750 1017.187 1025.750 1034.156 1088.187 1097.843 1286.562 1434.062 1515.468 1520.468 1599.093 1622.375 1795.250 1855.062 1866.187 1931.812 1946.125 1982.093 2054.281 2226.312 2255.468 2306.187 2423.125 2933.656 3511.281 3706.468 3812.250 
-1741.532 -1494.969 -1312.157 -1112.594 -724.469 -365.407 38.812 41.562 48.281 91.250 174.062 204.531 244.593 249.343 252.156 260.500 297.375 338.125 361.375 371.718 378.000 442.125 501.187 532.218 638.843 648.250 703.250 715.125 737.312 757.937 784.062 859.062 901.031 923.562 928.406 932.218 958.687 978.250 1037.750 1086.843 1151.687 1155.875 1169.718 1211.375 1214.875 1295.156 1427.750 1453.875 1497.062 1516.812 1537.656 1825.562 1857.906 1931.500 1978.062 2778.781 2827.812 2957.031 3128.500 3433.781 3859.875 
-1645.438 -1431.407 -1409.750 -850.250 -551.969 -431.313 -367.813 -117.344 32.562 43.375 53.906 70.562 87.812 104.843 144.656 168.937 236.687 262.125 326.500 340.156 361.687 436.218 483.281 491.625 510.968 598.875 666.125 923.781 1015.687 1035.843 1100.625 1376.031 1380.750 1436.218 1457.250 1482.250 1496.125 1583.843 1651.406 1699.781 1758.718 1840.656 1865.843 1945.375 2514.156 2587.937 2627.281 2656.812 2796.062 3211.156 3229.093 3742.875 
-1600.000 -1320.344 -1068.407 -1033.063 -693.750 -600.000 -518.813 -484.282 -362.875 -340.844 -46.250 46.406 90.343 138.500 202.656 229.875 236.906 279.937 318.625 384.000 461.687 529.156 557.656 568.718 569.843 619.468 638.625 641.812 676.531 711.562 846.218 853.906 923.531 929.843 997.187 1012.312 1097.906 1174.156 1251.968 1356.875 1457.062 1516.500 1523.781 1525.937 1550.343 1567.781 1579.843 1600.406 1619.468 1653.468 1695.718 1727.718 1736.312 1761.562 1904.062 1910.093 1922.562 2551.812 2631.375 2701.218 2709.625 2984.687 3102.406 3319.343 3403.937 3702.781 3828.156 3969.500 
-1960.157 -1948.250 -1935.313 -1861.907 -1481.813 -895.469 -852.532 -706.094 -656.594 -556.532 -435.250 -12.907 18.218 47.062 69.000 90.562 94.000 115.531 140.562 176.750 220.875 262.875 297.406 302.250 319.531 329.468 341.656 386.187 392.656 433.687 509.437 541.031 639.531 649.343 709.468 735.156 759.031 819.593 847.781 852.812 927.125 956.218 980.343 1026.468 1092.468 1215.031 1336.781 1436.031 1498.093 1618.750 1637.437 1643.531 1740.781 1875.687 1903.468 1930.000 2093.625 2214.875 2226.500 2268.468 2535.937 2632.437 2732.000 2851.875 3158.468 3236.625 3644.812 
-1955.813 -1915.125 -1865.313 -1791.782 -1500.563 -1135.032 -1041.688 -528.188 -241.250 18.125 45.281 50.406 66.187 125.906 126.437 181.125 258.250 298.187 306.093 360.687 429.000 483.687 568.781 571.562 658.656 735.093 768.250 787.593 809.031 845.406 1033.468 1091.031 1232.718 1261.812 1284.437 1296.468 1328.125 1567.000 1639.093 1650.250 1704.875 1728.750 1758.031 1772.093 1810.906 1842.156 1865.843 1899.468 1902.031 1932.093 1945.250 1950.125 1983.187 2150.000 2316.125 2605.312 2608.625 2721.781 2848.812 2865.437 3188.000 3462.437 3511.562 3820.625 3864.593 
-968.938 -822.250 -193.063 18.750 35.343 42.468 48.375 146.500 173.656 236.000 240.750 242.312 279.812 319.187 334.343 452.531 530.031 600.625 638.843 646.937 710.218 717.750 724.750 734.906 804.843 814.093 818.125 885.156 901.156 923.062 954.937 977.218 1024.843 1030.593 1099.343 1130.656 1211.750 1296.593 1370.250 1409.500 1481.093 1520.250 1527.843 1602.125 1622.500 1697.468 1707.562 1769.812 1825.718 1876.000 1900.875 1944.562 2090.125 2243.625 2651.281 2893.281 3039.562 
-1980.313 -1407.407 -1177.813 -968.344 -717.625 -675.063 -427.125 -161.188 40.781 145.937 151.343 165.031 208.343 278.562 296.000 312.812 372.343 391.562 451.843 482.000 501.718 530.656 546.187 579.500 684.906 705.656 718.156 857.562 875.093 891.531 900.375 930.406 1034.250 1108.031 1250.812 1375.093 1434.468 1440.812 1598.156 1629.062 1640.687 1758.187 1808.125 1825.968 1875.062 1893.968 1900.281 1918.281 1951.031 1979.250 1989.406 2004.812 2062.281 2191.656 2505.750 2570.656 2851.093 3025.656 3106.250 3712.843 3803.125 3938.312 
-1628.969 -1547.094 -1534.907 -1496.657 -1243.782 -1140.938 -1064.188 -859.438 -718.282 -698.594 -363.125 -292.907 -269.188 31.281 46.406 97.531 114.156 123.031 144.875 170.156 221.937 223.750 234.750 280.593 297.625 319.468 348.218 363.343 375.187 375.875 381.062 431.281 469.562 495.250 499.812 506.500 577.968 600.343 691.406 725.750 735.562 751.312 757.500 797.437 808.468 901.437 930.937 980.125 1047.562 1098.625 1130.781 1165.906 1216.281 1264.375 1354.500 1380.437 1416.375 1435.625 1485.531 1546.562 1741.187 1806.531 1839.718 1862.093 1887.218 1947.406 2064.156 2096.937 2263.468 2646.281 2721.781 2825.468 2950.093 3292.156 3330.625 3552.218 3792.937 
-1714.438 -1565.250 -1492.813 -1414.407 -1292.657 -1119.000 -1074.500 -935.813 -820.532 -572.219 -469.094 -112.719 48.281 90.343 92.812 99.750 137.593 160.062 169.187 174.500 178.500 202.937 209.218 261.937 278.500 377.937 383.812 459.531 492.687 657.968 676.687 683.187 736.156 778.343 783.656 814.156 821.375 844.375 874.125 924.593 961.187 983.031 1083.812 1190.531 1210.562 1329.406 1381.281 1462.531 1471.156 1495.187 1499.125 1516.437 1537.125 1734.531 1741.125 1840.437 1871.281 1874.437 1945.781 2238.156 2567.156 2603.156 2689.906 2814.562 3114.000 3224.031 3293.812 3627.625 3674.812 3857.906 3915.875 
-1904.282 -1649.500 -1639.063 -1547.344 -1479.282 -1451.407 -1408.063 -1288.063 -924.344 -871.938 -691.000 -610.407 -369.000 -192.532 30.687 40.718 110.062 221.281 278.562 332.593 357.468 376.250 437.312 458.000 529.218 573.625 600.156 601.437 661.343 701.468 727.406 820.656 874.000 900.750 995.812 997.750 1029.718 1037.843 1054.781 1170.250 1197.750 1263.812 1273.500 1380.312 1490.062 1524.187 1619.656 1700.750 1737.875 1807.156 1864.812 1894.687 2136.406 2242.718 2268.218 2285.156 2427.906 2552.812 2626.406 2727.312 3033.468 3163.687 3244.312 3332.093 3389.906 3542.562 3771.906 3839.625 3943.750 
-1961.157 -1065.438 -872.375 -665.344 -427.438 28.062 40.125 59.437 93.593 118.281 121.875 141.281 203.343 236.062 247.031 297.468 337.000 353.656 432.031 456.000 459.781 484.218 570.125 584.156 596.968 600.625 690.437 787.281 813.406 821.625 901.062 1047.875 1140.593 1189.625 1308.875 1375.656 1380.093 1394.250 1439.218 1455.843 1500.250 1580.625 1594.031 1635.843 1641.937 1704.406 1727.812 1767.218 1806.156 1825.312 1840.187 1931.250 2326.812 2869.468 2924.781 3023.781 3034.343 
-1652.625 -1279.219 -1164.469 -1116.750 -1036.313 -991.969 -872.313 -768.750 -579.813 -534.719 -471.438 62.375 179.687 185.656 206.343 252.906 410.093 573.875 593.125 815.687 845.437 869.875 934.718 1011.843 1036.125 1086.343 1089.656 1169.625 1330.562 1347.593 1499.656 1662.531 1814.906 1816.843 1970.875 1973.312 1988.531 1995.718 2049.156 2109.875 2267.000 2334.687 3069.062 3138.625 3220.062 3545.687 3685.437 
-1761.000 -1725.844 -1342.844 -743.594 -264.969 -147.750 20.156 31.156 41.062 52.062 83.375 145.343 177.843 248.531 350.843 529.875 541.937 636.812 698.406 743.156 759.750 820.281 1137.906 1147.500 1215.312 1263.468 1400.500 1457.218 1516.687 1523.125 1656.906 1741.343 1826.875 1866.312 1900.125 1991.062 2024.218 2050.281 2107.750 2244.468 2400.250 3384.093 3768.250 3857.500 
