139.968 207.812 730.875 844.687 1045.062 1314.593 1324.250 1558.906 1586.531 1628.125 2785.125 2790.531 
89.437 1109.500 1152.125 1432.125 1558.062 1581.687 2181.562 2432.968 2438.968 3467.718 3471.125 3496.312 3799.625 
126.187 600.531 874.781 2173.312 2476.625 2482.625 2963.000 3055.843 3080.843 3082.187 3102.781 
55.468 57.312 72.343 104.500 275.031 763.906 1296.593 1710.593 2136.781 3366.281 3372.781 
108.750 154.468 391.000 418.750 442.843 795.093 1299.093 1596.250 2500.375 3053.687 3130.343 
721.375 1272.343 1582.562 1934.718 2353.687 2860.437 
39.968 686.500 854.156 1588.781 1593.750 2694.156 2699.343 2751.625 
93.875 350.031 603.375 1527.750 1797.406 3116.375 3141.156 
110.625 133.000 157.187 599.468 1248.781 1335.000 1615.593 1887.531 2503.468 3488.093 
552.968 600.531 1322.937 1594.812 1621.500 2351.687 2418.187 3159.406 
