145.625 148.781 152.593 156.843 442.812 505.718 730.843 1050.562 1309.000 1508.937 2025.156 2032.437 2036.281 2421.718 3110.468 
430.437 887.718 896.468 1049.062 1060.250 1068.750 2017.156 2180.906 2188.468 2201.031 2240.093 2425.750 3283.156 3745.031 
709.968 866.781 897.468 1019.593 1053.718 1075.718 1963.218 2046.562 2199.250 2211.843 
166.656 375.156 1090.375 1093.843 2018.781 2022.343 2028.250 2176.781 2194.875 2201.500 3325.093 3562.312 3810.875 
725.781 726.906 885.968 1055.218 1092.750 1097.531 2000.000 2009.781 2036.968 2188.281 3234.281 3619.312 
150.093 217.218 300.281 881.781 1040.156 1058.406 1111.125 2021.000 2175.125 2251.750 2290.093 3150.531 
100.750 599.968 1095.187 2005.406 2008.906 2197.343 3874.312 
214.937 533.656 1098.343 1115.656 2190.250 2215.718 2253.187 3347.031 3803.562 3823.468 
107.531 886.312 2022.312 2187.031 2201.000 3051.843 3919.187 
1017.437 1063.031 1247.937 1794.500 2018.718 2297.281 2391.125 3382.625 3669.343 
