114.875 126.750 282.343 303.656 312.406 319.125 884.687 1344.937 
94.437 107.906 121.906 123.812 131.000 145.468 793.343 1386.593 
85.156 90.500 123.593 470.781 759.968 1221.468 1346.406 1347.531 
56.562 76.406 76.750 101.218 125.468 737.812 1285.437 
76.781 98.343 116.406 123.343 132.781 262.250 287.218 306.062 905.718 
71.906 109.343 117.718 132.000 300.406 432.500 860.187 
75.812 108.593 115.875 118.031 121.468 122.687 139.937 904.562 1197.468 1217.468 1348.812 
76.437 90.656 104.187 116.093 117.375 132.468 134.437 280.843 414.156 904.843 1018.562 
82.750 88.125 133.406 276.312 280.812 282.156 461.625 1220.906 
76.031 116.250 274.843 282.750 312.375 1218.093 
