43.250 301.593 332.000 785.875 808.406 1236.593 1239.125 1241.593 1462.562 1530.437 1531.750 1741.593 
23.218 53.500 99.875 443.406 463.187 469.218 556.656 583.687 1149.250 1207.937 1672.375 1717.968 2618.687 2830.375 2854.093 
99.093 198.593 240.281 554.062 871.437 1377.718 1400.000 1403.531 1532.531 1644.500 1646.968 1702.781 1793.437 1829.906 1883.218 1915.375 1943.937 
36.781 98.781 136.125 189.000 234.062 436.593 785.406 1020.750 1021.343 1207.562 1444.812 1947.312 2719.031 3217.500 
21.843 101.562 773.812 1049.718 1514.875 1721.062 2078.843 3936.156 
40.937 101.562 141.781 190.312 307.156 330.531 782.531 784.875 982.531 990.437 1020.031 1024.000 1374.031 1408.562 1515.375 1691.218 1938.687 
79.500 99.562 101.187 235.812 771.312 775.000 837.687 920.375 1413.593 1946.937 2259.906 
40.718 75.406 99.656 100.625 104.625 331.937 424.843 582.625 951.281 1373.312 1666.718 1718.968 1911.281 2482.562 2490.000 2996.031 2998.812 3002.500 3269.968 3532.593 
57.468 144.406 1099.000 1882.625 
43.187 52.750 306.187 1050.281 1789.468 1947.406 2088.875 
