45.375 52.093 61.031 67.156 72.625 88.000 93.343 103.000 123.406 130.781 143.968 192.250 220.000 233.000 234.687 277.406 382.937 468.656 555.687 560.906 579.937 594.843 610.937 616.968 728.531 838.375 841.468 1504.000 1517.812 1557.343 1573.031 1608.750 1610.062 1746.562 2392.937 3560.593 3571.625 3581.437 3606.718 3687.656 3708.750 3713.093 3792.062 3826.312 
47.500 63.968 76.000 87.281 117.125 131.375 133.000 145.593 197.218 202.812 312.187 398.687 529.000 585.843 623.843 641.406 1019.875 1049.906 1695.562 1809.968 2824.375 3125.531 3153.937 3173.843 3180.250 3748.687 3756.875 3771.312 
71.687 101.656 148.093 182.937 190.218 217.093 282.062 352.250 374.718 404.031 761.593 782.125 890.156 1241.156 1561.875 1724.093 1749.593 1750.343 1776.812 2309.406 2358.718 3007.781 3044.250 3045.906 3085.187 3108.718 3124.281 3210.500 3397.750 
56.281 68.468 70.406 87.750 105.968 123.406 139.968 178.781 232.281 250.406 580.562 766.906 871.187 894.937 965.406 1171.031 1225.562 1239.250 1491.531 1728.437 1729.062 1765.843 1774.781 2028.125 2032.656 2045.968 2048.718 2051.937 2072.625 2078.312 2099.187 2344.343 2997.093 3505.593 3511.562 3529.500 3536.500 3585.375 3622.968 3750.343 
61.937 76.750 90.875 119.656 121.937 204.812 353.125 558.625 716.062 1007.406 1187.906 1462.500 1556.781 1714.562 1725.406 2163.375 2183.750 2522.968 3012.156 3637.250 3644.625 3682.406 3732.437 3744.437 3749.000 
44.531 59.593 64.281 74.312 78.406 78.625 170.593 503.687 796.031 872.437 1222.843 1682.906 1776.406 2377.343 2753.937 2770.531 2778.625 2821.531 2846.281 2873.593 3343.250 
68.875 92.093 99.718 150.875 238.093 562.312 571.531 617.156 819.718 834.500 850.906 1171.062 1277.843 1556.718 1567.312 1582.375 1591.656 1626.312 1866.406 3622.281 3651.093 3730.625 3745.187 
82.343 88.500 119.625 259.062 597.062 826.062 1208.687 1528.812 1574.750 1754.437 1768.875 1894.218 2341.031 2574.406 2578.906 3141.437 3161.656 
67.093 77.875 97.468 100.281 114.843 124.968 158.781 179.187 733.125 1388.781 1736.968 2409.156 2651.156 3209.718 3809.656 
58.187 72.906 85.500 152.906 176.781 401.406 1368.218 1620.781 2321.187 3836.031 3856.656 
