184.625 191.468 215.656 246.062 312.875 352.625 365.562 383.093 414.062 815.218 1078.312 1575.000 2110.031 3994.781 
200.093 213.875 498.093 614.375 1096.406 1101.156 1526.218 2700.093 3709.062 
171.718 234.250 364.406 375.437 396.218 418.437 448.281 495.000 542.156 760.406 849.718 1149.312 1527.125 1586.875 1828.937 1909.187 3093.437 
97.250 112.000 411.531 735.250 1644.593 2092.343 
48.875 156.062 185.218 349.875 368.937 386.125 422.750 1147.531 1591.843 1608.812 1966.781 2366.437 3566.406 3733.375 3946.281 
159.625 227.750 483.906 545.468 1069.312 1093.687 1094.812 1500.125 1503.156 2336.312 3122.187 3962.562 
142.437 160.812 465.468 605.656 1471.968 2630.093 3638.343 3647.093 3697.062 
131.468 319.312 348.250 373.093 598.718 837.000 855.843 1265.437 1560.781 1567.656 3938.843 
525.437 2086.656 2398.375 2985.187 
2459.656 
