-1489.750 -371.813 95.343 206.000 269.656 388.343 427.250 503.718 556.031 819.656 1089.250 1286.250 1340.125 2886.968 
-690.782 41.562 100.968 127.906 221.312 407.312 510.312 674.156 779.093 857.156 1855.187 1948.781 2493.937 
-1606.969 -1325.813 -1063.875 -870.969 -633.438 315.812 388.968 526.437 685.500 1944.875 1984.125 2517.218 2605.562 
-1729.469 -1466.438 75.406 90.687 111.093 732.906 856.312 1064.218 1442.375 2383.312 
-1076.032 -578.594 -7.782 165.531 333.500 389.687 572.625 650.843 670.437 1777.000 2194.468 2919.968 2941.812 3085.687 
-1952.750 -1587.344 -1489.563 -605.282 144.875 197.125 229.937 1791.062 1958.437 2772.781 3556.656 3708.250 3927.531 
-816.750 -324.157 113.250 906.250 1353.843 2642.187 2792.000 
-1917.407 -730.813 -117.969 103.500 287.812 438.968 511.562 579.031 875.812 1283.343 1754.406 1787.312 2318.968 2741.468 2926.968 2949.281 3107.187 3978.437 
-1139.657 -971.063 129.156 154.875 179.218 571.250 2084.750 2183.875 
-1644.875 -710.688 -158.500 1309.593 1484.125 1584.343 2694.906 3869.062 
