19.156 26.781 54.625 69.718 177.406 255.093 345.468 410.375 416.687 421.718 422.781 702.375 726.031 881.000 883.437 885.093 893.718 993.562 1286.687 1437.968 1555.406 1628.218 1722.125 1807.968 1809.812 1873.781 
20.906 54.812 89.218 105.531 144.593 151.156 418.656 422.062 506.500 928.125 1002.062 1126.468 1445.156 1698.593 1808.250 1905.812 1919.937 1964.593 1966.062 
43.968 53.843 150.687 179.812 273.875 422.437 507.406 704.437 797.812 851.687 880.312 1150.000 1286.718 1429.281 1788.718 1808.062 1818.906 1822.343 1848.937 1941.625 2038.656 2079.000 2218.968 3569.750 
12.031 14.531 53.625 55.343 129.968 147.781 178.625 205.375 368.187 396.343 409.687 418.781 702.843 705.000 789.000 860.812 885.156 928.875 980.531 1067.937 1148.625 1679.437 1698.593 1811.593 2219.093 2787.593 
12.781 28.781 96.343 106.281 132.531 145.906 149.812 153.500 179.468 194.937 395.875 417.875 506.406 700.687 870.937 881.031 930.375 962.718 1003.781 1017.937 1035.187 1150.187 1209.375 1286.125 1431.218 1553.437 1629.343 1757.750 1785.812 1808.031 1815.156 1887.531 1920.843 1941.593 1962.562 1965.000 2059.000 2219.343 2924.281 
13.187 27.875 106.812 133.187 177.718 269.250 274.093 369.500 410.937 418.187 455.406 705.687 760.593 787.531 881.062 885.750 1034.593 1055.781 1128.000 1430.437 1497.468 1630.281 1847.593 1874.437 1941.187 2038.718 2058.875 2080.875 2218.843 
12.781 15.781 26.156 27.781 54.625 146.250 176.812 227.031 275.875 364.968 385.750 398.250 414.843 506.937 618.687 703.250 705.875 769.875 789.093 881.593 992.031 1034.781 1430.593 1628.843 1698.968 1820.531 1873.968 1883.656 1923.750 1947.187 1963.375 1997.562 2868.312 
12.750 26.125 210.156 275.906 418.812 704.281 752.625 788.562 879.875 970.437 1070.781 1288.062 1395.156 1445.031 1629.437 1697.906 1744.843 1783.312 1887.531 1921.250 1946.500 1965.062 2009.406 2038.687 2061.531 3375.406 
14.343 19.625 41.312 56.156 137.750 206.562 235.937 277.843 399.343 411.718 424.781 506.687 702.031 705.281 788.437 859.906 884.312 1068.500 1109.250 1629.093 1698.562 1720.281 1762.468 1808.000 1812.187 1874.750 1921.625 1966.437 2040.281 2061.468 2220.343 2815.312 2895.468 
14.000 40.062 138.312 147.968 153.937 223.843 272.562 388.906 421.406 617.562 701.500 889.718 955.718 1151.562 1209.750 1430.375 1629.000 1808.187 1848.000 1874.062 1932.625 1961.531 1964.343 2039.250 2870.000 
