-304.032 69.375 77.781 133.968 164.250 209.218 262.281 403.906 444.375 478.062 618.218 728.187 768.218 996.687 1051.000 1112.093 1182.218 1296.593 1488.406 1592.968 1674.187 1882.625 1953.406 2035.125 2535.625 2859.593 
-1334.313 -372.188 130.000 187.906 244.343 329.906 372.875 417.968 602.625 744.656 809.125 1033.937 1141.531 1240.187 1336.625 1491.281 1655.625 1878.875 1940.062 2026.062 2100.781 2426.625 
-1285.844 -439.438 227.968 260.468 396.812 449.593 497.375 731.906 839.000 1376.812 1978.437 2828.468 
-193.813 71.062 119.062 265.000 872.312 1037.406 1144.375 1419.000 1661.718 1760.812 1885.781 2472.500 2893.562 
-1540.969 -363.594 808.843 1050.812 1087.062 1772.718 1811.687 2114.562 
-1830.438 69.968 247.281 327.625 785.687 1066.750 1149.343 1412.343 1582.562 1710.968 1899.656 3457.812 
-1236.188 -210.250 61.500 85.312 195.000 377.406 400.187 497.906 537.562 827.218 908.812 1024.093 1172.500 1347.968 1495.406 1773.312 1814.437 1953.937 
162.156 291.781 353.031 586.343 708.406 1525.312 1640.406 2032.468 
-617.875 25.000 144.312 213.500 252.062 509.656 836.656 946.031 1047.218 1144.687 1238.250 1471.812 1820.593 1978.906 
-1870.938 25.812 497.031 674.687 723.437 1095.593 1490.312 1780.687 1942.562 
