165.156 394.687 732.093 1005.343 1134.937 
57.687 58.781 61.562 153.812 219.718 309.625 395.750 396.593 724.968 780.500 989.468 1008.250 1146.250 1412.281 1429.281 1454.968 1816.750 
168.687 173.406 397.687 402.000 693.125 697.437 944.750 963.937 969.687 990.125 1021.750 1283.093 1851.718 
59.875 113.250 584.000 1061.625 1320.218 1385.250 1462.250 1765.687 
98.562 130.312 135.750 309.218 353.812 393.687 712.187 739.593 748.062 922.062 981.125 1303.750 1315.625 1323.156 1339.875 1431.187 1934.031 
120.718 307.937 956.843 1226.843 1283.125 1326.343 1765.562 
54.968 119.562 431.000 1337.531 1400.625 1420.062 1428.125 1471.625 1919.062 
125.312 149.656 340.906 395.562 711.531 730.750 1299.812 1324.687 1326.812 1343.937 1423.156 1770.156 1829.843 1913.218 
52.906 57.906 121.937 304.250 315.437 338.906 396.750 697.468 748.343 1030.687 1130.437 1286.593 1287.968 1823.718 
50.906 60.687 178.937 291.343 708.250 730.468 1103.062 1314.125 1341.906 1448.093 1803.937 1855.375 1915.093 
