40.687 82.531 118.437 182.125 191.218 261.843 542.062 689.187 705.625 742.531 752.062 781.656 833.375 887.593 1069.687 1120.718 1244.906 1247.656 1269.125 1291.343 1325.125 1411.500 1471.593 1486.781 1738.562 2241.968 3058.312 
48.218 60.312 69.187 85.750 117.000 157.125 182.437 228.343 237.500 298.625 402.093 437.906 489.625 593.218 653.750 654.312 702.625 720.937 813.281 817.218 818.937 908.750 980.937 1069.343 1088.312 1196.062 1232.156 1403.781 1412.093 1438.187 1488.093 1495.937 2501.906 3187.125 
17.437 42.312 189.281 298.687 368.281 388.187 413.937 414.718 542.750 543.843 591.250 628.812 700.437 877.406 909.125 957.500 988.656 1122.250 1154.875 1293.500 1394.343 1488.187 1539.281 3521.937 
36.031 41.093 85.593 107.562 122.093 193.750 210.343 257.250 301.062 384.281 415.187 516.937 699.125 702.562 766.406 849.343 877.125 907.093 959.406 1191.156 1215.250 1251.656 1268.500 1280.437 1364.531 1456.750 1461.656 1539.375 1545.156 3676.843 
53.218 67.843 107.343 113.281 146.031 190.343 238.718 253.187 310.125 420.781 423.656 439.437 488.562 491.156 494.375 542.531 580.250 591.312 629.468 653.937 687.781 733.250 740.031 754.500 908.593 959.156 996.468 1007.906 1048.000 1069.000 1141.593 1218.312 1236.750 1246.593 1409.250 1448.500 1461.218 2021.531 2024.312 3114.968 3202.000 3471.250 3481.250 
50.937 59.718 88.593 112.781 118.343 190.593 198.718 268.500 290.343 372.593 384.062 415.375 437.593 466.437 488.156 489.250 510.437 589.218 592.406 734.312 737.031 746.406 752.593 837.687 841.343 908.812 996.875 1091.000 1122.000 1143.312 1201.031 1215.312 1216.406 1304.281 1308.656 1396.437 1397.468 1457.812 1460.875 1536.562 1989.093 3472.281 
180.656 191.250 229.250 261.718 310.343 439.531 489.468 489.906 589.875 675.937 683.843 687.656 700.843 751.968 770.718 786.312 795.000 840.062 880.906 947.531 1006.906 1075.281 1087.875 1120.281 1126.218 1187.843 1209.656 1215.656 1273.125 1293.500 1337.781 1352.593 1379.687 1401.500 1457.937 1483.156 1487.531 1542.250 1838.906 2683.281 3182.437 3887.250 
32.906 36.343 64.718 85.031 88.843 118.687 140.593 258.968 383.000 389.843 415.468 433.218 506.593 543.437 593.156 626.406 628.031 630.156 688.343 689.000 701.625 775.000 817.187 823.343 877.906 886.812 906.687 968.718 996.187 1122.281 1252.156 1279.875 1292.187 1327.656 1378.531 1409.437 1461.781 1486.218 1488.187 1535.125 1763.843 1789.000 1793.562 2305.937 2732.593 
92.375 220.375 296.531 444.187 460.750 506.031 518.312 574.968 589.156 590.250 632.500 681.656 686.718 786.250 838.062 953.750 963.531 984.062 985.968 1069.781 1073.937 1093.937 1266.625 1271.125 1293.000 1351.500 1410.625 1487.218 3103.937 3293.562 3294.406 3577.312 3882.593 
48.343 83.031 101.937 140.468 183.937 189.250 192.343 217.000 252.156 299.750 343.062 384.968 420.468 437.187 438.500 488.250 489.250 489.562 578.687 593.187 696.750 878.625 897.812 907.812 989.437 997.250 1069.218 1122.000 1191.937 1293.968 1307.875 1319.968 1380.781 1403.000 1410.656 1487.250 1487.437 1496.718 1902.843 1903.531 2242.593 2246.125 3744.125 3788.593 
