24.093 71.937 82.156 97.218 294.500 540.375 652.781 739.656 1122.468 1169.031 1294.468 1330.406 1436.000 1441.468 1442.656 1472.687 1510.562 1533.593 1597.187 1599.125 1636.468 1686.718 1701.156 1716.468 1781.156 1836.656 1867.843 
14.968 30.656 56.218 292.812 386.500 387.062 567.875 736.000 740.437 795.937 863.500 1014.750 1115.656 1150.687 1266.750 1293.812 1355.937 1517.406 1621.625 1701.687 1723.656 1741.875 1811.781 1864.531 1937.593 2291.218 3107.656 3583.500 3625.968 
71.875 163.250 184.718 200.062 242.687 248.593 296.625 382.281 426.531 468.781 502.593 652.406 672.937 718.875 736.437 741.875 802.531 872.375 882.937 1010.687 1053.843 1062.843 1114.593 1132.531 1179.062 1290.031 1295.250 1436.125 1476.750 1478.406 1534.062 1598.875 1621.000 1687.031 1773.750 1791.562 1802.875 1838.125 2195.468 2428.812 2529.875 2777.250 3304.968 3530.093 3643.750 3812.937 3984.406 
16.500 28.218 62.531 147.875 198.968 211.375 242.562 333.812 373.812 416.718 417.812 467.125 491.750 539.031 566.125 656.937 704.281 742.437 807.875 815.781 834.500 868.343 925.218 987.031 1206.343 1248.593 1294.687 1436.281 1491.531 1516.906 1542.031 1551.656 1599.968 1687.156 1697.218 1698.187 1714.500 1793.281 1862.125 2302.625 3265.343 3894.687 3901.250 
15.687 25.093 57.375 66.125 71.125 115.718 176.656 197.281 332.781 380.968 381.781 384.687 427.156 506.218 673.718 736.562 741.437 744.093 753.406 813.968 828.656 874.906 973.718 1119.562 1153.812 1181.375 1206.468 1289.000 1344.281 1421.000 1477.062 1531.593 1598.875 1618.281 1683.656 1728.531 1742.968 1757.156 1769.687 1775.781 1789.375 1790.687 1821.406 1835.781 1959.093 2521.406 3538.843 3713.750 
41.500 71.812 84.625 108.250 203.312 211.343 243.093 278.156 283.937 385.125 419.437 721.406 737.343 739.125 751.468 785.468 899.468 1053.312 1114.031 1152.218 1197.781 1293.781 1343.656 1368.125 1419.031 1434.656 1435.437 1472.406 1477.843 1508.937 1522.406 1551.281 1551.906 1600.656 1618.718 1685.718 1700.031 1713.468 1753.968 1773.531 1789.406 1813.593 1849.375 3665.187 3805.468 
15.843 34.468 39.812 54.656 130.937 202.031 202.468 204.250 217.312 242.187 302.593 313.656 332.437 379.250 383.968 503.187 574.218 622.656 680.531 703.125 721.812 739.375 808.250 843.781 883.093 1023.312 1113.718 1157.437 1200.593 1245.218 1331.375 1333.593 1358.843 1435.531 1472.187 1479.156 1485.156 1523.531 1535.843 1553.750 1622.593 1701.125 1759.156 1774.812 1813.156 1833.281 1871.625 2226.562 2971.656 3390.937 3777.687 
22.968 54.468 66.031 144.406 202.687 242.875 312.250 329.843 379.281 404.375 469.593 491.593 501.531 561.031 624.468 673.968 739.000 754.812 767.843 808.000 808.656 813.812 827.062 831.937 869.656 897.906 986.625 994.937 1037.656 1132.468 1182.062 1265.718 1296.093 1326.250 1331.343 1363.031 1477.937 1510.875 1535.281 1548.843 1598.687 1601.093 1618.968 1812.406 1835.218 1836.343 1863.343 3614.468 3639.781 3641.437 3791.156 3794.906 
27.375 40.375 54.906 162.968 197.750 312.750 333.031 381.906 386.593 391.968 420.000 427.406 491.062 501.250 504.468 527.125 658.312 741.406 796.687 813.937 814.562 826.531 829.031 830.031 841.218 1003.593 1181.906 1232.906 1287.843 1477.812 1491.218 1549.312 1599.187 1617.875 1689.156 1716.187 1760.312 1772.562 1779.000 1792.000 1812.000 1812.781 2362.312 2492.500 2891.531 2919.156 2953.781 3641.250 
28.062 53.875 69.187 351.468 381.656 403.781 467.812 492.437 503.531 561.312 588.687 617.500 651.343 667.968 672.062 736.281 742.375 815.437 990.562 1010.937 1149.718 1246.625 1295.312 1333.875 1489.312 1597.375 1598.718 1601.375 1618.406 1772.250 1792.375 1811.093 1865.375 2824.437 3229.562 3238.656 
