60.000 168.500 201.156 224.062 247.968 256.562 342.468 803.250 1174.250 
25.375 163.406 193.937 195.281 210.250 216.531 248.156 255.968 306.531 314.781 320.593 729.687 780.031 802.812 
84.781 210.218 217.625 730.375 
187.031 206.968 215.906 220.218 325.281 557.906 1181.218 1205.968 
186.250 204.531 220.781 221.718 254.187 255.093 312.218 320.593 325.875 780.000 919.156 
182.500 202.593 213.687 216.031 218.218 259.125 325.000 729.031 1143.625 1189.062 1493.937 1848.125 1989.406 
32.625 79.812 163.750 169.781 185.593 187.031 207.468 216.031 249.687 319.718 325.000 328.531 343.718 801.375 935.500 1171.500 1209.000 
79.968 163.750 189.281 205.718 214.781 221.093 251.000 320.343 328.812 339.343 742.375 882.750 930.656 1768.625 
19.906 79.937 85.875 152.406 161.937 168.843 185.968 187.125 211.468 225.687 255.187 318.687 326.406 464.500 1171.125 1172.593 1849.875 
34.500 163.812 183.625 185.031 186.625 199.843 203.312 204.687 206.781 212.781 217.812 320.062 322.406 329.156 529.093 919.000 919.250 1157.937 1495.937 1499.312 
