26.843 29.781 30.718 38.281 61.531 79.531 85.781 86.687 89.343 163.687 
64.875 347.187 1344.687 1632.031 1736.687 1774.531 
66.843 74.000 140.218 380.125 431.812 
44.718 89.406 157.343 528.375 1212.125 1344.125 1389.468 1631.281 1739.218 
30.000 36.218 78.218 79.375 176.281 317.906 1640.875 
29.843 48.937 50.156 66.437 66.687 673.218 729.718 
35.093 38.250 50.187 197.125 198.812 353.406 377.593 1343.031 1641.218 1901.656 
34.406 35.656 52.531 87.875 92.093 153.437 527.968 963.625 1116.812 
38.375 51.125 73.750 84.093 85.718 88.250 93.031 163.343 196.687 352.031 447.281 524.906 1782.500 
26.968 31.718 39.718 44.031 47.281 60.218 64.156 84.000 146.312 155.625 157.375 537.906 709.406 731.250 732.500 1232.781 1748.843 1893.781 1908.375 
