49.156 67.062 90.187 99.968 130.375 138.156 143.843 147.000 273.343 285.093 298.562 407.906 
55.468 68.562 89.656 99.500 100.968 126.000 134.968 140.625 141.687 151.906 155.593 157.687 271.968 272.906 273.437 274.500 729.593 1117.531 1121.093 1674.125 1844.312 1954.062 1959.687 
46.968 64.593 66.250 74.468 83.281 101.562 103.218 131.625 157.718 412.875 572.781 796.750 992.187 1010.406 1117.562 1309.812 1925.156 1936.593 1952.281 
47.562 55.437 73.250 90.656 126.812 142.968 150.187 158.187 320.406 563.312 964.468 1121.625 1672.750 1833.281 1907.375 1950.093 
69.937 72.406 89.656 91.093 92.187 125.812 131.937 132.750 133.656 434.718 579.281 789.406 992.718 993.375 1125.718 1138.125 1667.281 1917.156 1944.906 
53.687 59.562 63.750 68.437 81.937 102.843 103.281 125.031 320.187 567.687 580.687 1117.812 1121.656 1675.875 1821.250 1944.843 
66.187 132.343 157.687 265.281 430.093 943.031 990.687 1121.625 1124.937 1132.625 1151.468 1670.281 1672.531 1766.843 1823.062 1942.687 1947.062 1950.093 1950.437 
55.000 61.468 73.781 87.625 88.500 90.531 138.156 146.968 151.093 152.687 257.406 454.562 572.718 576.093 997.062 1121.937 1123.187 1128.656 1556.562 1654.312 1783.687 1803.937 1942.687 1945.218 1945.531 1955.812 1959.750 
87.875 137.781 145.156 146.375 154.375 464.281 573.562 1003.750 1004.875 1121.937 1123.187 1136.812 1387.718 1433.750 1788.312 1942.093 1943.750 1950.406 1970.656 
49.250 55.062 89.500 125.468 146.125 150.156 573.406 578.562 580.062 960.250 1112.406 1118.812 1121.937 1132.593 1960.531 
