193.187 824.968 1156.062 1168.750 1177.187 1205.625 2916.062 2923.656 2938.593 2943.656 2982.843 
714.812 1136.437 1143.593 1148.656 1153.500 1990.593 2575.625 2967.906 
176.500 615.781 626.281 631.968 644.937 656.343 674.906 687.625 1174.843 2260.187 2279.187 2293.250 2351.968 3250.375 3970.093 
504.843 512.875 518.562 543.843 1126.125 1141.437 1157.312 1446.687 2804.687 3794.000 3872.562 
646.343 669.250 738.062 752.968 768.031 815.968 2020.468 2052.687 2089.031 3815.500 
209.343 220.906 633.218 645.343 657.937 2271.437 
166.281 393.312 655.281 1402.375 3470.656 3514.531 
1399.156 
598.843 605.843 620.968 1170.406 
113.468 3666.343 
