65.281 117.312 361.781 491.062 541.312 564.156 638.500 643.687 662.187 832.656 1025.062 1028.062 1049.468 1324.562 1577.093 1579.187 1608.750 1801.281 
68.937 110.343 188.281 379.625 704.156 1130.343 1137.781 1630.437 1631.875 1682.937 1698.531 1699.281 1824.968 
85.312 678.125 685.250 734.093 857.312 931.531 983.562 1192.906 1196.625 1270.437 1314.593 1648.937 1805.468 1808.656 
167.281 361.125 678.437 678.750 998.843 1129.562 1271.562 1278.093 1327.968 1629.218 1683.843 
130.437 361.000 676.593 829.343 851.843 855.625 1124.656 1129.062 1319.125 1806.000 
128.000 366.281 426.687 542.656 643.343 677.250 930.625 1138.375 1270.062 1679.781 1696.125 1699.937 
667.031 854.218 959.593 1140.125 1188.843 1318.125 1499.875 1632.906 1855.343 
63.718 65.343 111.718 148.687 258.000 288.187 360.843 366.343 368.343 376.562 460.875 465.718 643.250 645.875 677.750 847.062 1001.312 1029.062 1184.906 1189.156 1198.562 1200.906 1584.000 1629.781 1682.875 1784.843 
110.718 360.718 639.468 722.687 856.406 1128.125 1129.687 1326.687 1683.468 
386.250 410.000 534.156 645.875 679.281 1198.406 1580.875 1791.718 1854.437 
