14.656 15.343 250.093 339.687 347.250 537.218 575.812 576.375 829.062 850.468 869.093 1056.500 1238.500 1319.437 1416.906 1584.000 1868.562 
16.437 21.687 229.187 289.906 530.750 868.156 994.437 1053.343 1249.093 1442.531 1583.406 1589.250 1686.187 1701.406 1706.593 1728.218 1872.781 
15.093 16.093 122.937 226.625 253.500 537.437 657.812 764.750 781.437 1198.187 1220.843 1423.000 1590.531 1653.281 
15.812 17.093 20.062 227.843 252.468 316.562 346.406 598.031 834.906 989.156 1012.500 1136.000 1225.468 1259.875 1705.218 1916.593 
130.937 192.000 275.312 536.562 558.500 828.000 842.562 993.343 1106.687 
629.718 727.625 868.531 893.000 1007.375 1241.593 1319.125 1444.687 1675.312 1676.468 1707.531 
13.531 31.906 228.968 267.250 335.562 575.093 589.968 657.843 1040.062 1202.687 1214.937 1217.906 1226.875 1614.312 1632.906 1707.718 1727.718 1894.406 1915.781 
15.312 251.062 343.593 634.531 1109.875 1211.093 1225.906 1915.500 
15.968 228.500 232.968 507.937 536.031 607.781 867.468 898.687 988.781 1036.093 1394.093 1731.750 
225.000 227.437 635.968 867.593 1107.312 1224.156 1688.562 1701.906 1864.750 
