20.437 22.343 23.875 55.687 189.843 230.750 250.437 259.281 267.125 270.593 513.593 522.687 527.968 530.656 553.218 579.250 588.281 731.562 734.312 738.656 752.343 758.906 783.250 802.875 809.343 812.500 817.062 841.187 852.531 860.343 906.500 939.875 1023.625 1049.187 1068.250 1307.687 1361.000 1368.875 1379.437 1433.687 1437.406 1445.093 1481.750 1487.656 1536.750 1593.187 1643.593 1715.656 1766.093 2376.937 2381.500 2533.343 2624.500 2751.937 3218.750 3925.468 
25.156 28.968 31.312 69.718 187.968 249.843 259.875 269.812 280.156 384.062 575.625 578.718 731.218 737.093 750.031 808.156 814.468 824.875 839.562 849.593 871.156 909.187 920.031 936.125 938.656 948.437 954.625 1056.812 1122.343 1250.781 1256.687 1307.593 1316.187 1336.968 1362.375 1386.687 1430.843 1433.687 1484.593 1487.781 1517.468 1643.218 1656.281 1877.250 2858.406 3630.031 3632.562 
42.937 60.062 189.156 259.718 274.312 322.656 410.437 413.437 416.968 474.218 513.812 675.531 686.875 730.562 749.125 840.625 858.718 898.312 940.906 948.500 951.718 1057.750 1242.687 1315.312 1334.937 1376.750 1396.500 1431.281 1479.218 1483.250 1497.281 1515.687 1533.531 1543.562 1649.531 1755.093 1770.343 1859.500 3963.593 
21.125 27.312 55.531 63.468 155.093 251.468 260.312 276.156 296.625 302.093 320.687 513.656 520.437 522.250 534.375 553.843 570.000 730.687 733.468 749.125 816.031 830.656 834.812 839.968 861.656 878.062 909.031 935.656 956.156 983.187 990.875 1042.718 1055.875 1074.656 1188.937 1308.625 1315.125 1384.281 1443.781 1479.250 1496.812 1515.843 1544.500 1642.593 1733.781 1772.187 1860.406 3006.375 3515.906 
25.031 62.125 159.843 194.343 250.000 282.250 293.937 330.062 512.593 522.343 544.343 577.500 733.125 740.437 816.343 820.156 859.531 913.281 947.843 952.437 1057.312 1119.750 1135.093 1242.437 1251.406 1259.250 1269.625 1307.375 1313.531 1376.468 1416.843 1439.906 1477.750 1483.031 1487.718 1517.218 1592.250 1669.093 2818.781 2913.781 
21.437 23.562 51.968 54.406 189.968 250.593 269.593 296.437 320.875 329.906 518.718 521.437 528.968 534.062 585.968 622.375 690.812 708.812 731.281 735.437 810.937 813.718 819.781 831.968 841.312 901.343 904.843 921.625 927.281 953.718 979.687 985.000 1057.250 1065.562 1070.031 1080.750 1122.312 1241.687 1247.312 1252.031 1307.250 1315.125 1376.375 1393.781 1431.593 1499.937 1532.281 
27.218 56.968 320.843 337.218 513.593 531.281 555.531 576.593 732.906 842.000 850.718 854.593 859.593 902.562 908.937 920.281 956.937 1105.781 1124.562 1240.687 1306.968 1313.375 1316.375 1368.656 1376.750 1388.250 1435.312 1648.187 1665.250 1684.625 1762.250 1860.875 2755.031 
22.343 187.906 277.343 521.093 524.937 674.093 696.125 808.562 810.437 836.156 947.562 974.312 1014.593 1057.906 1063.875 1197.343 1241.000 1247.000 1337.656 1433.375 1477.406 1512.093 1861.843 2979.531 
21.125 23.750 40.062 60.031 136.187 249.156 257.000 268.656 316.656 429.593 435.781 513.000 573.625 582.156 689.906 731.781 748.437 807.843 815.062 819.687 823.656 835.343 842.781 849.031 859.031 866.437 903.968 907.437 912.031 919.968 938.093 953.031 957.156 968.687 979.562 1012.781 1047.687 1058.093 1098.468 1119.468 1157.187 1241.687 1247.687 1254.781 1307.968 1309.500 1315.312 1323.218 1337.375 1384.875 1431.000 1480.156 1484.187 1518.093 1636.406 1640.687 1684.062 1735.562 1859.468 2270.187 2606.000 2976.562 3344.218 3349.437 
23.375 89.812 188.062 257.156 493.781 513.656 527.281 731.718 741.531 749.531 781.718 787.062 834.781 840.062 850.937 866.468 901.937 950.437 977.000 1056.250 1174.375 1177.031 1217.000 1241.468 1255.406 1308.437 1314.531 1318.875 1341.062 1361.906 1443.531 1479.000 1484.687 1498.593 1532.937 1636.468 1640.656 1741.125 1859.593 3028.812 3033.250 3769.781 3772.750 3943.312 
