27.468 189.312 215.906 272.656 299.031 319.687 356.218 420.968 435.000 642.968 973.843 1283.281 1386.281 1397.312 1482.906 1514.656 1517.281 1582.125 1615.906 1719.906 1951.906 1963.812 2040.906 3334.156 3387.906 
77.687 199.031 313.437 546.750 744.218 894.593 902.218 1049.656 1124.687 1302.687 1372.312 1411.531 1464.843 1468.937 1579.156 1825.093 1908.687 1920.718 1945.468 2447.031 3415.468 
30.875 271.437 277.250 319.250 342.093 363.093 432.281 549.531 902.906 1096.000 1128.781 1466.937 
48.875 53.937 287.218 438.250 1608.875 1718.187 
85.593 101.875 106.375 171.781 181.843 190.343 284.562 288.281 356.406 423.500 432.343 541.656 635.031 641.000 693.312 724.468 750.031 784.781 886.125 894.281 985.812 1102.656 1139.625 1366.875 1558.968 1567.250 1711.781 1718.875 1919.531 1932.687 3976.437 
106.718 171.468 187.187 435.656 545.218 561.031 885.281 895.468 1007.531 1148.218 1370.062 1462.656 1603.406 1943.000 
78.968 171.750 547.687 1094.406 1139.562 1631.750 
884.437 1286.843 1707.062 3121.812 
55.031 635.656 1708.250 
43.750 282.875 695.437 
