58.562 222.562 226.218 251.062 267.687 366.937 395.625 536.812 543.093 558.625 561.406 635.906 648.500 650.781 750.343 817.375 921.031 922.906 973.031 979.562 1103.156 1104.750 1179.031 1289.875 1353.718 1402.125 1406.156 1418.343 1484.312 1487.562 1515.968 1520.437 1800.593 1803.781 1885.593 1909.125 1960.718 2062.968 2129.343 3234.750 3689.781 
26.625 32.062 99.562 101.750 222.281 237.125 373.562 739.781 769.656 931.343 956.625 1026.781 1106.718 1110.218 1650.906 1673.000 1883.687 1901.906 1974.281 2074.218 2121.843 2128.156 3878.937 
62.062 221.343 374.156 413.093 741.406 776.031 920.187 1114.468 1431.781 2149.125 
29.750 92.687 225.125 533.218 854.312 873.031 1489.781 1654.625 1663.750 1877.062 2134.906 
102.031 113.531 271.687 370.593 378.218 535.406 648.656 651.000 701.656 775.156 875.093 920.937 923.968 954.906 979.281 1136.218 1403.750 1446.062 1516.156 1650.687 1658.156 1695.875 1881.750 1918.812 2064.937 2134.656 2166.781 2216.437 
48.343 102.687 156.468 225.625 228.062 373.968 393.156 800.656 825.781 865.343 922.843 1436.281 1516.593 1650.562 2012.781 2190.281 
101.468 133.062 417.468 532.843 577.500 920.906 941.812 1105.687 1112.750 1333.875 1402.218 1651.343 1661.312 
101.843 925.281 1886.781 2063.500 2835.000 3841.062 3841.375 
921.093 1659.375 2132.781 
649.843 652.406 921.531 926.656 
