25.062 32.187 65.500 88.437 97.781 108.312 114.218 176.468 186.875 191.718 194.375 213.375 222.000 231.437 243.656 255.406 324.968 364.687 375.031 441.937 446.937 461.937 470.625 506.250 609.281 612.093 654.625 661.625 754.656 769.343 843.343 854.375 871.718 898.843 918.281 928.312 1022.156 1031.656 1053.625 1084.781 1101.125 1108.281 1115.000 1273.437 1280.093 1285.375 1374.312 1417.687 1430.656 1536.500 1655.500 1659.687 1694.312 1744.968 1748.093 1750.562 1825.375 1836.031 1864.000 2007.500 2025.468 2056.843 2182.531 2206.000 2278.062 2279.968 2285.906 2319.843 2322.968 3566.187 
25.406 27.687 29.250 37.250 51.593 53.906 55.593 77.750 98.156 105.187 189.500 200.593 221.687 234.625 245.281 326.875 328.406 333.281 362.593 374.750 450.250 468.500 473.437 508.937 612.500 615.812 619.750 651.187 655.437 716.437 754.625 756.687 758.812 760.468 835.500 837.250 843.968 864.156 893.593 926.781 953.625 961.125 1007.718 1023.187 1031.468 1068.218 1090.937 1162.281 1275.031 1318.093 1369.625 1379.000 1418.937 1663.343 1690.687 1760.531 1824.781 1826.656 1863.531 1866.562 1906.750 1945.781 1947.750 1992.812 2009.500 2075.718 2282.781 2291.781 
30.812 36.406 51.250 108.406 172.750 186.468 190.406 199.718 224.156 236.937 240.687 320.375 324.906 328.437 349.281 490.843 508.031 614.812 621.343 668.250 717.562 759.093 765.781 792.875 840.343 867.906 901.968 922.968 926.843 952.531 965.843 1001.593 1009.687 1026.218 1086.218 1104.031 1123.187 1134.406 1164.625 1273.468 1275.281 1281.406 1338.187 1370.156 1375.625 1411.187 1532.937 1654.000 1746.093 1748.406 1759.562 1825.750 1870.968 1907.343 1919.656 1947.343 1993.250 2015.875 2033.281 2075.281 2209.875 2280.093 2292.468 
24.343 62.156 93.062 98.593 114.500 191.812 200.437 222.000 239.218 242.000 326.812 452.937 467.125 524.875 613.812 756.187 772.750 794.062 836.468 845.281 856.875 917.500 930.531 955.343 961.343 1006.187 1030.937 1096.312 1274.187 1397.812 1530.375 1616.687 1655.156 1659.218 1664.312 1756.843 1835.093 1864.125 1908.343 1910.937 1920.968 1947.375 1984.000 2000.093 2043.593 2182.812 2189.406 2208.843 2285.375 2288.281 2322.906 2329.718 2334.093 2389.781 
25.812 28.781 43.593 80.531 93.031 100.250 106.906 182.781 188.468 194.156 200.312 226.656 300.062 329.875 361.250 382.062 441.156 446.593 475.781 516.937 585.937 611.625 618.781 650.062 836.062 845.218 890.968 918.968 923.500 934.625 1006.312 1021.593 1086.031 1369.312 1371.812 1382.125 1653.656 1668.187 1745.281 1751.781 1824.875 1831.031 1863.375 1867.750 1910.593 1992.937 2003.500 2041.437 2182.718 2191.750 2318.843 2321.718 2439.375 2444.218 2592.843 3188.468 
27.125 30.593 53.687 97.875 105.250 215.125 235.906 246.031 326.468 330.031 333.437 342.156 378.406 428.843 437.156 470.750 497.968 520.312 611.500 623.812 886.062 918.875 927.937 932.718 971.750 995.218 1058.843 1088.406 1095.656 1119.031 1213.343 1273.093 1335.875 1370.218 1379.093 1396.156 1423.656 1615.500 1744.937 1758.906 1829.375 1869.937 1898.375 1908.406 1993.343 2027.750 2183.781 2278.843 2285.437 2287.625 2291.468 2316.968 2602.062 3501.125 3504.906 
50.937 55.406 79.937 93.031 99.812 104.250 224.187 243.281 323.750 352.437 363.968 378.437 470.093 490.000 514.968 607.312 610.593 614.468 672.656 752.531 755.843 767.093 791.718 835.156 838.187 897.187 926.375 929.906 966.937 996.500 1002.281 1023.062 1052.781 1086.250 1094.031 1242.500 1272.062 1374.625 1378.906 1399.468 1408.281 1472.406 1655.281 1659.062 1711.781 1744.750 1752.781 1762.781 1785.000 1825.281 2046.031 2181.656 2220.156 2285.750 2313.437 2329.968 2332.968 2447.218 
30.156 33.562 58.156 87.125 113.906 186.718 191.750 241.218 244.281 385.531 572.687 613.093 626.875 756.656 768.093 845.687 892.156 922.187 1086.281 1102.031 1110.843 1157.906 1288.437 1369.218 1400.093 1411.250 1662.156 1677.281 1700.531 1774.968 1825.031 1837.093 1907.593 1910.312 1929.156 2000.093 2009.218 2031.562 2182.562 2303.906 2414.500 
25.531 50.375 54.312 81.531 109.687 197.843 222.625 325.718 338.562 356.937 372.406 375.968 422.125 462.593 466.812 514.250 609.437 612.875 648.218 650.781 755.187 756.843 761.531 847.562 922.937 1007.968 1053.937 1087.562 1098.031 1136.625 1374.281 1665.781 1747.000 1798.593 1826.625 1991.125 2278.781 2285.468 2314.593 2324.593 2442.437 3010.343 
28.000 56.937 104.968 107.593 177.875 194.656 202.718 231.906 246.250 250.250 321.375 440.156 465.906 598.062 608.875 612.937 653.843 763.937 799.687 849.406 916.593 950.750 1002.343 1008.593 1111.812 1242.718 1281.218 1369.093 1374.468 1380.437 1383.781 1404.625 1409.781 1432.875 1655.968 1660.562 1690.218 1747.437 1834.500 1867.812 1896.281 2008.093 2033.312 2290.437 2319.718 2332.093 2362.906 
