90.031 158.437 284.156 330.968 539.093 563.843 670.656 883.937 884.562 952.531 1038.468 1227.468 1247.468 1465.750 1921.406 1930.656 1961.812 1977.781 2039.750 2065.125 
40.781 283.687 308.218 341.437 380.968 433.968 519.281 736.625 892.656 937.625 1008.250 1043.062 1064.593 1068.375 1155.375 1291.812 1347.468 1389.625 1449.343 1457.937 1702.250 1706.156 1734.625 1755.031 1765.062 1894.281 1895.250 1912.968 1935.531 2047.062 2233.343 2251.593 2268.843 2321.156 
33.812 61.437 306.093 376.968 514.531 516.187 711.125 1152.781 1164.343 1729.968 1977.937 1993.750 1996.281 
61.656 316.406 327.500 363.093 452.062 546.281 650.750 1295.562 1345.843 1437.500 1569.468 1633.343 1650.812 1702.656 1755.218 1759.000 1769.406 1878.031 1909.843 2061.687 2177.250 2230.437 2313.531 3412.812 
40.843 61.750 71.750 185.656 340.562 373.500 792.718 851.781 1028.312 1040.406 1135.031 1175.437 1291.875 1406.062 1640.406 1650.250 2267.250 
-336.844 358.781 384.281 711.312 1068.218 1110.312 1234.843 1303.593 1384.937 1397.437 1449.468 1704.687 1810.781 1812.875 1863.781 1880.312 1978.781 2118.343 2140.718 2229.531 2274.750 
32.656 44.625 76.906 187.031 433.031 537.375 643.968 801.875 808.312 934.000 1054.625 1159.718 1184.781 1302.656 1446.343 1682.343 1704.281 1746.468 1920.593 1938.968 1964.562 1974.468 
40.656 644.968 886.500 1292.812 1338.937 1937.000 2126.625 
35.031 62.250 77.781 187.812 308.281 646.281 710.937 853.968 897.937 1064.968 1156.750 1448.343 1457.968 1950.218 1977.750 2082.468 2313.156 3474.843 
45.500 99.312 183.906 187.062 190.000 890.937 929.156 1007.156 1031.718 1043.250 1154.968 1215.781 1293.312 1297.000 1318.593 1337.593 1437.343 1448.218 1604.406 1704.656 1705.750 1769.250 1809.906 1816.406 1819.812 1949.437 1976.781 2042.500 2044.156 2083.218 2266.625 2299.187 2300.437 
