38.281 55.312 74.500 309.812 313.531 328.687 343.718 399.250 408.937 533.625 533.968 567.468 655.593 897.500 921.125 956.156 957.156 1278.406 1356.687 1496.000 1533.687 1638.562 1648.250 2107.781 
35.750 43.375 45.656 46.093 358.500 401.781 403.218 492.625 504.750 673.281 739.187 868.156 931.781 976.843 1002.875 1358.781 1391.562 1522.250 1531.562 2077.312 2090.375 2406.187 3614.281 
359.468 360.593 515.562 528.406 697.187 900.187 901.843 934.625 954.218 1006.093 1278.375 1720.843 1839.968 1907.843 2013.375 2086.281 2099.062 2102.906 2110.531 
345.375 528.000 906.000 910.281 1025.093 1316.250 1496.156 1723.937 2044.031 2149.125 
34.531 40.781 406.218 406.406 657.687 1003.812 1005.562 1075.156 1187.593 1224.000 1314.250 1380.843 1456.156 1457.593 1498.125 1776.187 1875.937 2021.000 2102.593 2105.937 2122.406 
68.937 532.281 534.187 657.968 943.593 1324.031 1722.406 1905.000 2057.156 2118.781 
368.812 471.625 660.031 662.093 678.093 900.843 1507.250 2098.906 
34.156 706.093 1037.406 1896.843 1954.468 2081.125 
161.062 344.593 930.343 952.500 953.375 1032.531 1077.156 1091.687 1377.781 1467.156 1721.250 2044.500 2112.625 2130.468 
-1745.375 190.968 191.312 357.312 407.468 407.843 533.156 533.875 535.062 590.781 754.343 922.031 1002.687 1038.750 1386.281 1530.906 1532.312 1638.968 1836.531 1837.875 1845.687 
