39.562 39.781 65.156 212.812 339.250 446.718 530.062 561.875 664.156 1002.187 1089.500 1331.781 1432.093 1468.156 1488.937 1533.500 1535.625 1779.000 1901.375 1911.062 
22.718 41.000 49.187 102.156 166.875 188.562 219.000 314.718 350.125 468.593 537.250 615.593 669.968 710.656 762.968 792.031 793.343 1001.968 1047.281 1048.250 1213.156 1313.187 1329.875 1364.500 1950.687 1951.250 
50.781 66.125 107.312 390.000 428.843 446.656 536.937 538.125 706.843 1249.281 1312.437 1613.343 
114.718 210.000 308.125 737.781 1099.781 1308.843 1433.031 1440.750 1536.062 1681.156 1738.875 
40.593 271.843 447.375 459.406 554.812 555.218 794.375 842.062 1125.843 1227.218 1236.750 1311.625 1943.968 
169.312 213.406 243.437 315.250 404.843 537.343 687.312 1026.187 1026.562 1098.000 1186.656 1250.125 1310.125 1331.593 1366.312 1379.125 1395.937 1682.875 1814.343 
65.875 114.687 208.781 389.468 743.156 1231.281 1506.218 
13.593 51.937 52.281 169.343 204.843 209.937 262.781 487.875 793.187 1026.937 1631.281 
49.843 108.906 245.343 272.781 487.718 501.625 929.562 1026.937 1125.031 1435.437 1569.281 1772.375 1853.562 
51.218 168.625 244.062 315.718 367.375 942.375 1079.500 1273.093 1313.625 1332.531 1435.843 1470.281 1509.250 1509.531 1624.031 1741.625 1905.156 1948.062 
