283.625 368.781 428.031 464.250 503.250 809.562 833.281 1005.718 1342.406 1355.093 1361.093 1381.656 1394.781 1396.093 1399.718 1406.531 1907.500 1914.593 1929.500 1987.156 
174.875 361.218 534.812 538.562 771.562 795.968 797.250 1056.375 1343.156 1367.125 1368.781 1390.500 1395.625 1401.000 1404.375 1408.125 1410.031 1772.375 1777.031 1791.250 1796.875 1912.250 1914.250 
130.687 149.406 191.312 343.968 361.218 752.468 1019.656 1148.968 1351.531 1362.562 1365.843 1379.062 1404.562 1408.250 1777.062 1785.312 1796.218 1818.656 
130.093 164.906 278.968 369.062 660.843 756.343 980.687 1362.593 1366.125 1369.062 1371.718 1373.156 1378.031 1394.781 1397.843 1398.656 1775.906 1791.468 1915.312 
161.687 170.875 354.250 361.406 987.687 1213.343 1231.906 1349.718 1366.093 1374.906 1386.437 1392.843 1398.406 1413.937 1419.000 1491.968 1768.843 1770.125 1902.156 2059.468 
87.187 352.281 362.937 364.656 502.000 505.500 671.593 883.718 987.250 1105.781 1106.843 1113.531 1222.312 1225.593 1356.531 1376.500 1392.468 1772.218 1782.156 1790.843 1918.468 
129.906 138.750 343.812 366.593 452.656 469.187 683.812 1137.281 1217.687 1378.593 1408.375 1410.031 1502.406 1746.968 1774.593 1788.531 1916.437 1917.937 
131.281 181.343 190.187 309.031 363.218 1146.281 1151.500 1382.718 1385.125 1392.625 1404.625 1414.406 1492.968 1701.593 1775.031 1787.093 1787.718 1788.906 1801.750 1970.531 
173.437 474.656 889.750 998.906 1032.906 1117.312 1151.750 1221.781 1229.875 1353.218 1368.250 1368.812 1426.625 1673.156 1781.312 1784.687 1792.906 1915.062 
27.218 151.750 372.375 479.968 540.937 660.218 787.968 790.906 793.375 1134.968 1237.281 1365.812 1371.093 1392.000 1397.593 1411.906 1414.562 1708.968 1736.718 1753.343 1778.312 1908.937 
