16.593 17.843 18.531 20.000 23.281 52.437 54.718 54.968 56.593 62.625 64.281 74.281 75.062 75.250 76.312 77.750 77.812 92.093 92.281 105.875 113.906 118.937 132.812 179.812 213.062 214.687 219.093 235.625 272.343 272.968 306.500 307.250 310.656 313.250 370.937 372.218 407.718 420.875 450.718 457.968 470.687 472.000 543.406 585.281 693.437 721.000 722.562 730.718 753.843 865.000 892.093 896.312 981.062 1036.000 1051.218 1052.031 1085.718 1161.343 1187.656 1289.187 1328.187 1427.375 1440.218 1465.437 1494.062 1632.312 1807.687 1851.687 1915.562 1951.968 1970.031 1974.031 1996.812 
16.906 19.500 23.843 27.437 27.875 33.187 39.562 48.718 55.187 55.875 64.875 74.312 106.812 146.875 155.031 158.468 174.906 180.218 180.937 186.500 195.250 201.562 213.156 214.875 215.687 216.937 234.937 252.718 313.750 406.156 408.531 444.937 448.656 454.031 470.312 470.875 541.312 652.750 720.843 722.750 805.093 865.187 865.906 871.625 954.937 1015.625 1057.437 1090.906 1097.812 1172.625 1238.843 1328.093 1329.031 1400.093 1442.312 1467.531 1547.031 1671.437 1697.000 1721.187 1861.531 1968.468 
16.125 17.562 21.406 22.625 23.718 24.406 38.625 39.781 48.718 57.937 76.187 76.687 106.906 156.125 165.281 179.000 204.937 206.812 208.031 214.343 215.875 216.250 221.906 233.125 260.468 298.843 309.812 396.812 406.812 408.562 420.562 455.750 470.187 471.437 473.125 499.250 501.781 506.656 508.218 669.656 673.000 808.468 871.687 891.687 893.437 900.937 918.343 946.062 990.250 1046.312 1100.312 1140.718 1328.718 1351.187 1362.250 1383.843 1401.000 1440.531 1468.343 1560.062 1562.343 1566.281 1594.000 1631.812 1720.375 1734.218 1808.187 1976.000 1976.781 1997.093 
15.875 16.343 17.531 18.312 21.562 23.093 28.562 28.968 33.343 33.968 39.906 52.875 54.000 54.187 62.718 63.468 63.656 64.156 64.343 76.656 76.843 94.500 95.500 95.687 96.218 97.093 97.281 127.000 146.718 148.000 157.312 180.312 197.906 206.937 212.781 214.125 216.875 272.000 273.812 285.406 291.125 297.843 305.625 308.968 327.656 396.093 406.906 468.406 469.125 470.281 471.406 478.312 479.625 494.468 498.687 507.687 523.468 540.031 720.281 722.562 724.156 804.937 830.187 892.625 918.500 1019.781 1074.406 1114.750 1193.437 1327.875 1328.687 1363.062 1374.781 1402.218 1440.687 1509.562 1544.343 1547.968 1638.906 1658.812 1719.625 1807.750 1918.468 
16.500 16.843 17.531 39.500 56.093 63.937 74.250 99.062 106.656 157.781 189.843 214.125 232.281 233.281 261.593 262.937 272.562 296.968 308.562 310.250 313.593 342.500 379.125 406.500 444.500 457.843 472.687 506.812 600.375 604.593 676.687 748.468 763.531 805.250 807.562 812.031 826.843 847.562 871.875 919.187 955.687 965.562 979.562 983.937 1025.281 1074.093 1074.812 1085.718 1113.812 1122.593 1124.718 1159.625 1231.343 1327.250 1328.093 1361.812 1410.156 1467.531 1531.000 1566.187 1656.000 1659.625 1718.968 1748.531 1827.843 1860.687 1900.062 1920.687 
16.593 19.187 24.281 26.656 33.906 53.906 57.093 127.781 182.031 213.750 214.718 215.687 306.781 307.875 407.031 410.312 500.218 503.031 528.750 537.968 561.937 600.968 608.781 723.062 723.468 741.906 746.468 806.250 808.187 917.062 919.875 980.125 1016.031 1026.125 1143.312 1176.093 1193.500 1232.812 1238.656 1328.218 1361.218 1440.562 1462.843 1466.781 1557.593 1631.875 1718.750 1720.562 1745.750 1816.156 1984.375 
16.625 17.812 22.875 23.656 39.312 55.437 92.312 97.375 97.687 103.000 161.468 220.156 233.750 234.687 253.125 259.531 305.000 306.062 360.656 379.093 406.468 445.218 467.156 494.812 512.187 542.406 599.375 666.937 696.718 705.531 807.500 810.406 872.031 930.343 1155.437 1220.625 1228.187 1228.781 1271.093 1287.343 1328.312 1362.875 1493.593 1550.000 1567.062 1661.500 1936.312 
18.125 22.406 23.843 24.531 28.750 53.875 56.750 73.625 107.406 127.437 183.437 193.625 213.218 239.406 260.968 306.312 312.718 337.000 357.875 404.937 405.968 455.812 470.812 471.718 477.031 499.718 543.812 562.906 586.125 665.468 846.500 936.968 1074.656 1194.750 1362.968 1375.156 1377.000 1496.562 1617.437 1632.406 1639.062 1659.281 1698.406 1719.250 1790.281 
17.656 21.000 22.687 24.312 24.812 38.656 65.062 74.281 77.156 92.406 105.843 126.843 146.781 159.781 180.562 197.156 214.718 215.875 261.531 378.812 406.500 408.437 445.343 471.000 471.531 471.812 495.406 544.437 723.593 807.343 807.812 829.437 872.875 888.906 892.281 948.125 1114.812 1128.593 1193.250 1199.000 1221.187 1240.062 1317.468 1361.500 1363.968 1374.906 1429.187 1468.312 1495.125 1510.656 1529.406 1632.406 1697.656 1807.531 1809.312 1861.218 1922.468 1952.187 1972.031 1976.593 
23.500 24.062 25.000 29.468 31.093 40.687 114.031 125.906 160.250 194.750 214.500 273.125 395.750 407.218 408.218 409.125 428.062 457.093 507.437 524.343 542.156 588.718 599.656 639.187 653.968 721.343 724.468 761.468 788.625 899.562 1018.968 1078.375 1176.062 1192.562 1237.531 1288.750 1328.937 1361.125 1404.937 1439.343 1443.343 1494.625 1567.375 1787.531 1862.968 1879.593 1942.687 
