23.812 26.656 50.781 54.906 74.031 82.312 83.781 95.593 96.031 104.468 200.656 235.281 249.750 322.156 424.843 465.281 532.781 659.343 681.375 700.031 755.968 766.375 794.906 830.031 1036.593 1084.843 1085.687 1087.000 1270.750 1411.187 1493.375 1512.093 1591.781 1822.468 1880.656 
26.062 53.218 75.312 78.187 161.437 199.875 200.406 200.906 203.500 221.968 222.531 322.031 558.375 658.781 681.437 700.125 929.250 1031.031 1084.531 1468.718 1511.812 1553.156 1592.312 1825.343 1930.750 1961.125 
23.500 25.625 50.093 52.031 74.156 74.625 75.187 82.312 84.468 120.843 160.656 161.343 190.500 234.687 286.250 344.781 424.750 491.406 574.218 637.250 683.500 699.812 700.312 826.437 873.468 991.781 1057.406 1084.500 1085.781 1101.375 1129.875 1203.406 1270.187 1379.031 1492.781 1511.625 1535.968 1554.625 1749.000 1993.468 
53.625 75.843 85.281 201.500 201.843 348.406 424.718 492.687 523.906 533.218 681.531 961.375 1088.968 1271.250 1591.968 1717.937 1720.437 
55.468 97.250 165.187 200.656 201.218 245.968 491.343 574.343 655.625 681.125 689.968 699.937 831.593 960.781 1090.437 1131.593 1592.375 1826.125 
25.156 52.125 53.562 96.000 160.781 161.687 200.781 203.406 297.937 428.718 526.218 690.156 699.687 1058.000 1059.718 1271.093 1271.750 1471.750 1591.687 1620.156 1750.187 1826.250 1858.593 1931.343 
76.250 84.687 161.875 192.062 238.875 301.562 322.093 491.062 681.656 684.625 794.437 826.437 869.562 961.125 989.937 1085.781 1189.593 
31.625 97.062 140.062 160.937 200.375 202.062 203.593 248.312 297.531 321.531 347.718 491.906 532.812 699.250 699.906 871.406 930.281 1085.812 1134.281 1190.125 1191.375 1206.531 1271.718 1469.468 1513.312 1592.000 1618.968 1694.312 1822.031 
57.000 161.218 200.281 247.656 321.312 322.062 348.437 424.781 427.968 456.843 527.593 532.062 681.093 681.750 699.312 961.468 1036.625 1229.218 1271.406 1350.531 1351.375 1467.687 1494.250 1616.718 1628.937 1721.093 1930.906 
53.250 160.968 200.625 204.312 225.281 247.500 296.343 322.375 347.843 492.437 525.500 685.000 697.437 699.781 764.156 961.031 1037.687 1134.937 1272.812 1566.843 1718.343 1719.562 1858.156 
