33.000 57.500 96.437 102.187 127.968 152.812 178.062 212.343 354.218 388.343 755.343 808.906 885.156 2200.312 2215.906 2221.843 2227.312 2418.593 2661.906 2700.343 2895.812 3108.750 3178.093 3336.406 3582.375 3839.312 
25.625 75.562 130.625 149.968 670.781 1050.125 1061.281 1457.625 2075.812 2208.062 2737.000 2751.593 2800.625 2893.343 2919.687 2953.625 2969.187 3172.812 3576.500 3865.156 
18.125 59.343 125.375 140.750 212.250 1288.218 1413.562 1434.343 1867.906 2191.593 2213.656 2275.625 2284.468 2807.156 3237.531 3287.718 3311.218 3413.218 3419.000 3426.125 3438.375 3442.718 3899.437 3974.750 
94.968 152.593 270.125 725.375 1133.062 1200.437 1274.875 1664.531 1823.437 1831.156 1848.218 2359.562 2611.125 2795.875 2809.281 2849.312 3116.343 3119.843 3275.187 3288.937 
66.593 84.406 87.375 129.250 198.281 482.875 626.218 700.000 1404.437 2208.937 2233.718 2400.406 3139.375 3188.625 3708.343 3751.656 3770.500 
30.250 88.187 147.031 161.343 1031.875 1062.625 2664.781 2696.656 2705.812 2790.562 3283.562 3305.250 3334.750 3403.187 3979.218 
27.750 106.875 347.406 2388.593 2896.843 2906.562 2929.125 2934.562 2944.156 3573.625 3624.687 3647.500 3649.406 3710.750 3814.937 
81.437 267.500 2065.187 2080.468 2388.375 2711.718 2808.281 2930.812 3049.750 3057.375 3144.562 3305.968 3969.687 
3037.187 3739.750 3756.625 
170.968 1165.000 2155.843 2407.218 2523.843 3272.781 3320.218 3977.906 
