34.531 59.781 74.312 186.531 242.093 296.750 347.531 508.000 589.125 632.375 1036.906 1119.531 1145.562 1545.437 1614.187 2354.687 2373.687 3373.531 3494.343 3496.468 3895.156 3944.125 
13.375 21.468 34.156 63.218 68.812 326.312 347.687 399.312 595.000 613.468 663.562 1028.687 1188.531 1287.625 1649.687 1930.250 2681.250 2944.312 3068.875 3104.437 3112.375 3304.500 3311.500 3437.000 3598.437 
39.250 62.187 65.062 71.437 86.000 94.875 116.000 192.343 300.781 512.718 556.406 644.781 734.906 760.750 1062.968 1081.406 1102.125 1113.781 1121.625 1298.437 1301.531 1309.218 1315.031 1615.031 1678.781 1682.281 2020.250 2042.218 2228.750 2261.812 2281.375 2321.843 2478.562 2852.562 2876.937 3714.468 3758.218 3805.875 3823.437 3857.937 3868.000 
53.156 72.656 301.437 361.500 385.718 840.750 1067.812 1112.625 1748.562 2063.187 2066.343 3182.156 3191.156 3578.906 3601.250 3800.125 
1295.031 1665.062 2048.156 2065.843 2079.687 2084.156 2138.843 2177.656 2767.937 2778.687 3036.562 3041.218 3164.562 3185.062 3450.968 3484.343 3513.437 3681.750 3693.468 3702.281 3707.750 
24.531 352.281 650.968 1530.125 1612.437 1638.343 2077.437 2101.281 2218.093 2259.406 2466.062 2611.437 2664.187 3510.406 3588.437 
23.218 293.343 1554.843 2049.656 2087.687 2098.187 2135.343 2146.218 2356.062 2385.187 3092.000 3117.312 3484.218 3492.343 3543.843 3636.156 
39.656 218.437 358.468 2090.062 2116.156 2466.437 2482.625 3545.750 3611.593 3627.718 3962.500 
65.593 652.531 653.968 678.187 2055.906 2061.406 2088.406 2138.031 2486.875 3322.312 3789.687 
0.062 675.437 1108.562 1608.375 2365.750 3098.468 3517.781 3524.031 3538.281 3571.750 3862.062 
