22.687 24.937 27.500 30.937 84.781 85.187 88.687 96.625 135.781 745.218 750.968 753.812 763.187 1054.875 1057.718 1185.000 1347.781 1429.468 1488.343 1554.656 1914.500 2634.562 3306.750 3308.687 3605.812 3610.562 3622.375 
22.781 24.750 27.687 36.031 92.687 116.375 382.125 628.562 930.968 943.937 945.781 1051.187 1181.187 1428.312 1494.281 2729.250 2731.000 2779.187 2800.218 2808.500 2819.312 2833.718 3487.093 
13.625 22.437 27.093 308.531 311.875 505.968 865.906 1173.281 1180.875 1200.968 1255.187 1346.250 1349.156 1686.187 1689.750 2697.656 2700.906 2783.468 2930.625 3238.531 3245.156 3422.343 3684.437 3685.968 3763.843 3766.593 
7.468 9.531 11.687 44.781 82.250 86.375 128.718 146.562 185.437 274.718 784.937 822.562 825.343 1051.781 1134.343 1349.468 1497.281 1703.250 1782.500 2174.125 3042.468 3048.562 3049.656 3234.687 3244.843 3789.500 3790.781 3793.250 3794.437 
25.218 27.375 70.687 71.156 108.156 140.062 155.937 159.656 247.218 818.031 1148.656 1349.656 1397.437 2314.500 2320.593 2860.062 2868.843 3053.906 3061.250 3465.656 3510.281 3519.531 3798.281 
23.156 25.312 27.281 50.000 159.781 161.125 285.562 291.562 821.593 1009.281 1192.375 1428.000 1468.156 1473.031 3086.468 3182.437 3220.812 3278.656 3284.187 3286.562 3369.500 3579.125 
22.625 24.656 26.750 41.093 43.531 78.406 101.062 118.468 167.906 171.781 173.687 272.062 358.250 390.250 515.468 817.656 820.656 824.437 1054.687 1128.312 1130.718 1133.281 1182.593 1352.593 1647.937 1900.500 1901.156 2657.937 2672.406 2718.125 2719.500 3467.781 3470.312 3642.281 3644.750 3650.593 3651.406 3772.218 
46.812 76.625 79.531 84.187 86.687 88.781 118.156 128.312 160.468 271.062 449.593 625.750 817.906 1043.093 1267.562 1588.968 1876.312 2011.375 2021.218 2031.093 2602.093 3028.687 3058.593 3066.312 
23.750 26.093 28.468 86.000 89.156 90.750 162.000 223.156 343.656 441.531 467.062 643.437 818.906 823.437 827.281 860.656 951.593 1128.312 1131.812 1841.250 2024.312 2263.281 2771.750 2776.625 3009.968 3265.156 3354.812 3362.000 3748.781 3750.937 3870.406 3882.468 
23.187 83.500 85.531 86.875 112.312 161.937 164.250 403.062 817.125 854.906 969.500 977.875 1033.093 1036.343 1129.812 1971.187 2534.937 2601.656 2956.656 2964.781 2969.656 3332.406 3338.031 3627.468 3631.437 3636.906 
