59.156 150.718 154.875 236.906 579.031 669.375 843.000 954.031 957.250 1039.375 1176.437 1379.062 1648.656 3827.281 
40.125 47.312 153.281 583.218 835.281 1475.625 2115.500 2116.000 2204.718 2228.312 3810.312 
40.437 41.843 70.406 94.093 235.562 236.906 237.437 367.968 403.437 578.250 843.562 847.000 956.468 1038.468 1038.750 1171.687 1474.656 1733.500 1859.031 1864.062 3933.218 3938.343 
-891.907 44.812 93.875 161.093 221.343 237.593 246.156 372.781 574.281 579.031 619.625 956.968 1045.812 1172.812 1183.281 1380.812 1734.656 
47.125 150.375 207.093 237.812 364.187 1040.031 1040.968 1381.343 1390.812 1448.156 1476.687 1477.843 1640.437 3186.687 
-1750.000 -1137.032 34.656 44.468 46.531 71.875 96.812 149.375 150.500 201.093 210.843 236.687 293.281 505.593 506.031 617.687 956.875 1380.562 1638.250 1639.187 1681.875 1683.406 1768.906 1859.000 3003.343 
41.062 42.750 48.187 189.468 222.437 241.406 369.218 709.843 905.187 1038.343 1193.281 1386.687 1519.343 1733.187 1736.000 1773.968 
-81.344 -73.313 34.437 42.843 75.312 150.000 153.843 155.031 211.218 363.375 577.937 616.656 617.187 707.593 1386.843 1425.031 1516.718 1641.468 1768.656 1771.250 1803.468 2068.562 2112.093 2175.062 
-549.094 40.343 44.750 52.031 58.906 154.187 367.625 370.500 954.593 1170.875 1315.000 1484.312 1516.968 1640.468 1642.656 1647.000 1728.500 1732.968 1766.687 2209.218 3121.375 
-855.125 -280.063 35.437 54.125 68.906 73.031 84.500 95.937 149.812 150.218 150.468 150.656 189.593 234.281 368.031 369.812 374.156 852.968 890.406 1037.187 1107.687 1179.062 1295.000 1384.750 1430.656 1516.000 1518.750 1639.281 1641.656 1642.343 1684.468 1766.281 1767.000 1767.937 2017.406 2164.656 2204.375 2208.250 2209.062 
