32.625 58.187 585.593 686.156 846.375 1427.718 2123.812 2220.875 
31.781 34.281 361.531 478.531 684.125 984.218 1392.625 1460.031 1750.593 2019.031 3068.750 
32.843 56.156 364.875 493.687 519.125 582.562 584.437 683.250 1232.468 1233.062 1234.281 1461.781 1855.406 2004.718 3166.687 
-1834.875 -788.094 31.437 41.125 56.125 61.906 156.656 477.531 484.312 486.406 585.656 848.906 1421.968 2200.281 2225.468 
-1302.813 -1157.313 33.187 55.250 59.562 682.562 845.531 846.750 1175.125 1233.187 
-1899.157 -1670.813 -1007.032 -694.907 -607.782 21.218 32.500 170.687 433.750 488.031 493.406 583.062 583.875 597.750 745.125 1097.718 2204.656 
-1814.375 -1028.282 -23.344 222.593 362.375 476.875 946.125 988.500 1716.031 2223.531 3062.500 
-747.250 -352.782 32.625 56.781 104.843 681.812 846.468 
-1679.438 -1371.250 -900.844 -591.375 -377.813 -45.563 57.875 254.531 387.843 391.531 476.625 484.812 523.375 582.687 597.687 681.843 682.937 1230.250 1342.937 1604.312 1693.187 1714.031 2233.281 
-1959.063 -1731.500 -1539.344 -1421.125 -1138.688 -953.907 -824.157 -521.125 -328.594 -132.969 32.281 42.718 57.250 91.843 249.062 304.406 388.281 476.687 485.062 1231.500 1231.812 1603.625 1779.593 1796.125 2105.812 2993.406 3448.375 3685.562 
