15.312 19.687 664.062 1461.781 3904.437 
18.312 43.906 137.187 396.687 961.062 982.718 1032.468 1035.625 1380.593 1460.406 
1034.406 1061.343 1729.875 
103.781 310.218 1834.718 3401.875 3402.500 
4.937 18.843 56.375 431.656 1332.531 3024.375 
30.562 45.687 298.218 1646.593 1729.781 
489.031 737.093 870.937 1192.781 1925.093 
36.000 184.000 871.781 873.031 1216.468 1280.218 1336.062 1721.593 2960.343 3514.875 
27.312 208.375 1072.031 1106.062 1643.062 1799.718 2386.187 3590.656 
19.281 287.062 314.656 880.468 1036.531 1232.125 
