17.812 28.375 35.468 49.500 54.031 64.781 83.906 95.218 202.937 213.156 230.750 257.343 368.218 430.343 455.093 464.093 473.218 543.031 548.031 604.625 666.156 842.968 865.781 963.500 1058.250 1120.187 1205.812 1220.125 1230.437 1249.531 1294.156 1387.281 1471.156 1474.156 1591.687 1751.375 1820.718 1935.593 2458.218 2816.718 2823.750 2846.187 2879.156 3873.343 3881.437 
23.625 26.781 39.500 52.718 72.906 95.687 206.406 234.562 254.312 430.937 461.718 580.781 692.937 802.500 822.781 857.031 862.125 964.343 1100.531 1196.375 1231.281 1307.812 1471.062 1592.187 1658.968 1820.562 1880.687 1955.468 1961.250 1993.031 2175.718 2182.687 2409.781 2606.500 2623.281 3291.125 3603.750 3955.000 3960.000 
17.468 21.718 35.593 54.000 79.843 95.625 116.125 128.281 212.156 227.375 236.593 334.062 344.875 378.656 437.406 452.750 466.593 490.687 572.156 625.656 690.718 857.750 866.093 1059.625 1231.781 1297.156 1378.531 1409.093 1475.375 1593.687 1687.625 1885.500 1958.218 1985.687 2582.906 2586.875 2739.312 2754.406 2758.531 3398.593 3523.062 3539.562 3885.500 3895.750 3910.343 3917.843 3955.062 3964.250 
17.937 21.437 23.750 38.375 52.187 67.968 75.468 95.625 117.281 160.125 230.687 241.218 251.593 319.937 331.531 346.625 381.593 391.125 430.750 439.968 471.218 484.500 531.625 547.656 635.968 693.906 701.031 843.156 858.906 864.468 1058.500 1106.437 1115.312 1299.531 1403.000 1467.281 1474.093 1497.093 1523.343 1595.781 1667.500 1690.531 1714.906 1759.187 1818.312 1940.062 1959.218 1968.156 1991.500 2001.062 2289.468 2309.687 2359.875 2872.437 3012.937 3020.031 3072.656 3076.625 3080.093 3317.687 3358.281 3477.031 3486.687 3489.750 3491.562 3497.437 3761.562 3769.656 
18.343 22.093 30.906 36.625 52.968 56.906 62.406 95.187 128.343 200.687 226.000 235.562 243.281 257.031 338.156 378.875 400.968 412.687 430.218 460.000 475.031 551.750 569.906 691.000 797.281 849.750 866.000 1043.000 1230.531 1294.125 1388.812 1475.531 1595.843 1668.125 1808.218 1819.000 1958.625 2176.281 2225.156 2230.875 2277.125 2286.562 2429.718 2433.281 2606.031 2608.562 2612.375 2650.031 2822.218 2844.312 3351.281 3354.750 3361.062 3403.125 3409.781 
18.500 25.468 49.968 75.531 96.500 116.281 200.312 211.875 239.250 288.250 324.312 431.375 456.187 465.656 475.031 546.625 636.156 742.625 844.625 865.656 951.031 1059.625 1096.750 1125.437 1193.812 1209.750 1294.656 1359.156 1475.937 1524.406 1594.812 1696.312 1773.843 1777.625 1933.125 1962.750 2232.218 2585.687 2602.750 2721.843 2926.062 2932.281 3396.281 3986.750 3989.156 3991.281 
17.125 21.937 27.218 56.468 64.750 82.187 95.187 116.468 128.906 159.875 187.093 209.312 226.937 232.281 238.031 344.406 390.218 422.937 492.000 511.562 529.843 546.937 623.437 637.750 737.625 839.125 856.593 1052.500 1057.437 1119.187 1217.593 1231.156 1297.218 1473.718 1485.718 1596.250 1658.312 1691.843 1695.625 1820.343 1875.187 1933.187 1962.281 2003.968 2045.718 2553.718 2691.250 3494.968 3867.500 3924.593 
16.062 23.281 54.531 73.031 83.937 95.343 127.062 199.656 214.000 226.968 236.156 299.375 321.187 362.593 404.437 430.343 464.312 531.750 605.812 624.250 639.343 661.000 689.843 1047.687 1106.031 1130.875 1227.437 1249.718 1299.968 1403.750 1598.937 1692.375 1696.718 1821.406 1880.343 1966.375 2577.125 2754.968 2763.093 3426.500 3437.906 3467.531 3877.500 
15.343 18.687 22.500 57.281 82.656 95.406 125.718 201.593 231.062 242.687 323.281 350.125 433.281 454.187 462.437 528.781 623.968 737.500 820.500 842.687 860.437 958.937 1059.625 1135.250 1230.062 1293.406 1418.531 1435.750 1456.937 1558.187 1594.468 1658.375 1668.312 1686.593 1756.062 1778.687 1797.375 1819.875 1884.093 1932.250 1940.406 1963.437 1992.687 2677.656 3222.937 3234.093 3919.281 
19.437 53.375 56.562 81.906 95.625 203.093 232.218 237.093 283.000 347.750 369.250 391.531 433.125 454.375 467.218 548.031 571.843 583.718 802.406 856.312 898.750 1051.406 1234.406 1296.750 1357.593 1593.875 1598.968 1630.968 1657.781 1819.375 1954.875 1960.750 1962.812 1993.312 2070.843 2131.531 2142.750 2168.468 2183.093 2195.062 2570.906 2928.968 2992.281 3354.281 3359.843 3366.250 3550.218 
