22.187 24.781 46.218 51.187 70.218 94.562 129.750 132.812 143.750 169.718 200.906 273.468 308.562 312.625 407.812 450.312 472.468 492.656 514.281 599.625 615.031 731.500 771.531 798.781 878.031 970.718 979.281 1027.500 1043.500 1108.906 1131.281 1228.406 1242.062 1284.218 1313.250 1473.781 1477.812 1497.281 1567.437 1606.750 1744.656 1756.125 1853.406 1861.281 1922.500 2181.625 2340.843 2348.593 2432.687 2447.375 2604.218 2607.218 2612.187 2886.000 3009.812 3022.125 
21.656 25.875 41.500 46.312 70.875 109.625 130.375 169.906 307.968 319.656 407.125 479.156 491.968 512.093 604.093 612.656 685.218 784.968 804.125 869.437 902.781 937.375 1063.031 1229.406 1265.968 1402.343 1470.812 1478.593 1485.062 1515.343 1861.500 1921.406 1962.218 2155.437 2160.843 2357.156 2374.562 2981.781 2987.656 2992.000 3021.843 3721.156 3891.687 
22.218 25.187 38.562 41.625 49.531 54.187 172.562 204.031 275.593 314.687 334.031 409.156 449.312 488.343 516.437 556.187 581.750 615.843 622.625 771.375 784.000 903.718 933.562 1190.968 1221.125 1229.875 1264.250 1312.937 1337.218 1398.218 1460.000 1473.718 1538.000 1606.125 1748.750 1853.718 1941.937 1953.500 2276.312 2607.562 2616.718 2989.843 3018.531 3037.718 3354.062 3357.593 3697.187 3732.375 
21.656 25.312 41.718 46.812 93.312 130.531 171.562 176.281 215.031 268.937 275.812 303.750 310.687 318.937 333.875 406.531 410.843 436.906 551.062 580.906 616.250 705.968 781.625 796.531 806.062 814.937 819.500 902.000 945.937 996.531 1022.843 1034.281 1223.312 1230.125 1257.187 1274.875 1399.250 1502.187 1541.156 1756.562 1766.750 1780.062 1915.750 2070.406 2078.906 2197.531 2803.843 2823.531 2845.750 3210.437 3554.437 3572.000 3580.156 3589.875 3594.718 3701.625 3969.718 
7.718 19.031 22.625 45.562 51.281 105.625 132.937 167.968 248.625 274.468 312.406 407.750 493.062 576.968 602.281 621.937 773.468 780.156 875.843 1001.250 1023.093 1032.875 1061.375 1126.000 1235.437 1263.250 1311.281 1322.000 1358.906 1397.968 1404.500 1473.968 1477.750 1568.500 1699.062 1728.687 1756.312 1775.406 1923.218 1953.000 1988.906 2067.812 2108.718 2185.156 2196.468 2214.500 2231.375 2653.875 2779.281 3037.437 3078.187 3080.500 3341.968 3609.062 3615.687 3771.750 3775.687 
21.156 26.062 41.625 46.312 50.125 69.593 94.468 107.781 172.093 273.031 308.625 340.218 407.156 559.093 581.562 601.125 667.718 777.906 835.718 859.250 933.468 944.718 980.625 1030.437 1061.031 1099.125 1132.750 1234.468 1276.906 1295.656 1356.062 1474.281 1505.468 1604.187 1732.937 1755.187 1817.687 1829.468 1859.375 1880.968 1921.343 1954.468 1995.156 2138.500 2149.906 2177.406 2715.375 2773.562 2776.625 2843.937 2972.593 2977.312 3230.750 3400.406 3418.468 3432.843 
22.156 26.125 51.125 95.187 132.875 176.187 224.687 252.218 273.156 308.875 315.187 342.781 406.718 411.781 449.593 512.812 554.406 581.781 607.312 621.093 683.437 716.625 736.500 902.187 912.875 932.468 999.343 1022.750 1108.062 1216.343 1223.781 1313.937 1356.750 1399.750 1406.562 1480.812 1498.906 1698.937 1780.156 1856.125 1864.218 1927.281 1958.312 1988.218 2055.656 2235.656 2452.812 2524.687 2534.625 2626.468 2742.125 2750.593 2777.843 2873.875 3610.062 3851.500 3854.812 3861.375 3894.156 3995.718 
22.343 25.562 41.812 49.968 92.375 108.968 140.468 169.343 175.343 211.468 245.468 273.312 308.312 314.375 342.093 406.750 411.781 426.343 450.468 577.343 581.875 609.687 623.437 684.468 714.125 779.906 797.062 820.406 903.468 991.750 1224.906 1291.687 1314.062 1400.937 1468.906 1480.937 1563.781 1699.656 1727.562 1809.656 1863.312 1921.000 2511.218 2516.781 2522.468 2525.875 2574.718 2582.562 2983.218 2988.937 3248.968 3253.843 3296.593 3300.062 3306.218 3390.281 3661.875 3693.656 
41.312 53.750 74.187 133.500 173.375 206.406 238.687 247.281 254.250 303.750 312.906 409.093 415.281 449.375 462.687 493.875 516.531 533.187 606.343 731.656 770.000 796.218 817.375 840.875 913.656 1034.125 1047.218 1063.500 1130.562 1227.843 1234.593 1368.093 1460.593 1471.781 1516.218 1743.093 1751.593 1756.656 1920.187 1926.343 1941.062 1952.406 1995.000 2036.875 2042.250 2047.218 2138.000 2140.031 2143.812 2279.843 2320.531 2431.531 2472.218 2828.937 2875.656 3172.281 3715.125 
21.875 26.156 45.625 53.031 68.156 94.000 109.062 129.812 171.468 195.437 274.687 283.343 303.625 311.000 315.343 364.812 413.812 476.343 505.750 543.125 556.625 600.437 612.312 682.312 725.781 770.281 820.531 836.750 908.781 935.812 1049.125 1104.500 1216.593 1377.375 1400.531 1443.343 1469.500 1481.375 1507.218 1605.343 1635.562 1662.375 1748.187 1756.656 1861.687 1950.000 1997.656 2247.812 2794.593 3115.125 3126.625 3138.156 3461.468 3719.281 3790.468 3967.093 3973.000 
