71.250 73.875 209.843 310.687 316.218 499.062 500.656 644.156 664.687 669.406 672.406 825.218 1217.343 1274.968 1355.843 1381.218 1406.406 1557.093 1632.937 1659.593 1674.250 1683.906 1733.843 1758.843 1764.562 1881.375 3300.187 
34.937 39.875 68.500 75.437 175.562 180.531 223.593 239.843 264.937 402.093 402.437 643.125 868.750 1032.968 1092.500 1111.156 1358.437 1526.000 1626.531 1656.812 1676.656 1807.781 1811.750 1897.093 1927.375 2346.531 2423.781 2840.500 3797.906 
12.093 34.281 37.750 49.875 77.656 77.906 80.312 177.625 401.437 565.906 667.125 682.937 734.218 776.187 895.343 967.531 1056.312 1215.437 1220.562 1273.437 1319.687 1323.500 1330.718 1384.468 1417.125 1435.093 1436.468 1935.750 3283.531 
42.000 70.687 154.937 314.656 497.093 550.343 665.531 757.156 829.187 894.968 1103.687 1386.000 1463.625 1519.218 1633.093 1672.093 1762.500 1808.000 1928.406 2443.000 3533.468 3937.968 
177.531 452.281 558.750 621.562 623.593 627.812 953.937 1090.250 1102.343 1216.500 1218.156 1496.843 1679.906 1780.656 1806.781 1921.406 1926.875 1931.593 3410.312 
39.718 75.531 175.250 176.968 235.281 337.687 353.781 574.687 645.437 711.906 922.906 984.250 1043.312 1093.656 1136.187 1173.031 1272.031 1322.750 1407.406 1409.812 1601.500 1900.281 1917.437 1931.750 2557.500 
35.593 175.531 213.593 275.812 311.375 401.500 667.000 825.375 832.406 990.343 1103.093 1213.406 1219.093 1630.250 1662.781 1675.500 1805.343 1809.812 1931.312 3145.500 3171.656 
235.718 313.468 474.500 558.875 755.437 858.656 893.843 908.750 1036.250 1103.687 1108.531 1278.593 1384.312 1435.562 1469.250 1888.343 2489.343 
235.875 310.718 312.812 393.156 401.875 788.843 897.125 1270.062 1350.718 1493.218 1499.312 1519.031 1705.937 1805.031 1895.437 1925.687 1928.281 3189.687 3837.500 
37.937 122.593 181.562 312.625 632.468 640.468 643.687 645.937 817.531 828.843 845.468 877.031 997.218 1217.218 1220.187 1438.468 1493.468 1674.718 1753.875 1787.906 1807.062 1810.031 3124.312 3500.937 3821.562 
