105.906 110.031 117.687 126.000 251.531 373.125 393.062 534.906 538.406 572.812 596.812 632.250 717.781 785.656 797.250 843.593 874.406 905.531 1045.281 1084.906 1090.937 1201.031 1203.468 1212.656 1264.343 1306.218 1327.375 1419.187 1455.906 1547.156 1596.250 1608.656 1678.500 1711.531 1875.906 1900.781 1965.968 2000.687 2171.656 2227.687 2274.031 2484.343 2602.593 2633.312 2702.468 2790.781 2831.687 2850.250 2927.500 3063.812 3116.125 3223.281 3286.656 3364.500 3541.687 3654.812 3908.843 
104.000 105.468 109.718 113.187 117.937 242.406 249.906 357.000 372.250 392.125 482.500 486.531 538.312 543.781 596.093 598.687 694.500 697.843 721.218 728.718 957.250 1100.750 1141.375 1184.187 1201.062 1268.156 1272.718 1325.437 1330.062 1426.156 1444.218 1456.531 1538.718 1559.218 1593.687 1641.468 1687.593 1743.500 1804.531 1817.625 1876.656 1898.093 2041.125 2064.937 2375.000 2463.375 2502.531 2625.718 2668.750 2675.875 2785.843 2816.500 3038.000 3108.375 3213.781 3242.906 3310.031 3492.562 3600.500 3644.343 3721.468 
73.968 109.093 115.093 120.375 237.218 252.312 341.250 360.281 386.687 475.562 483.093 533.718 543.875 685.343 689.437 724.218 880.656 926.312 970.531 976.406 1046.031 1069.468 1106.000 1208.250 1286.968 1325.156 1327.812 1350.000 1358.718 1419.312 1422.250 1426.656 1538.406 1617.468 1659.000 1667.125 1733.781 1761.468 1770.718 1822.312 1848.187 1937.750 1972.312 2032.218 2044.281 2072.812 2185.906 2263.843 2293.250 2351.843 2437.968 2455.812 2540.000 2744.875 3025.031 3088.093 3231.156 3289.375 3319.218 3549.437 3684.562 3955.718 
107.125 114.906 194.593 242.156 258.375 365.718 389.593 478.968 502.875 600.750 695.312 730.843 839.718 1044.718 1188.406 1287.718 1325.750 1358.343 1421.562 1564.312 1595.718 1618.062 1629.125 1673.062 1711.250 1726.312 1792.687 1844.875 1868.906 1934.687 1947.593 2041.906 2089.656 2139.125 2214.062 2264.812 2340.187 2373.187 2436.062 2580.656 2866.656 3040.218 3079.312 3266.843 3295.937 3530.062 3615.062 3718.875 3814.156 3955.281 
59.312 110.218 112.593 115.093 123.468 238.562 375.312 398.312 474.843 475.656 479.906 541.843 599.406 689.031 730.781 807.062 912.656 924.656 979.937 1062.875 1079.375 1202.375 1205.812 1326.000 1330.843 1363.156 1453.281 1524.312 1600.156 1646.375 1678.531 1696.187 1789.687 1870.843 1922.718 1945.937 2118.000 2232.187 2298.156 2333.968 2405.187 2435.937 2585.656 2742.500 2827.500 2963.500 2985.281 3231.812 3416.000 3719.968 3767.468 3844.906 
105.062 115.468 124.187 235.625 251.968 362.500 370.312 390.906 395.687 479.875 539.843 543.093 599.906 691.968 699.093 807.406 831.500 846.437 970.937 1078.687 1084.875 1098.531 1117.562 1204.718 1273.625 1324.781 1333.812 1419.312 1422.406 1457.437 1460.187 1472.031 1525.093 1572.406 1646.406 1914.843 2187.687 2252.781 2417.218 3579.718 3985.500 
13.187 110.656 119.375 236.187 239.375 260.343 356.781 380.531 390.843 395.375 475.406 477.031 539.031 600.843 688.968 867.718 907.187 979.250 1088.500 1095.687 1193.468 1202.812 1273.375 1325.500 1329.718 1421.468 1519.968 1530.718 1531.500 1532.875 1583.937 1629.281 1643.843 1791.156 1882.250 2009.937 2094.218 2186.906 2318.250 2731.437 3229.062 3576.625 3766.656 3921.968 
106.750 112.562 238.875 390.156 535.093 687.937 700.187 716.812 725.656 836.718 869.343 1083.718 1204.312 1264.625 1347.781 1679.593 1829.437 1902.906 1940.718 2036.312 2159.187 2320.875 2579.718 2725.968 2800.593 3422.812 3577.968 3762.093 3929.968 
111.781 177.593 364.218 391.125 393.406 479.843 535.593 546.687 631.875 691.812 696.968 830.593 836.093 1085.406 1192.750 1203.468 1324.562 1422.062 1425.187 1523.968 1598.781 1789.093 1885.750 1934.187 1963.875 2150.062 2284.968 3053.500 3292.187 3606.312 3781.875 
110.812 113.312 114.812 239.468 254.500 389.125 392.281 537.468 542.843 598.750 690.250 942.375 1204.562 1315.843 1327.437 1338.718 1417.718 1420.625 1568.437 1589.187 1683.218 1713.406 1751.750 1846.656 1886.843 1954.093 2008.406 2079.906 2102.281 2208.031 2278.343 2340.156 2380.062 2395.656 2454.656 2478.843 2588.187 2613.531 2676.468 2971.593 2979.156 3281.343 3324.281 3556.750 3608.281 
