66.468 78.843 86.812 99.406 121.250 129.312 204.968 212.593 307.000 332.875 384.562 552.625 600.500 621.656 761.750 801.843 920.625 925.718 1075.718 1558.062 1572.437 1622.312 1646.406 1719.437 1776.906 1793.437 1808.375 1853.593 1878.968 1924.500 1971.343 1991.125 2092.000 2116.062 2141.437 2203.968 2235.937 2270.000 2333.281 2431.375 2625.812 2716.406 2776.906 2947.750 2984.781 3102.500 3129.187 3311.593 3411.843 3463.062 3549.468 3677.250 3771.875 3888.625 
78.031 86.562 99.812 119.093 131.625 209.218 309.406 552.562 555.781 563.593 623.625 795.687 800.750 818.156 836.781 924.500 976.218 1166.656 1177.437 1284.687 1493.468 1511.437 1553.031 1605.375 1649.750 1692.843 1705.906 1747.281 1836.562 1850.781 1872.437 1954.875 1981.906 2000.687 2025.968 2137.156 2164.031 2183.437 2232.156 2257.593 2294.156 2406.437 2478.093 2533.187 2681.437 2777.531 2842.437 2883.468 2979.000 3077.093 3247.343 3350.218 3524.000 3707.562 3758.625 
73.062 80.750 98.406 204.468 210.000 307.468 552.218 558.812 748.906 776.000 797.656 823.406 924.968 1167.937 1275.562 1341.843 1464.468 1478.281 1577.468 1647.593 1711.781 1733.937 1778.812 1824.156 1853.187 2003.781 2020.875 2110.687 2186.281 2222.593 2246.031 2305.937 2410.531 2463.593 2584.062 2616.531 2683.375 2757.562 2792.000 2848.562 3102.718 3159.718 3211.250 3291.000 3396.187 3643.906 3746.625 3984.937 
65.281 74.656 80.625 108.625 125.125 139.375 212.406 218.468 264.750 455.281 459.156 554.593 558.750 758.687 832.093 924.781 1108.468 1350.750 1501.718 1527.343 1566.281 1655.437 1673.093 1745.937 1783.375 1820.406 1954.593 2052.250 2148.375 2241.875 2249.968 2271.937 2295.968 2386.343 2415.000 2486.312 2631.968 2684.937 2754.125 2877.187 2888.687 3007.562 3071.218 3112.312 3174.625 3227.625 3323.406 3499.406 3539.750 3581.906 3615.437 3740.937 3808.906 3884.531 3919.406 
69.343 77.781 81.125 86.531 131.125 382.937 549.843 553.875 560.812 800.593 875.312 921.812 1095.125 1276.875 1479.281 1546.562 1569.218 1610.000 1639.906 1661.906 1722.500 1765.468 1796.062 1827.031 1888.000 1968.593 2105.093 2212.843 2277.531 2303.000 2426.000 2502.656 2550.750 2609.968 2697.562 2826.593 2914.468 2944.812 3059.031 3140.218 3182.187 3256.281 3334.375 3408.750 3514.468 3695.625 3786.000 3981.562 
76.062 79.812 95.531 109.593 220.281 269.156 344.968 450.031 560.312 782.281 800.000 915.531 925.375 975.562 987.062 1283.906 1313.906 1474.437 1506.218 1516.031 1544.625 1565.906 1588.187 1619.656 1645.937 1680.750 1740.593 1840.125 1863.656 1913.843 1966.031 2022.500 2055.031 2169.656 2234.875 2336.375 2511.781 2561.187 2608.843 2631.125 2676.937 2808.031 2897.843 3025.468 3098.000 3309.718 3331.375 3403.812 3566.343 3607.187 3744.000 3947.000 
74.937 132.625 204.312 209.343 307.093 555.750 788.156 797.562 802.937 817.437 937.343 1275.468 1369.312 1481.625 1591.531 1666.718 1697.406 1808.968 1841.750 1932.281 2040.343 2100.281 2140.500 2183.375 2257.343 2283.000 2351.437 2381.000 2409.343 2485.750 2542.875 2585.812 2616.218 2971.906 3029.281 3041.375 3097.781 3137.312 3333.375 3437.062 3508.875 3628.843 3871.187 
76.656 81.375 84.937 101.687 207.781 309.093 455.593 560.656 622.500 767.562 803.500 915.843 923.187 1369.218 1495.968 1516.250 1552.312 1617.125 1782.343 1825.906 1858.062 1886.531 1937.031 1987.750 2001.718 2076.875 2159.031 2277.906 2380.875 2398.875 2435.156 2508.093 2594.625 2664.812 2844.656 2888.718 2941.656 2968.437 3007.312 3034.500 3065.375 3158.156 3178.968 3249.812 3317.343 3338.843 3405.250 3447.281 3819.656 3928.656 
67.281 96.937 112.062 131.468 210.031 558.593 620.875 796.187 843.906 925.625 1075.937 1167.156 1272.125 1291.968 1492.625 1543.781 1576.187 1587.218 1638.281 1656.343 1679.125 1721.000 1740.218 1751.218 1776.062 1826.812 1984.406 2149.187 2190.406 2274.125 2322.750 2423.812 2706.406 2752.406 2840.593 2854.750 2904.281 3170.468 3191.718 3240.875 3430.562 3583.656 3747.406 3836.437 
79.625 100.437 113.375 349.906 555.750 928.093 972.281 973.687 1172.531 1345.937 1612.343 1629.750 1688.875 1814.312 1827.531 1934.656 1997.375 2211.125 2240.468 2285.781 2387.937 2440.875 2469.343 2529.937 2806.906 2829.968 2975.281 3114.718 3157.687 3297.406 3582.500 3672.968 3785.906 3911.500 3941.687 
