225.062 243.437 420.312 533.906 539.375 576.218 734.406 981.406 1121.625 1155.593 1612.093 1729.812 1747.781 1840.562 2017.312 
57.406 57.718 731.218 754.468 812.750 817.218 878.281 901.687 1088.656 1389.750 1480.750 1716.406 1758.781 1961.218 2001.406 2007.437 2029.500 
-1128.000 -1063.282 46.875 72.281 397.843 639.406 645.250 653.937 729.906 759.562 847.312 865.843 972.468 991.875 1080.250 1386.531 1509.406 1509.656 1606.312 1832.218 1917.468 1920.468 
48.250 229.406 549.781 645.468 676.718 727.406 752.750 817.781 983.125 1054.437 1382.562 1598.531 1606.750 1657.312 1680.062 1680.375 1840.375 1865.000 1882.343 1890.468 1924.781 1949.937 2028.281 
43.187 251.687 429.062 567.062 652.000 659.093 734.375 819.000 1089.218 1117.406 1127.843 1128.968 1175.031 1498.250 1514.093 1518.937 1526.437 1680.625 1835.031 1949.125 1997.406 2007.250 2799.750 
-1561.813 -1100.250 228.968 600.125 606.781 645.406 651.562 660.093 733.156 879.281 999.687 1024.562 1065.218 1375.843 1512.968 1656.406 1882.593 1961.343 2016.187 
71.250 243.562 405.531 409.875 445.000 545.875 638.968 743.250 815.468 846.968 866.687 881.843 1355.000 1504.125 1613.125 1757.406 1879.781 1921.312 1962.187 3272.281 
-314.938 65.187 252.343 403.781 404.656 422.093 638.437 677.625 733.906 802.656 825.531 920.906 1080.312 1107.937 1148.843 1359.406 1373.468 1484.031 1613.062 2007.968 
228.062 265.062 763.437 833.687 851.437 886.312 1065.250 1148.718 1182.093 1366.062 1496.593 1515.125 1726.406 2017.718 
84.031 237.031 241.687 534.718 600.500 734.343 877.375 1030.343 1377.468 1516.343 1863.781 
