-98.063 66.656 70.250 846.500 1045.750 1189.156 
-1030.000 -831.750 -702.688 41.937 64.250 488.812 490.375 734.812 824.687 1897.843 1900.781 2001.750 2079.968 2112.218 
-1092.438 -729.813 40.406 722.062 940.250 1019.656 1174.968 1339.718 1344.562 1390.875 1720.093 
71.343 81.375 86.312 141.125 307.500 324.687 582.531 694.812 1189.156 1367.250 1369.875 1456.437 1485.375 1881.031 1943.062 2076.531 
-1978.969 -1046.594 -502.500 -450.344 329.031 1080.250 1082.062 1344.500 1352.312 1499.031 1631.250 1733.250 2135.968 2411.562 2556.937 2557.500 
-534.063 34.875 63.812 186.875 391.875 467.343 698.812 716.375 768.093 772.500 778.406 786.750 1458.562 1537.062 1736.406 1777.875 1874.593 1878.187 1903.031 2115.531 
-1487.719 -1081.000 49.593 63.281 125.875 155.343 553.937 565.375 698.250 1011.000 1287.812 1351.531 1385.406 1393.968 1545.281 1788.187 1875.968 2097.843 
34.250 301.875 319.968 546.656 933.937 1048.937 1089.062 1207.000 1486.593 1543.906 1550.562 2001.406 2116.906 2127.531 2137.968 3159.187 
151.812 325.312 397.875 1277.468 1345.156 1352.812 1500.625 1544.906 1901.437 2780.500 3743.250 3754.656 3771.937 3772.937 3835.312 
-1748.969 -1660.938 -1157.500 -1045.875 -68.719 44.281 80.593 302.093 312.843 324.343 365.031 409.468 470.750 700.750 774.937 873.906 1045.343 1250.750 1282.093 1283.468 1484.968 1754.843 1876.875 3046.406 
