40.656 75.718 77.031 103.093 177.031 178.500 286.562 321.937 326.781 350.281 434.906 440.656 481.562 587.625 615.156 851.031 960.750 961.375 1257.031 1398.656 1520.593 1564.562 1736.250 1791.406 1805.750 1937.656 1955.968 3321.531 
14.343 26.531 56.687 101.687 154.093 173.687 177.281 204.531 254.718 255.500 380.281 616.343 759.593 894.187 959.812 1135.437 1256.593 1398.437 1540.906 1719.687 1874.781 1960.937 
15.718 435.281 713.406 714.031 1134.062 1716.437 1847.750 1918.000 
60.125 451.625 515.437 616.125 894.062 1002.906 1156.468 1256.437 
22.312 101.625 492.343 896.187 1076.250 1697.281 
100.718 894.093 911.593 960.218 1956.625 
1076.375 1486.656 1847.406 
17.156 32.781 174.312 176.968 1030.750 1057.687 1956.906 
16.937 17.781 
16.375 17.093 205.781 801.875 1077.218 1660.531 
