-138.188 78.500 111.062 121.312 124.812 420.656 425.812 439.687 598.531 746.375 1020.937 1271.406 1345.250 1379.625 2061.375 3404.000 
-1123.063 -951.563 120.718 418.625 453.093 470.812 607.843 769.406 796.437 797.656 842.968 902.625 1057.875 1095.343 1107.062 1243.062 1250.562 1260.468 1320.500 1380.531 1927.000 
111.125 183.781 429.750 622.343 788.656 846.375 852.750 956.968 1329.593 1360.656 3460.375 
188.781 790.250 811.187 
19.250 68.937 111.625 576.093 629.000 767.031 813.625 897.250 911.656 1269.750 1295.531 1378.687 
215.562 420.562 761.687 795.812 891.843 899.406 1070.250 1241.406 1375.812 
-1842.469 -1452.219 -1267.844 -1085.094 -1051.875 -641.469 -18.094 19.187 32.218 427.968 598.781 774.062 882.187 991.062 998.375 1015.593 1050.625 1113.250 1308.406 1325.812 1375.250 1386.218 2622.656 2741.593 3015.718 3076.000 
-1740.782 -1040.563 -940.750 -914.563 41.906 80.968 92.531 259.531 276.000 302.187 302.375 368.218 408.562 412.187 442.875 459.718 468.093 759.468 819.281 835.250 859.468 868.437 1038.593 1051.687 1059.375 1176.031 1217.593 1235.500 1260.000 1268.843 1325.125 1359.343 1875.750 2035.468 3346.281 3934.968 
-1823.344 -1685.219 -1055.375 -1015.938 -393.813 -134.750 32.343 55.906 61.687 82.375 99.718 110.843 122.343 133.281 274.718 284.500 312.250 549.281 587.500 763.000 811.437 837.062 867.750 949.093 1008.750 1065.687 1116.781 1267.281 1311.906 1338.750 1367.000 2002.562 2173.750 2873.843 3223.468 3442.875 3953.968 
-1135.407 -851.969 7.343 57.250 64.687 74.250 129.093 407.625 411.343 448.312 576.000 598.781 634.062 715.000 736.281 744.312 754.500 765.000 823.968 831.562 831.875 880.281 890.406 914.625 964.781 1031.218 1073.937 1081.281 1090.312 1221.406 1231.406 1285.312 1335.750 1431.875 1858.343 2448.656 3073.937 3390.531 3902.250 
-1173.563 -1070.407 -1041.313 -983.375 -273.375 67.312 89.968 133.531 249.781 279.125 294.718 309.906 403.906 436.125 449.468 459.000 592.093 717.187 754.718 796.375 867.000 886.343 949.750 1107.093 1216.500 1233.718 1290.968 1300.468 1313.843 1330.625 1342.000 1342.281 1358.812 2650.093 2761.625 3187.312 3266.968 3406.781 3783.750 
-1384.250 -1109.688 -704.313 -159.657 20.437 47.656 75.500 77.093 98.218 111.125 128.625 131.468 183.625 259.937 275.218 277.250 288.875 298.187 365.000 431.281 434.312 549.906 565.250 573.718 591.375 607.062 717.281 758.312 1002.281 1020.312 1048.093 1216.281 1223.843 1240.656 1313.906 1329.312 1330.281 1368.625 1381.187 1464.718 2131.406 2230.687 2705.000 3041.218 3231.218 3364.250 
-1672.875 -797.344 -395.657 14.718 27.000 43.343 46.687 77.062 88.562 103.281 111.500 136.687 180.656 235.937 271.843 280.437 286.812 294.750 304.156 314.812 360.750 364.656 369.187 394.187 423.687 443.250 454.562 457.750 464.250 572.750 577.468 597.968 614.437 628.625 631.687 715.937 737.500 739.968 746.156 762.906 764.843 798.375 810.468 852.906 864.406 878.281 892.968 902.562 906.250 976.875 995.031 1002.781 1034.343 1049.937 1071.468 1076.500 1079.250 1093.812 1104.156 1119.031 1217.750 1254.531 1259.375 1266.562 1269.937 1284.156 1286.093 1286.625 1310.187 1314.218 1326.656 1360.218 1363.906 1365.375 1377.156 1386.343 2110.062 2676.750 2776.875 3110.656 
-1531.313 -1480.844 -1270.844 -1242.219 -915.594 -833.407 -698.938 -589.250 -139.313 5.687 14.937 55.687 65.062 80.218 82.437 110.625 111.437 113.281 250.656 260.093 272.187 274.187 277.781 298.343 302.812 312.000 362.562 412.437 433.593 443.812 468.843 560.593 575.250 578.562 586.093 589.562 594.968 605.718 618.875 622.343 624.281 628.500 685.593 733.781 736.000 760.937 785.031 796.593 813.156 825.593 835.468 858.062 868.718 880.281 894.937 906.968 998.406 1001.906 1025.687 1027.343 1051.750 1068.312 1079.593 1079.906 1111.812 1216.125 1218.187 1301.718 1311.250 1317.812 1341.937 1351.437 1377.593 1386.593 1397.593 1584.250 1703.781 2073.093 2428.968 2646.187 2757.406 3311.250 3872.843 3969.687 
