-190.907 33.531 70.968 316.031 320.281 409.093 642.937 683.093 693.562 742.468 900.812 916.031 927.656 935.187 972.531 1025.937 1097.000 1133.406 1283.125 1517.437 1535.593 1550.031 1869.062 1949.437 2053.593 2059.062 3826.468 
-73.500 69.500 177.156 208.687 281.125 593.906 623.687 692.906 914.000 1030.406 1121.312 1444.093 1476.625 1726.062 1733.093 1786.562 1950.218 
-878.407 62.500 98.187 470.812 626.250 695.625 705.187 738.281 971.156 1461.437 2038.250 
96.625 190.437 646.625 956.406 963.000 995.125 1084.093 1097.281 1288.968 1714.187 1854.156 2039.437 
80.187 174.093 212.125 306.343 339.531 563.656 750.500 767.937 906.968 945.406 1363.781 1372.718 1500.906 1569.468 1790.843 1813.937 
35.000 91.593 174.906 324.968 341.250 535.281 813.531 925.093 1346.343 1500.718 1528.781 1567.718 1580.718 1867.781 1921.031 2841.937 
-1824.969 46.312 55.937 69.531 81.406 86.406 190.375 212.531 279.000 279.906 309.468 341.406 415.593 452.093 464.125 548.375 714.406 732.562 765.750 770.125 858.218 875.250 932.406 982.343 1049.375 1064.031 1075.312 1149.343 1349.312 1380.375 1513.125 1541.718 1553.031 1582.750 1616.093 1765.031 1853.812 1870.281 1975.562 2042.125 2593.093 3308.437 3983.656 
-937.125 64.812 80.218 180.093 188.843 289.187 423.531 701.781 806.250 1064.375 1080.406 1389.187 1400.906 1551.468 1706.187 1726.281 1863.562 1905.875 1940.531 2022.781 2040.031 2063.625 2731.625 2872.593 2889.500 2964.000 3356.906 3873.718 
-1120.313 -125.438 -74.969 -29.188 37.093 191.312 266.718 304.281 314.187 437.468 565.531 570.812 573.000 580.187 696.781 737.312 879.656 896.937 937.656 941.000 964.281 980.062 987.875 1070.562 1079.937 1141.656 1163.656 1354.000 1370.906 1507.562 1580.687 1604.875 1721.562 1756.937 1807.281 1823.593 1871.062 1904.437 1912.843 1921.125 2980.531 
-1389.313 -1139.657 36.500 50.312 61.062 94.437 166.375 169.812 204.812 267.187 280.218 300.625 448.781 457.906 560.687 621.093 627.281 636.125 638.125 682.125 692.000 737.562 791.125 810.468 881.625 895.218 910.531 957.531 961.781 969.968 973.718 993.687 1010.906 1028.437 1061.531 1109.937 1115.625 1127.250 1144.125 1362.312 1386.656 1455.687 1461.156 1470.375 1483.812 1556.562 1560.875 1577.687 1603.250 1638.687 1720.000 1745.718 1853.250 1865.468 1880.125 2019.625 3327.968 3660.937 
-1989.063 -1763.094 -1332.157 -765.282 -356.188 51.812 218.531 265.031 279.750 325.281 418.781 522.937 577.906 578.687 632.031 684.812 740.625 758.125 768.906 779.375 894.531 902.156 907.031 963.656 966.468 968.562 1035.312 1052.343 1085.468 1361.125 1565.062 1569.531 1608.156 1611.062 1826.656 1912.093 1940.250 1944.781 1945.156 1985.437 2035.593 2578.468 2735.750 3500.281 
-1887.344 -1149.125 -918.282 -835.969 30.593 33.250 59.343 66.750 68.343 83.718 88.093 93.875 97.625 167.562 194.968 262.187 267.312 288.750 321.343 324.593 335.031 352.250 536.375 551.218 566.718 661.750 740.687 750.843 752.875 758.281 771.343 795.593 883.843 900.343 907.781 928.687 967.312 985.906 1007.593 1030.687 1041.187 1054.312 1057.687 1080.468 1114.937 1128.531 1143.812 1237.750 1274.343 1294.750 1358.250 1368.625 1375.781 1383.343 1391.250 1446.312 1479.750 1509.250 1575.562 1600.000 1710.000 1736.406 1750.218 1760.031 1785.031 1791.156 1795.812 1818.125 1829.312 1840.406 1841.843 1844.406 1849.937 1884.531 1913.781 1933.500 1935.468 1954.187 1958.062 1984.937 2014.062 2037.843 2039.343 2062.500 3284.875 3517.187 
-1540.813 -786.500 -531.219 -530.094 -373.469 -324.032 -176.813 -43.125 -14.313 42.562 47.000 60.656 64.000 70.156 73.531 74.125 87.218 102.218 168.812 176.406 183.156 188.031 209.375 218.812 264.593 287.156 299.531 319.031 375.531 420.187 427.625 447.781 463.437 534.000 535.843 548.593 569.125 577.125 589.125 632.062 643.281 658.468 704.125 722.781 733.562 736.437 749.906 757.375 765.750 767.843 776.187 777.625 809.718 966.656 972.468 1023.906 1035.656 1089.531 1114.218 1119.312 1127.031 1160.312 1277.125 1360.312 1365.656 1377.031 1482.562 1526.812 1535.593 1552.062 1569.625 1582.218 1592.187 1603.406 1607.187 1630.343 1699.125 1760.218 1785.781 1798.812 1852.281 1888.437 1903.218 1915.687 1921.656 1937.500 1983.312 2018.593 2019.812 2070.531 2959.968 2998.281 3098.906 3203.031 
-1916.563 -1389.532 -1222.032 -1029.032 30.312 33.093 64.281 67.750 71.781 76.406 83.593 85.000 159.500 165.437 176.156 183.062 197.750 199.062 263.968 266.406 280.187 294.281 308.718 309.968 311.375 316.125 318.468 336.531 399.656 405.875 416.031 426.093 436.937 449.750 524.937 542.250 560.812 588.031 589.531 621.031 643.937 686.281 687.156 697.125 705.875 725.218 733.000 735.968 741.718 749.531 769.875 775.843 776.156 783.406 808.468 808.750 809.593 875.843 880.125 902.531 919.937 924.781 944.218 959.593 963.218 966.531 996.531 1049.593 1058.875 1063.781 1065.250 1075.812 1081.125 1110.750 1116.781 1122.781 1128.718 1132.937 1143.687 1228.937 1274.812 1376.031 1410.031 1443.156 1446.218 1475.031 1500.031 1516.281 1555.625 1577.093 1582.156 1598.281 1602.250 1698.312 1699.312 1727.312 1742.218 1743.906 1775.375 1782.312 1808.125 1853.656 1857.875 1875.156 1899.125 1915.937 1932.687 1991.625 2025.718 2048.968 2051.750 2976.093 3008.000 3616.156 3674.406 3928.031 
