-905.813 14.875 24.937 35.531 49.593 54.187 62.531 69.593 92.937 126.625 147.718 188.031 240.406 279.375 295.656 297.375 302.375 315.968 380.406 402.343 431.437 448.093 470.593 513.093 518.562 547.000 604.718 610.468 616.500 624.812 658.562 671.031 740.781 758.968 777.843 802.312 806.656 828.781 845.937 853.312 913.687 939.312 1006.250 1019.812 1037.406 1082.343 1101.656 1127.656 1168.437 1223.875 1237.625 1242.906 1266.406 1302.968 1312.437 1328.875 1370.718 1409.781 1464.593 1486.875 1803.750 2278.093 2574.625 3049.062 3070.093 3462.312 
14.343 38.375 47.937 65.968 108.968 116.250 123.187 127.937 149.031 238.218 280.656 282.906 307.062 365.906 375.968 387.437 392.687 417.062 470.750 508.437 538.281 635.718 649.406 691.437 767.156 781.312 802.968 838.343 869.281 909.843 967.062 1001.968 1006.875 1021.437 1057.937 1094.843 1115.156 1158.656 1185.593 1191.843 1235.187 1303.906 1307.375 1323.906 1327.656 1351.375 1361.031 1383.500 1385.531 1399.250 1485.093 2946.875 
-1506.344 15.187 35.375 45.968 55.125 65.468 95.375 109.843 126.593 148.000 152.437 247.562 257.000 507.312 521.250 580.437 592.281 601.187 609.687 634.500 635.718 645.812 693.625 745.343 773.625 853.593 963.718 1019.437 1042.531 1059.250 1098.468 1194.156 1207.000 1235.593 1267.625 1304.750 1323.000 1385.468 1386.656 1414.906 1463.375 1478.750 3027.718 3488.000 3767.812 
15.343 35.031 38.437 65.468 183.906 217.531 270.625 379.875 394.312 424.875 494.312 512.843 547.687 607.437 624.218 632.250 644.906 660.406 665.437 744.906 910.656 961.625 1021.343 1087.500 1106.031 1151.843 1235.875 1239.812 1284.375 1301.906 1322.218 1348.125 1362.968 1471.968 1484.437 
-1185.188 -713.375 15.125 31.187 36.843 64.156 124.218 143.656 152.906 219.156 290.843 429.906 447.593 517.656 519.000 584.312 608.343 667.843 690.343 737.562 800.281 808.406 841.375 1007.843 1058.687 1099.718 1107.281 1124.937 1168.750 1215.343 1241.375 1276.156 1303.343 1311.062 1314.156 1321.937 1328.468 1331.531 1345.500 1472.687 1481.750 1885.437 1997.875 
14.781 37.187 52.937 54.812 92.937 121.093 136.781 141.312 190.218 352.468 472.125 507.906 588.031 588.906 642.656 656.968 667.531 814.406 845.531 854.343 967.500 975.937 986.218 1013.875 1022.406 1069.000 1096.968 1099.250 1162.468 1228.781 1238.656 1266.500 1345.656 
-1920.938 36.093 124.187 124.906 174.281 249.156 295.187 314.625 365.531 583.625 625.468 636.875 675.250 843.062 852.062 897.281 967.562 1231.156 1359.406 1402.437 
-1878.813 26.000 38.562 53.250 240.031 291.343 517.031 577.843 1006.843 1099.281 1176.000 1239.812 1312.312 1327.187 1346.406 1376.125 2132.750 
15.312 25.218 155.500 250.062 505.250 514.843 538.250 625.687 770.281 966.343 1205.875 1300.906 1382.875 2006.562 2447.781 2955.750 
-1935.532 -1810.407 -1743.500 -1425.000 -481.813 21.718 223.500 233.562 254.656 375.812 389.625 430.531 464.375 547.500 580.781 590.468 677.031 780.312 804.687 967.437 1075.593 1107.031 1162.562 1236.593 1276.156 1318.093 1356.312 1410.312 
