132.156 212.968 236.875 272.125 448.812 464.937 525.187 570.187 652.593 796.156 854.093 959.406 1200.718 1297.937 1476.531 1516.218 1578.906 1829.750 
55.937 78.031 108.000 129.593 234.187 378.531 399.968 466.812 556.406 674.531 754.781 797.156 858.406 1050.218 1223.968 1254.687 1417.156 1630.125 1772.906 1782.500 1886.250 
89.750 129.500 268.812 284.843 641.000 689.312 700.937 820.968 851.500 926.218 987.250 1157.187 1205.843 1229.437 1471.218 1660.500 1669.937 1704.531 1721.750 1821.812 1890.562 1982.875 
29.187 60.281 166.062 205.125 236.812 270.375 284.812 493.437 524.500 536.375 548.125 568.031 644.343 681.250 963.000 1070.406 1138.093 1205.968 1224.375 1270.937 1301.875 1325.250 1336.000 1392.375 1507.250 1661.718 1856.187 1887.156 1956.000 1969.656 
155.312 233.375 316.875 383.906 489.343 610.906 702.343 730.500 759.875 845.781 959.875 970.218 1093.593 1111.687 1183.031 1321.375 1331.937 1353.593 1581.437 1866.781 
21.187 42.312 126.531 389.093 478.000 642.812 687.343 738.375 794.531 872.031 1073.656 1144.531 1353.843 1480.062 1515.562 1570.937 1580.968 1594.625 1705.343 1738.406 1772.750 1980.843 
24.625 156.156 243.531 313.468 384.062 870.593 1114.750 1181.531 1227.156 1236.906 1267.218 1321.500 1390.781 1518.937 1655.718 1881.468 1940.187 
30.625 85.281 176.875 234.656 313.968 551.718 556.093 649.812 673.468 760.906 957.093 990.125 1040.375 1321.656 1358.562 1367.406 1424.125 1600.437 
24.750 273.000 314.250 458.937 495.781 574.781 617.906 651.312 742.187 746.187 988.812 1118.562 1203.718 1225.843 1296.062 1318.906 1362.093 1386.656 1700.718 1761.093 1773.343 1825.031 
165.156 271.406 573.718 618.406 647.750 686.031 727.625 988.187 1257.406 1337.437 1418.156 1700.218 1731.125 1868.062 1954.812 
