
16.218 20.375 21.750 65.000 202.031 1192.062 1415.593 1590.843 1621.625 1849.687 
18.093 18.750 20.937 37.750 69.906 71.562 212.718 221.156 566.468 958.500 1339.250 1875.937 
23.937 38.406 39.562 42.218 178.187 323.000 593.500 796.000 885.468 983.281 1013.250 1295.468 1767.093 1874.968 1911.812 1952.218 
24.343 30.406 63.687 64.468 213.125 966.406 1415.843 1479.968 1718.968 1940.812 
19.062 41.656 64.343 124.437 174.750 270.312 339.125 390.531 566.375 659.125 1122.093 1480.312 1764.343 
21.000 23.562 65.250 245.000 391.500 416.312 514.250 625.437 883.500 884.843 1126.812 1190.437 1231.375 1277.562 1621.468 1763.781 1772.875 1801.437 1868.312 1932.812 1954.125 
19.906 65.312 66.656 313.843 334.531 493.218 724.812 1129.375 1132.968 1176.875 1422.281 
20.625 65.375 66.625 96.156 208.406 211.375 276.406 841.875 932.781 966.375 971.406 972.625 1278.031 1743.625 
123.437 178.593 183.000 240.000 467.218 541.906 589.968 662.156 1015.375 1197.593 1296.687 1523.937 1771.437 
