77.000 107.593 114.281 440.562 903.843 1319.062 1322.031 1403.062 1666.906 2500.906 2537.562 2690.593 3137.000 3220.718 3407.968 3525.281 
105.281 118.500 606.812 636.593 1172.875 1177.656 1181.218 1296.500 1329.281 1345.812 1555.281 1657.281 1685.000 1697.812 1755.093 2004.343 2300.125 3409.656 3539.437 
33.187 288.093 412.843 804.656 904.312 
28.125 426.031 489.468 626.531 812.687 855.656 899.750 1691.218 1713.593 3411.562 3497.437 
113.937 250.031 476.343 526.093 533.843 787.343 821.000 1285.406 1328.531 1375.500 3511.750 3523.937 3554.875 
1320.875 1623.343 3364.687 3386.593 3420.406 3968.343 
99.812 114.781 264.281 287.187 813.000 835.968 836.531 896.375 2536.468 
127.468 322.468 495.812 773.906 810.562 886.500 1292.406 1331.625 1375.187 1896.781 3297.500 
631.718 808.218 886.593 1050.156 1093.343 1133.281 1295.406 1318.437 1495.718 2379.500 2446.750 2606.812 2613.531 2651.843 
516.187 527.906 668.875 755.281 832.312 854.093 1319.375 2953.218 2990.531 
