187.437 985.718 1055.625 1068.218 1164.000 1295.562 1408.968 1409.593 1539.406 1753.312 2039.937 2161.718 2223.281 2389.687 2437.781 2463.562 2530.843 2653.343 3299.531 3352.531 3952.437 
76.500 669.500 1059.781 1067.187 1150.562 1318.218 1464.156 1560.781 1883.750 1992.281 2180.875 2288.156 2301.093 2423.812 2427.875 2502.062 2662.093 
396.687 549.531 750.562 1075.343 1161.687 1285.500 1462.343 1616.937 2119.875 2411.968 2413.468 2427.562 2886.812 3965.093 3993.906 
322.531 477.343 745.968 848.062 908.750 1020.375 1415.812 1727.000 1988.125 2006.500 2061.562 2306.750 2316.906 2661.218 2746.906 3470.156 3525.656 3535.875 3789.468 
987.125 1008.875 1030.625 1058.000 1076.468 1129.531 1310.562 1507.250 2038.031 2238.687 2246.593 2297.500 3758.312 
141.812 469.437 517.812 1005.218 1177.531 1319.218 2025.468 2289.531 2511.906 2712.593 2795.406 3681.031 3956.062 
70.000 292.250 889.375 996.937 1129.375 1194.187 1400.031 2026.718 2037.625 2042.031 2068.625 2306.437 2320.531 2426.593 2501.593 2858.093 
147.312 824.656 1007.093 1209.062 1423.906 1445.500 2000.000 2023.531 2036.093 2050.843 2290.468 3441.375 3965.343 
29.500 74.500 982.968 1161.218 1492.625 1994.250 3778.000 
7.250 20.125 190.937 827.875 1295.093 1876.031 2296.625 2672.656 3486.343 3508.562 3529.625 
