-1724.032 -1285.532 -174.250 538.500 554.968 3881.625 3937.218 3992.500 
-888.032 -365.063 -362.782 -357.719 3080.375 3370.093 
-1630.250 -1392.282 -384.063 -288.157 -245.532 599.250 1590.562 1741.281 2453.968 2595.343 3432.156 3439.562 3442.093 
-433.188 555.343 3949.968 
-652.125 -428.750 64.781 1466.187 1627.687 1840.687 2591.781 3417.593 3484.468 
-211.750 1628.875 1688.625 2697.125 2706.531 2709.687 2730.187 3888.937 
-701.875 1575.750 2113.437 3301.968 3347.437 
-879.532 1647.843 1704.187 1706.062 2341.562 3374.656 3648.125 3961.843 
1775.468 2402.437 2659.656 
-1630.532 -702.657 1753.375 3935.718 
