-238.563 73.000 359.062 510.531 759.406 823.593 1129.468 1149.281 1338.375 1372.718 1425.437 1580.812 1582.656 1591.968 1592.937 1594.250 1689.718 1773.812 1942.156 1954.187 
-1762.563 -1628.688 40.218 74.906 170.437 189.437 290.343 508.875 627.250 801.812 813.843 824.406 846.125 866.281 890.593 1077.468 1118.031 1133.468 1139.718 1256.156 1419.437 1486.375 1503.031 1544.875 1594.406 1661.218 1663.343 1671.375 1677.375 1894.781 1940.875 
65.656 174.437 188.031 253.718 291.406 365.062 468.062 616.937 653.500 774.312 790.562 803.218 864.875 877.156 948.843 1097.000 1104.125 1429.656 1430.718 1541.468 1543.250 1558.187 1630.937 1641.968 1778.562 1790.531 1873.187 1894.687 1904.593 1943.312 
65.593 86.500 170.875 182.125 294.531 337.000 381.656 391.187 554.906 708.062 731.718 783.875 843.406 895.312 933.375 953.031 1044.718 1062.750 1076.437 1088.812 1105.656 1125.562 1140.468 1149.062 1418.531 1484.343 1526.687 1606.312 1607.718 1663.718 1665.500 1666.656 1680.062 1780.625 1881.562 1923.718 1937.875 
175.125 260.281 281.718 340.750 713.750 781.125 801.531 1076.812 1115.593 1127.031 1149.531 1374.125 1409.125 1501.812 1553.937 1569.968 1612.781 1656.312 1854.593 1870.312 1912.375 3730.031 
76.375 78.531 382.875 389.062 649.843 718.437 791.250 854.968 874.187 901.531 903.562 988.093 1128.343 1429.093 1563.562 1568.468 1688.406 1874.750 1894.687 1907.062 2611.531 
-1727.594 -1375.219 62.250 276.812 745.093 773.937 788.781 801.906 863.593 865.406 875.125 1070.875 1076.437 1411.843 1422.031 1837.156 1854.437 1888.812 1895.718 1899.687 1923.843 2079.406 3291.656 
40.781 137.187 364.718 389.500 803.718 834.718 854.312 898.437 1093.250 1102.656 1113.375 1120.437 1133.250 1148.312 1248.625 1339.937 1385.750 1433.250 1555.593 1574.250 1667.093 1684.656 1786.250 2084.500 3927.031 
-1265.188 52.312 63.250 74.093 164.375 372.250 444.031 521.312 559.468 643.406 832.781 893.843 1081.218 1106.875 1232.875 1252.500 1382.312 1666.375 1895.218 2048.312 2382.031 
-57.938 632.875 653.250 733.750 752.937 819.375 823.750 848.875 1039.312 1124.750 1127.500 1164.437 1195.343 1571.062 1619.375 1665.156 1726.375 1896.562 1897.500 1903.375 1968.500 
