120.250 123.281 128.375 170.937 183.093 197.593 354.906 548.843 780.875 784.718 1011.312 1097.093 1260.062 1545.500 1615.250 1631.687 1652.312 1658.718 2304.625 2307.468 2311.062 2630.312 3453.718 
115.687 209.156 309.343 526.156 552.906 669.187 675.593 950.718 1148.343 1198.468 1207.343 1210.031 1210.718 1215.125 1922.968 1937.031 2348.625 2393.281 2400.250 2415.781 2417.968 2420.718 2495.937 3464.625 3493.000 
122.218 196.906 297.343 300.281 385.968 434.500 813.781 858.437 1058.562 1063.406 1206.250 1433.593 1467.156 1532.968 1536.250 1585.218 1592.531 2314.093 2318.000 2694.187 2704.187 2710.062 2716.500 3416.562 3454.843 3502.687 3599.468 3601.343 3896.656 3943.531 
132.781 178.781 277.593 534.843 535.593 536.375 538.375 1055.250 1060.968 1064.281 1143.375 1155.468 1218.281 1251.562 2352.031 2411.093 2416.468 2420.718 2920.812 2955.187 3173.000 3174.718 3682.000 3712.250 3723.031 3792.250 3872.781 3880.312 3891.593 
97.312 104.000 106.625 113.218 115.656 747.562 750.625 862.000 1053.312 1056.812 1082.156 1112.718 1131.031 1155.687 1969.593 2317.000 2452.875 2456.593 2467.468 2470.656 2474.062 3186.875 3286.968 
131.218 135.531 752.093 763.281 1072.625 1085.656 1819.562 1910.375 2326.437 2364.125 2366.937 3197.062 3209.312 3216.968 3217.812 3226.406 3231.937 
196.562 272.000 276.468 279.718 290.437 559.125 571.062 1056.718 1059.375 1075.875 1080.937 1150.968 1162.625 1164.750 1204.406 1249.968 1256.875 1267.593 1420.031 1673.218 1938.906 2996.437 3004.250 3011.562 3012.281 3017.937 3355.843 
133.187 237.406 418.250 777.156 859.781 980.312 984.500 1024.031 1026.218 1030.875 1039.718 1074.687 1084.062 1088.406 1096.312 1099.187 1557.437 1601.937 2364.187 2368.062 2379.156 2401.593 3017.687 3029.500 3084.093 3339.625 3876.000 
23.375 101.187 286.750 341.312 352.625 532.875 1063.906 1070.062 1141.125 1669.500 1676.093 1685.656 1846.625 3645.156 3689.343 3886.937 3941.906 3979.781 
11.781 129.500 192.312 205.125 212.562 341.062 423.218 427.593 1064.093 1114.437 1118.437 1121.312 1152.437 1524.125 1528.000 1530.031 1588.187 2200.437 2222.375 2592.250 2600.968 2721.656 2771.500 3534.531 3541.187 3633.406 
