255.468 258.343 261.937 568.687 796.250 801.000 803.187 823.937 830.812 941.500 1138.375 1674.250 1676.562 1679.718 1680.625 1695.937 1792.187 1810.531 1816.406 1960.812 1974.718 1992.531 1995.562 2001.062 2006.875 2201.343 2211.968 
752.562 757.406 759.625 767.875 925.812 1307.500 1495.781 1524.843 1935.625 1966.687 2627.000 3111.187 3168.750 3171.968 3184.281 3831.281 3986.156 
1.781 20.000 22.812 25.875 480.875 495.531 513.406 615.062 768.312 776.906 779.250 782.406 783.937 790.468 804.906 824.718 1223.437 1250.156 1488.781 1497.468 1532.812 1543.531 1979.656 1982.843 2711.281 2756.406 2788.531 2850.000 2854.343 2873.187 2877.250 2941.812 2999.500 3649.656 3658.156 
495.968 580.875 993.562 998.687 1223.937 1239.781 1245.125 1265.593 1283.375 1294.156 1302.843 1576.718 1714.312 1731.625 1758.468 1767.875 1913.906 2249.531 3400.062 3415.906 3542.562 
467.343 477.500 502.968 569.531 576.500 577.968 582.937 588.062 913.812 952.937 971.531 985.000 994.062 1025.093 1037.593 1244.781 1275.031 1509.718 1511.750 1523.343 1575.343 1578.437 1689.062 2173.343 2992.875 3665.000 3965.000 3971.843 
1204.781 1229.250 1244.843 1250.437 1272.250 1692.843 1695.406 1700.468 1971.000 1989.093 2000.687 2600.125 2614.562 3743.937 3888.906 
567.312 583.312 584.687 774.343 928.781 1301.500 1341.593 1368.312 1371.406 1904.468 2095.343 2123.656 2590.375 2629.093 2671.593 2677.500 3925.625 3929.750 
93.625 97.125 148.656 158.281 271.812 302.093 780.875 957.093 989.906 995.375 1021.437 1252.656 1262.250 1304.000 1494.281 1508.593 1510.468 1513.468 1543.593 2433.718 
344.437 409.718 1076.843 1220.156 1264.593 1270.187 1281.750 1355.000 1419.562 1977.062 2010.218 2936.375 2983.562 3007.968 3009.656 3028.562 3048.500 3134.656 3178.937 3310.968 3424.937 
82.437 506.312 512.687 951.093 1467.343 1959.000 1964.312 2069.406 2071.500 2076.125 2085.156 2173.343 2176.375 2178.906 2187.375 2931.718 2976.156 
