315.000 425.625 559.718 562.093 597.531 600.531 807.000 810.250 833.250 838.593 839.312 910.093 920.718 925.000 1543.156 1715.812 1722.687 1725.093 1736.781 1756.843 1764.875 1774.187 2660.093 3615.250 3947.187 
138.656 385.281 416.906 420.687 423.750 437.500 442.968 446.781 512.843 837.906 900.062 905.281 1552.875 2382.812 2831.312 2841.437 3648.343 3900.500 
654.937 725.718 1143.750 1187.343 1494.343 1536.656 1540.156 1566.625 1615.343 1622.218 1642.906 2792.562 2815.562 3177.531 3276.437 3601.687 3609.218 3613.687 3699.281 
52.562 810.218 826.750 967.312 1715.812 1719.031 1733.812 1746.968 1759.218 1770.625 2296.250 2298.718 2520.562 2821.468 2973.343 2999.500 3028.812 3700.187 
626.781 1044.093 1061.125 1095.093 1483.125 2771.125 2837.937 2847.656 2849.718 3814.812 3839.250 3908.125 3926.250 
135.687 283.656 501.875 1347.281 1360.468 1528.250 1532.437 1577.843 1585.500 1658.750 1774.406 2016.937 2026.187 2307.156 2311.125 2704.781 2713.375 2713.781 2715.625 2752.406 3016.281 3524.000 3614.093 3627.968 3893.906 3903.031 3910.750 3914.093 
313.812 424.375 428.125 431.375 443.218 569.687 650.281 973.937 993.281 1072.500 1091.781 2494.312 3021.750 3079.875 
17.000 20.000 272.625 833.031 843.656 1020.125 1027.062 1102.906 1584.218 2390.343 2428.843 2459.000 2461.625 3245.718 3257.468 3719.843 3748.531 3968.812 
407.843 477.125 1021.968 1553.906 1570.906 1604.562 1615.500 1620.812 1753.843 2605.406 2607.937 2610.625 2619.375 2621.625 2627.375 2635.781 2763.281 2795.156 2812.156 3297.468 3313.687 3357.625 3365.718 3395.906 
72.031 147.250 304.437 350.187 453.562 507.437 542.687 568.000 588.812 804.750 817.468 907.750 910.968 1109.093 1501.375 1509.781 1771.968 1775.500 2004.843 2917.500 2923.593 2950.687 2956.875 
