16.031 32.843 118.812 139.281 141.000 208.906 226.125 255.062 266.281 376.656 428.593 496.687 594.125 604.031 638.500 675.250 893.000 924.437 1000.031 1001.625 1023.218 1112.500 1147.187 1168.843 1180.375 1216.062 1244.500 1364.875 1473.593 1474.718 1562.906 1581.281 1603.406 1650.593 1702.937 1844.906 1946.093 1966.375 
34.875 36.375 45.468 63.625 103.000 141.156 170.125 208.531 255.281 266.281 283.312 336.562 556.031 557.750 649.562 673.406 675.093 736.750 765.468 793.562 846.843 852.625 895.562 1125.625 1181.062 1276.343 1295.781 1296.593 1320.968 1344.250 1366.562 1474.593 1896.343 1958.000 
33.906 45.687 47.218 92.812 116.562 139.968 187.968 265.031 329.968 428.687 439.156 558.437 673.687 722.875 725.250 1000.906 1126.125 1276.906 1296.281 1343.406 1424.906 1473.562 1475.218 1498.375 1581.281 1642.656 1880.343 1957.968 
21.312 32.437 37.312 45.906 85.406 102.875 104.750 209.031 226.968 375.968 485.812 533.968 556.812 588.343 593.875 675.093 765.156 794.218 924.312 1181.656 1262.531 1296.250 1365.375 1466.875 1474.156 1497.125 1738.187 1895.531 1966.156 
16.343 37.750 226.875 265.468 284.906 376.343 438.875 557.468 558.875 638.843 804.343 830.218 845.187 852.468 998.625 1111.531 1146.812 1182.000 1260.375 1296.437 1298.187 1343.406 1344.750 1408.468 1474.125 1489.281 1498.125 1580.687 1674.343 1792.687 1837.093 
34.562 45.968 85.531 208.593 226.250 254.375 331.156 375.843 377.312 484.750 558.312 605.375 623.718 673.781 676.343 724.625 766.406 867.843 892.968 1022.968 1146.437 1181.593 1323.312 1346.250 1474.187 1581.750 1603.000 1651.031 1854.031 
16.562 32.375 46.281 94.781 103.875 186.968 421.750 428.625 428.875 649.843 674.062 793.937 1054.625 1181.593 1276.687 1343.875 1474.031 1580.781 1601.750 1650.375 1945.500 
13.875 16.000 46.000 48.437 83.656 103.406 118.218 140.218 376.750 429.281 724.531 766.687 792.468 1053.218 1181.718 1410.781 1424.937 1473.406 1512.781 1581.625 1601.937 1602.312 1737.750 1811.718 1945.125 1958.250 
13.968 21.593 38.062 103.218 218.093 223.250 336.937 376.093 558.500 637.625 674.500 766.906 830.500 847.656 886.718 895.968 923.281 957.281 1113.625 1126.312 1180.812 1319.843 1366.343 1473.906 1474.250 1482.093 1579.968 1581.406 
221.250 339.125 439.343 558.687 587.437 638.250 766.906 852.031 923.625 999.625 1126.718 1181.531 1298.031 1490.343 1601.906 1602.656 1641.812 1738.593 1880.093 1946.593 1956.937 1966.687 
