67.781 521.781 735.125 1156.562 1547.875 1623.781 1677.468 
-268.282 69.156 243.406 601.187 766.625 1329.375 1375.875 
63.656 83.625 97.312 203.375 208.218 225.687 228.125 229.250 260.875 462.562 566.156 600.593 607.281 762.593 1049.750 1141.437 1156.843 1186.500 1189.531 1227.437 1300.062 1445.968 1467.093 1884.281 1902.406 
71.218 73.281 240.750 241.156 428.937 478.125 500.937 541.906 653.156 714.375 846.500 1177.750 1199.781 1336.531 1439.000 1444.875 1460.312 1545.593 1559.031 
71.656 96.562 251.468 318.031 321.968 554.093 597.718 647.406 655.312 740.812 745.093 750.156 759.062 760.625 762.468 907.937 1125.312 1461.687 1535.718 1567.187 
52.125 82.468 84.125 87.187 214.718 235.687 236.843 286.812 335.000 342.125 439.093 442.375 446.156 464.281 496.750 512.812 525.312 564.562 725.937 896.218 1011.562 1016.343 1105.406 1123.812 1136.312 1151.625 1236.562 1283.000 1355.593 1491.187 1541.500 1639.906 1863.281 
96.218 108.781 416.125 424.437 429.437 429.656 453.968 458.406 496.781 558.843 916.593 
321.156 390.781 409.062 419.281 425.468 475.343 541.500 546.718 591.937 626.062 631.468 997.968 1012.843 1039.406 1319.000 1559.812 1576.468 1634.968 1640.093 1923.593 
-445.063 94.062 364.093 424.312 426.281 448.906 522.125 544.531 600.250 613.468 894.468 1378.843 1466.812 1556.750 1651.812 1890.062 2673.625 
99.343 346.468 422.187 456.250 467.187 474.093 498.343 548.812 599.812 731.343 755.062 1056.906 1126.250 1184.687 1187.875 1318.500 1576.375 1636.437 1913.875 1925.062 
