61.062 288.125 389.468 434.781 546.062 668.656 696.875 844.281 887.656 1231.312 1283.500 1391.968 1568.687 1656.437 1699.812 2611.000 2838.843 3316.968 
217.843 251.187 258.593 287.843 392.937 554.406 644.781 651.218 668.437 830.531 846.093 959.906 1282.031 1495.500 1555.937 1567.187 1580.437 1689.531 1759.218 3279.812 
52.375 183.406 253.750 290.250 392.250 435.093 545.375 653.468 683.375 693.281 696.656 753.312 830.906 862.843 976.125 986.000 1219.406 1241.812 1400.687 1406.812 1450.031 1489.937 1580.250 3360.281 
20.218 23.125 53.750 254.312 274.531 355.125 500.437 545.718 644.687 669.718 830.781 953.375 1066.843 1154.593 1230.593 1441.062 1493.218 1503.593 1531.156 1596.968 1685.093 3312.593 
50.875 253.531 274.125 555.375 644.156 677.656 707.000 827.625 830.968 871.875 911.750 960.125 962.750 964.187 1066.343 1074.656 1080.500 1177.750 1196.031 1392.312 1501.406 1578.937 1773.125 3042.062 
18.250 30.468 174.750 254.375 288.781 500.562 556.312 644.593 668.250 693.593 827.093 868.750 922.406 977.125 1169.250 1181.718 1195.625 1288.031 1397.625 1716.125 1867.125 1906.125 2889.875 
25.968 47.625 253.937 279.875 392.062 644.312 648.875 755.718 884.343 977.781 993.718 1077.968 1263.593 1395.656 1580.187 1649.625 1737.250 1812.281 
18.968 25.156 25.500 30.875 37.218 182.968 389.156 391.937 435.343 500.812 643.312 691.687 704.187 787.093 829.343 896.718 933.937 1066.937 1091.906 1200.562 1251.375 1268.687 1294.906 1391.875 1493.281 1557.968 1694.843 1755.281 1774.406 1805.281 1822.843 3203.750 
15.406 25.875 29.468 183.468 215.781 217.812 253.718 307.093 501.218 644.562 669.218 678.468 976.656 1060.218 1066.531 1076.968 1080.062 1151.500 1190.656 1398.437 1539.906 1556.875 1569.468 1767.062 1790.718 1979.937 2039.781 
19.375 20.250 25.031 50.375 271.406 405.593 434.312 500.968 644.781 755.437 835.281 871.593 975.968 1194.093 1198.187 1214.718 1391.437 1393.156 1502.312 1668.812 2613.875 
