15.156 76.500 88.906 96.531 129.000 202.656 439.875 454.156 605.968 785.625 792.687 864.906 916.531 1164.812 1266.750 1267.468 1314.687 2241.531 2279.468 2951.031 3139.593 
16.031 20.968 29.687 106.468 131.437 201.375 212.625 219.062 255.250 274.281 277.875 343.437 368.218 392.156 453.625 558.625 600.312 681.562 971.468 976.468 1026.000 1035.156 1076.343 1235.468 1291.656 1312.062 3541.000 
26.125 57.562 71.843 161.281 202.625 256.312 341.875 376.812 620.718 689.125 785.000 793.562 822.250 863.968 1030.031 1067.312 1340.468 3029.843 3055.968 
24.593 29.000 54.093 88.375 130.625 228.156 271.000 342.593 355.531 430.218 435.937 439.437 476.625 517.718 630.500 898.656 1064.031 1268.687 1320.750 1557.531 3476.187 3780.593 
15.062 15.375 41.250 84.781 143.218 307.750 374.375 391.937 451.843 549.687 617.125 620.406 784.437 858.656 920.187 993.000 1029.062 1034.593 1193.593 3873.000 3891.031 
1.375 28.250 71.187 114.312 139.906 271.562 310.406 453.687 477.093 563.812 644.093 648.843 655.000 684.687 784.937 1089.968 1120.906 1156.218 1165.437 1442.375 2875.562 3739.812 3742.156 3763.562 
22.125 26.187 202.406 229.375 357.062 442.187 570.937 832.093 837.156 975.281 1311.562 1348.656 1356.531 1382.375 3297.281 3455.781 
67.156 92.031 270.937 342.562 516.437 810.312 837.031 861.187 1095.812 1156.187 1285.718 
16.250 26.406 52.312 53.718 141.656 153.968 202.531 277.968 349.000 355.000 433.843 573.031 620.468 642.093 770.625 785.218 795.312 878.406 1078.468 1172.687 1293.031 2452.187 2835.593 3916.843 3919.593 
15.437 24.375 52.281 77.437 90.187 126.000 201.968 207.031 253.000 255.718 266.218 336.343 355.093 520.843 565.593 567.218 649.937 696.968 775.687 785.156 863.531 877.343 915.312 956.625 981.968 1001.562 1157.468 1298.750 1356.250 1390.718 1810.000 3151.812 3746.437 
