33.562 64.250 85.250 110.843 112.875 113.812 117.406 126.812 332.812 564.750 568.718 702.375 702.687 706.000 715.093 726.468 737.500 746.187 785.375 900.312 948.406 1611.906 1614.500 1619.593 1654.531 1663.906 1669.531 1673.125 1675.625 1679.656 1704.437 1783.718 1788.250 1791.437 2564.156 
36.156 36.531 42.218 50.062 52.781 65.000 67.281 110.750 112.468 115.656 134.875 138.937 196.500 245.437 333.906 335.375 444.000 584.625 663.406 902.125 1068.812 1610.031 1613.218 1687.250 1790.531 2161.281 3645.875 3662.937 3665.031 3903.156 3917.093 3968.937 
40.906 333.500 334.875 337.406 385.000 390.937 412.343 412.968 417.531 691.656 720.843 1614.250 1616.812 1635.906 1640.312 1642.250 1644.093 1655.281 1679.437 1692.968 1708.812 1712.281 1719.750 1721.937 1728.750 1788.718 1796.500 2380.843 2383.812 2386.593 3996.875 
33.875 34.781 53.906 62.375 267.937 291.125 333.750 335.093 337.218 458.312 460.937 559.406 684.687 708.875 718.250 719.656 724.687 736.906 747.843 754.843 803.937 1575.000 1576.843 1579.812 1586.812 1588.875 1606.312 1611.812 1618.843 1785.687 2656.750 2659.968 2665.031 2689.906 2691.125 2736.531 3722.062 3727.250 3744.906 3746.281 3751.687 3752.812 3753.656 
31.468 53.031 61.406 80.562 87.937 94.343 104.125 105.406 115.906 132.343 453.343 542.093 553.875 571.843 579.562 922.312 937.562 1612.031 1785.437 2423.406 2424.500 2587.468 3272.437 3274.781 
27.656 33.500 51.406 55.187 60.875 84.093 123.093 127.968 268.250 338.062 339.625 589.156 685.562 732.656 763.687 765.593 786.625 792.593 1108.875 1616.187 1626.968 1656.500 1665.625 1670.437 1681.500 1688.281 1690.843 1693.406 1696.812 1704.375 1708.250 1716.812 1730.750 1776.562 1787.937 2023.062 2034.750 2280.656 2299.656 2341.375 2488.125 
38.718 40.000 45.656 52.187 118.437 128.843 337.406 343.125 366.625 568.187 672.500 686.750 905.250 959.031 964.093 972.093 1402.906 1406.187 1623.656 1627.937 1781.500 1789.812 1790.968 1792.656 1794.375 1796.437 1799.531 1800.812 3627.593 3645.062 3649.843 3655.125 3683.343 3690.343 3697.625 3698.937 3751.125 
1.750 9.781 57.218 510.468 558.250 719.875 729.250 739.343 741.562 746.281 1493.000 1547.187 1614.250 1788.093 1790.625 2012.125 2299.500 2337.125 2374.125 2418.343 2451.250 2456.812 3288.468 3293.562 3301.718 3943.468 3951.093 3968.468 
37.531 39.718 75.593 138.781 155.187 334.000 335.593 339.000 340.500 549.687 580.093 583.812 664.500 853.125 864.875 866.062 875.375 877.968 880.500 883.062 889.656 1246.593 1612.000 1663.781 1677.812 1679.656 1682.843 1691.812 1693.968 1703.656 1706.531 1709.343 1720.718 1749.781 1762.750 1786.406 1924.593 1930.812 2017.281 3619.406 3628.687 3632.000 3644.937 3646.375 3665.156 3682.500 3684.500 3724.062 
35.125 37.750 38.968 57.843 62.375 74.031 136.687 144.781 166.468 200.875 332.843 445.187 448.750 450.312 455.562 565.656 678.031 695.750 718.562 727.406 732.562 755.218 1514.687 1526.187 1530.843 1539.812 1583.906 1613.531 1616.906 1625.312 1785.218 1787.750 1925.968 1948.875 2813.562 2826.437 2862.593 2866.750 2867.781 3581.625 3588.718 3590.031 3590.343 3591.437 3593.250 
