16.937 28.062 36.312 52.875 87.406 101.750 127.531 170.531 198.125 224.125 240.500 270.937 288.531 310.656 423.375 446.468 473.312 485.218 496.125 549.562 626.125 797.500 852.375 1058.968 1098.906 1374.531 1404.781 1523.093 1564.031 1612.250 1696.187 1737.156 1802.937 1859.875 1959.718 2353.281 2368.875 2390.125 2632.437 2634.625 2922.562 2956.437 2974.531 3061.750 3074.593 3401.343 3471.250 3844.687 3878.093 
39.718 59.593 81.406 118.000 145.531 169.468 255.156 316.906 331.656 345.281 421.125 464.250 500.718 534.718 573.343 662.375 972.687 1033.625 1062.406 1111.000 1209.093 1411.375 1556.312 1605.500 1690.218 1959.781 1983.593 2183.000 2274.281 2975.718 3005.687 3037.843 3061.593 3094.531 3280.843 3298.062 3582.968 3599.718 3621.468 3664.250 3673.468 3702.937 
35.062 67.187 78.031 119.031 177.437 238.656 253.218 329.125 405.125 437.218 456.500 481.562 496.875 536.437 635.531 1375.968 1535.562 1568.656 1853.718 1875.562 2433.375 2438.968 2448.031 2841.562 2862.156 2964.437 3069.218 3084.125 3114.125 3244.218 3429.593 3617.875 3972.375 
22.593 30.562 36.875 64.562 70.250 94.468 119.218 188.468 241.218 246.031 264.250 336.406 384.968 414.218 440.750 468.562 499.531 601.250 619.593 757.031 765.625 1009.000 1039.875 1058.031 1086.562 1213.093 1375.156 1462.062 1564.781 1581.312 1667.750 1732.031 1788.812 1815.625 1936.906 1955.718 2035.937 2929.281 2935.312 3027.843 3045.312 3282.250 3479.187 3614.593 3648.125 3664.281 3690.343 3751.343 3789.312 
43.500 72.031 92.875 118.375 146.218 165.406 235.812 248.437 323.937 345.687 415.156 451.281 473.875 493.000 533.687 574.156 652.375 740.406 836.968 1080.031 1210.812 1303.000 1395.625 1541.406 1591.000 1761.062 1918.093 2515.093 2914.281 2930.812 2953.062 2963.531 3002.125 3403.406 3821.718 3890.812 3984.968 
37.718 66.406 87.812 114.500 131.125 226.812 252.656 278.093 327.968 356.250 432.750 474.031 534.875 842.468 1034.906 1044.625 1562.250 1611.156 1697.406 1910.812 2261.062 2615.562 2628.843 2647.562 2734.312 3032.468 3045.000 3061.375 3082.500 3188.375 3448.343 3491.375 3503.843 3715.656 3735.125 3975.937 3992.593 
23.593 45.375 66.625 95.343 128.937 149.968 205.281 247.750 256.000 275.000 333.125 424.343 437.312 486.500 556.250 832.500 849.437 921.187 1058.218 1215.843 1382.312 1483.718 1643.687 1693.562 1726.312 1961.562 2450.218 2956.937 3274.812 3313.843 3517.843 
72.031 121.687 140.031 177.031 228.781 248.125 262.500 283.500 323.218 341.406 422.875 445.000 470.406 499.968 529.187 547.437 604.312 846.031 879.781 969.906 1027.375 1134.093 1215.937 1399.781 1519.406 1546.937 1663.656 1826.000 1881.750 1955.156 2417.375 2525.343 3246.468 3259.406 3272.875 3916.500 3950.593 3988.812 
10.500 77.406 103.781 156.031 229.031 253.218 288.687 320.781 425.312 455.875 471.218 489.937 531.593 572.843 646.875 764.937 798.875 872.718 977.875 1006.562 1083.406 1134.031 1220.562 1297.531 1458.656 1579.156 1729.031 1925.468 1958.406 1984.531 2797.750 2842.968 2875.000 3078.906 3481.437 3629.968 3662.250 3791.625 3820.343 3846.312 3896.343 
22.500 24.031 36.250 70.593 104.187 145.031 228.312 244.812 257.625 305.000 336.218 403.031 441.343 479.062 548.531 578.593 635.031 861.781 1193.156 1376.406 1556.468 1938.531 1977.718 2343.031 2499.968 2539.625 2551.937 2557.812 2579.562 2603.406 2621.750 2638.156 3047.156 3055.812 3083.718 3304.437 3320.562 3584.343 3615.906 3773.437 3847.281 3881.093 3936.375 
