-610.938 29.031 32.093 33.625 54.781 95.406 111.375 115.187 150.312 214.406 251.812 259.875 278.000 331.406 357.218 391.375 441.250 472.343 490.968 534.750 536.875 539.250 598.812 620.187 711.312 714.906 728.343 766.468 837.468 861.437 887.843 981.250 997.375 998.906 1014.843 1019.531 1114.468 1190.562 1193.312 1215.718 1427.812 1473.031 1507.875 1599.750 1654.250 1659.687 1722.312 1733.093 1782.781 
-653.782 24.781 26.562 54.187 110.031 121.375 129.437 155.468 247.406 250.843 279.406 281.468 313.812 359.187 391.281 442.000 457.625 498.031 500.781 558.593 576.687 580.875 621.468 718.125 771.812 779.281 780.718 880.343 907.906 958.250 999.562 1216.187 1247.218 1275.718 1279.625 1398.906 1607.468 1634.000 1657.375 1680.250 1820.906 1945.218 1967.625 2787.562 
24.781 26.843 28.687 51.843 69.375 111.250 278.687 280.875 314.468 325.781 344.687 356.500 418.437 450.218 484.187 496.906 547.625 716.656 763.437 796.343 879.562 884.562 910.437 1021.375 1083.437 1191.093 1240.437 1313.906 1375.625 1413.031 1414.968 1444.468 1458.281 1471.187 1563.312 1573.093 1633.875 1654.250 1679.906 1718.593 1753.187 1819.093 1860.093 1924.468 1945.937 1955.375 
28.781 30.250 31.781 52.593 75.218 97.062 207.937 251.750 272.156 278.187 281.500 309.093 311.375 353.000 392.250 419.656 449.843 537.375 557.500 731.656 765.812 814.625 838.093 948.875 1133.718 1191.000 1254.187 1270.812 1445.812 1489.093 1514.093 1608.968 1655.968 1657.031 1660.000 1701.031 1858.875 1927.062 
29.187 30.500 32.843 36.062 71.500 75.281 154.562 277.687 280.562 309.093 311.281 352.875 394.968 419.562 492.718 673.437 797.062 840.312 910.718 913.718 983.406 1093.062 1133.531 1195.875 1243.093 1270.531 1275.718 1315.343 1334.375 1373.437 1426.750 1467.500 1604.156 1653.312 1656.281 1699.156 1704.937 1802.187 1819.250 1927.218 1962.937 1966.437 1992.468 
25.093 26.875 28.218 54.187 71.906 95.156 113.562 122.281 167.468 250.875 277.531 311.343 327.750 478.281 519.906 521.812 621.656 675.156 772.125 798.875 880.500 1223.031 1240.531 1316.437 1399.218 1470.906 1656.500 1661.625 1819.406 
69.937 216.625 251.062 278.906 304.437 311.062 312.656 323.031 362.031 408.375 490.718 584.937 779.281 898.593 1081.906 1402.343 1543.937 1658.031 1701.343 1726.000 1785.343 1843.375 1901.968 
18.687 152.593 217.156 280.812 343.593 491.250 644.875 736.562 770.125 930.812 1215.468 1320.500 1398.468 1649.406 
32.156 111.468 155.031 156.750 260.593 308.968 407.906 450.000 632.125 713.718 834.000 837.625 839.656 962.750 1277.093 1433.406 1442.218 1508.500 1589.156 1756.750 1920.718 
-128.188 215.843 281.906 283.062 504.312 618.031 699.312 770.406 787.593 795.250 798.187 835.531 837.562 933.937 1132.437 1216.125 1223.468 1247.531 1276.687 1292.625 1399.406 1414.843 1723.093 1909.812 1954.937 
-1471.313 98.437 157.250 196.500 399.156 453.843 477.218 493.093 506.625 622.906 736.781 770.718 885.937 928.875 984.187 1280.531 1633.625 1789.843 1967.468 
29.281 78.250 135.406 251.218 623.062 1057.625 1097.062 1113.875 1223.000 1313.937 1400.250 1413.750 1868.093 
109.562 440.250 562.312 1027.656 1490.781 1596.843 1720.000 1726.968 1857.687 1920.906 
158.062 192.000 215.625 395.437 450.125 515.062 600.812 770.656 1224.093 1475.656 1650.343 1756.875 
