39.937 64.343 97.156 142.312 218.000 239.937 303.250 305.125 332.375 445.875 470.218 512.687 570.500 592.343 699.875 734.656 783.406 863.343 961.437 1074.812 1121.531 1210.937 1315.718 1413.937 1682.875 1840.687 1908.500 3040.500 
11.656 32.250 51.531 61.000 94.000 98.187 140.312 235.218 303.281 332.093 390.218 445.406 468.875 514.093 570.656 590.968 671.187 705.625 735.593 782.375 865.593 880.968 962.937 1101.687 1128.937 1216.562 1316.781 1413.062 1590.468 1840.593 2313.187 2324.562 2329.593 2394.843 2412.937 2743.843 3427.000 3440.281 3456.625 3460.125 3505.375 
59.250 81.343 140.218 217.000 237.781 303.468 305.156 330.562 346.718 356.218 365.687 387.593 444.187 468.156 571.468 590.250 706.562 776.281 784.562 851.218 866.000 964.125 1140.156 1216.468 1315.562 1414.125 1459.593 1469.906 1485.468 1524.593 1839.281 1943.468 2551.687 2559.906 2566.718 2576.312 2581.156 2609.687 2612.406 
39.312 61.156 98.312 118.375 140.562 238.406 303.093 304.562 332.093 445.375 468.531 558.875 570.812 590.312 676.500 696.500 699.250 707.718 714.625 718.593 769.687 783.750 866.156 961.218 1134.875 1216.718 1325.281 1414.437 1600.750 1644.000 1844.531 1846.187 1862.968 1866.218 1878.031 1879.250 1903.406 1927.000 3082.812 3096.968 3102.125 3115.937 3156.812 3173.687 3203.500 
42.218 62.187 99.656 118.250 218.312 303.125 332.687 406.031 445.250 468.718 530.437 563.125 568.281 589.156 699.375 735.375 782.125 866.687 960.187 1029.906 1215.281 1321.937 1414.531 1480.968 1523.281 1601.031 1732.281 1742.750 1759.875 1772.156 1779.343 1805.562 1841.687 1873.406 2819.937 2829.093 2834.000 2886.281 2887.531 3938.250 3947.500 
39.468 52.156 59.125 67.562 76.562 83.625 113.250 141.843 197.250 238.312 303.468 305.093 331.531 444.125 468.718 570.843 697.906 734.093 778.437 784.000 852.687 869.343 965.562 1099.718 1136.218 1195.500 1199.031 1207.000 1214.437 1310.812 1416.687 1522.937 1597.875 1647.062 1703.781 1840.500 2412.687 2424.156 2429.375 2440.781 3581.000 3588.343 3595.281 3597.406 3612.218 3656.437 
59.281 111.468 141.843 222.593 242.625 303.343 305.687 331.062 443.875 467.875 571.031 615.687 675.437 698.656 734.687 782.531 854.156 867.343 959.250 968.375 980.468 991.781 1032.406 1057.406 1127.718 1217.750 1320.625 1414.093 1630.937 1839.250 2105.062 2109.156 2123.343 2176.781 2249.000 3244.625 3256.250 3314.750 
39.031 64.531 113.937 219.343 285.375 303.406 306.218 331.562 443.593 468.718 570.531 593.625 670.156 699.937 733.593 782.250 863.968 875.968 960.625 1030.281 1036.531 1037.812 1051.406 1053.500 1120.906 1147.750 1219.281 1320.656 1416.406 1480.500 1524.281 1840.906 2174.937 2185.750 2190.875 2201.437 2209.812 2664.218 3285.281 3293.375 3315.218 3359.625 
39.000 62.468 97.718 141.156 221.343 241.093 303.250 304.843 332.500 443.562 468.968 569.531 592.125 699.187 735.156 782.656 844.437 865.031 881.093 920.500 931.718 942.437 978.187 1066.843 1215.531 1322.843 1415.218 1531.031 1646.031 1839.906 1966.093 2135.187 2139.312 2149.187 2152.687 2157.250 2176.625 2180.593 2208.843 2211.562 2226.218 2310.843 3269.406 3279.062 3337.781 
38.625 61.031 100.437 114.062 134.562 139.187 148.531 174.906 201.500 232.593 245.218 303.875 305.125 332.343 448.375 468.312 570.875 592.593 696.906 733.531 781.343 864.625 961.781 1215.687 1272.343 1287.031 1289.031 1311.406 1339.093 1415.843 1595.718 1664.312 1839.718 2406.562 2413.500 2426.437 2436.593 2447.781 2478.531 2556.937 3474.343 3483.968 3493.093 
