-1811.407 -1217.969 -172.032 18.593 21.000 24.937 145.593 162.062 215.875 387.406 394.218 475.468 536.968 711.218 745.281 1040.156 1170.937 1532.312 1634.375 1674.875 1701.593 1865.531 1974.906 1977.187 2191.000 2262.843 2906.875 3204.906 3213.718 3578.218 3787.187 
-1758.813 -1308.750 -1274.094 -1271.594 -1022.063 -210.313 43.156 60.781 385.937 713.562 1277.000 1355.437 1538.437 1664.968 1797.718 1976.062 2753.093 2759.906 2765.406 2831.312 2960.562 3667.687 3852.531 3933.562 
-1817.813 -1092.594 19.281 21.000 75.093 83.031 93.093 394.875 906.437 1528.531 1860.218 1983.062 3374.781 3382.000 3402.625 3480.625 
-1965.375 -1207.500 -1027.407 861.718 863.531 1629.343 1630.906 2319.906 3206.718 
-1771.313 -1048.469 1942.656 1998.937 2044.968 
-767.313 -21.219 -15.782 887.656 2814.031 
-1870.063 -1731.875 -1683.157 24.562 87.781 2208.375 
-1619.875 -1567.032 -970.719 652.156 828.656 
-730.250 -724.938 -719.188 397.281 3264.437 
-1524.063 21.625 1024.593 
