-738.625 -585.157 -500.563 -450.219 -427.719 -403.250 -296.594 -276.750 -138.594 17.593 27.937 275.156 598.250 647.812 1129.937 1304.781 1358.625 1426.812 1528.937 1914.343 2361.906 2750.156 2920.937 2990.625 3214.062 
-1768.844 -1563.219 -1509.657 -146.219 16.656 54.343 283.187 577.312 585.687 850.125 1900.218 2447.187 3828.093 
-1990.625 -1872.782 -1231.219 589.156 2081.750 2844.718 
-1855.688 -1721.532 -1335.344 94.250 357.218 1897.812 2396.437 2451.875 2560.125 2693.156 2841.750 2945.718 3977.781 
1401.031 2267.093 2468.406 2778.093 
-1749.594 -1748.438 -1584.000 -1385.094 -1271.563 -1157.969 -631.032 -571.250 405.843 1750.937 2136.812 3438.468 
-1634.188 -1544.532 -1483.250 -1436.188 -1424.594 -1407.625 -1331.125 -1250.594 -577.094 2389.062 3070.218 3223.812 3355.812 3465.281 
19.468 98.625 
1895.500 2524.468 3381.343 
-227.782 17.125 18.468 1397.812 1404.562 2066.656 
