66.312 80.593 335.500 375.031 411.031 429.968 446.531 453.437 469.218 501.437 614.218 661.875 695.812 712.750 715.343 791.687 842.875 847.968 998.281 1014.656 1066.000 1072.406 1085.500 1096.062 1098.843 1106.437 1126.437 1161.843 1212.625 1321.343 1334.437 1349.468 1358.031 1371.375 1488.531 1527.312 1569.906 1583.125 1673.250 1741.625 1775.687 1838.031 1846.062 1852.562 1869.125 1886.531 1955.375 3530.781 3541.406 
67.062 71.500 83.656 114.468 342.687 403.093 406.406 430.531 453.406 581.250 701.781 790.500 793.250 828.093 833.937 846.125 999.750 1003.281 1070.406 1072.343 1102.125 1108.562 1216.843 1266.281 1325.718 1361.875 1419.250 1451.781 1540.437 1566.875 1571.500 1775.281 1825.937 1838.375 1860.875 1865.625 1887.750 1955.656 2334.593 3423.562 
63.750 66.156 72.843 148.750 342.781 412.312 417.750 431.812 455.687 463.875 570.843 712.906 793.250 811.093 827.812 838.125 1005.781 1009.812 1014.093 1083.625 1105.593 1130.468 1268.687 1310.500 1361.250 1397.031 1518.406 1647.593 1784.406 1842.937 1863.312 1925.500 1955.656 2501.250 3107.437 
55.250 66.781 83.156 320.750 415.906 425.687 457.468 694.625 809.531 811.312 828.156 834.718 861.281 968.250 972.250 1071.031 1124.281 1131.718 1231.468 1264.093 1369.781 1392.281 1489.875 1546.218 1585.406 1596.187 1674.656 1783.656 1824.812 1849.687 
26.156 87.218 342.750 402.343 414.156 454.187 525.281 568.531 639.531 692.656 695.500 778.937 792.937 811.843 846.875 856.593 967.906 1073.187 1099.906 1141.812 1378.000 1414.625 1570.812 1580.187 1746.062 1886.437 1899.750 1958.625 3434.281 3928.718 
1.625 12.375 77.750 368.843 425.250 434.500 472.000 717.031 809.531 840.000 952.593 1096.156 1388.531 1597.062 1815.875 1825.843 1939.062 2500.187 
330.437 344.593 400.718 692.937 809.593 890.593 966.250 1098.062 1331.687 1515.968 1568.656 1684.687 2075.343 2516.531 2607.375 2610.187 2623.250 2901.937 3783.468 
55.750 389.812 434.281 590.250 731.500 1072.875 1103.593 1122.375 1144.093 1229.375 1518.625 1572.531 1584.031 1665.468 1826.187 
431.062 447.437 468.906 694.906 1127.000 1219.750 1412.156 1662.625 1851.625 
72.343 789.218 825.062 838.250 952.343 1135.031 1375.406 1418.468 1582.375 3084.343 
