31.906 47.500 48.906 184.843 341.656 491.750 699.468 703.437 709.218 745.218 779.343 881.093 886.125 898.531 1004.218 1007.000 1030.937 1034.468 1067.437 1149.125 1164.750 1203.625 1411.812 1535.437 1732.156 1768.843 1787.343 1917.375 2159.968 2906.937 2988.781 
31.000 37.875 158.906 174.468 176.593 294.718 340.625 355.687 359.875 524.093 630.250 648.562 650.093 742.062 781.937 885.218 926.250 1005.437 1008.625 1164.812 1793.687 1866.656 1950.250 
35.375 37.500 159.718 168.250 278.968 296.781 398.593 401.968 531.750 636.937 647.000 694.218 731.218 762.968 885.187 915.843 919.125 1008.718 1066.656 1149.031 1160.093 1163.750 1195.531 1234.781 1411.375 1532.968 1732.093 1778.656 1789.250 2183.375 3344.625 3405.718 3415.718 3564.781 
146.656 160.593 256.687 283.625 336.906 341.218 398.187 405.125 648.812 654.687 670.218 738.218 884.187 922.125 1012.062 1147.375 1149.000 1200.093 1411.593 1419.156 1595.531 1744.531 1831.156 1840.531 2352.343 
38.750 158.843 178.562 629.781 776.343 1010.687 1032.218 1197.812 1286.375 1288.500 1412.718 1417.312 1777.406 1779.937 1953.781 3195.656 
30.218 176.406 184.281 295.781 339.156 350.218 770.156 885.468 901.531 926.468 1033.812 1163.656 1533.812 1749.906 1761.625 1865.500 1950.000 2979.062 
298.625 311.000 780.031 1067.531 1574.500 1587.906 1864.812 2243.656 2640.968 2863.812 2881.468 3725.093 
30.781 175.187 919.031 1004.218 1007.937 1034.593 1151.125 1163.718 1778.437 1791.781 2399.093 
30.125 177.781 300.437 647.875 774.812 1006.968 1010.812 1145.218 1411.625 1742.343 1987.906 
46.156 160.281 166.875 841.906 883.250 1758.250 1787.250 
