1161.156 1168.156 1564.250 1827.187 1983.968 3940.500 
98.750 604.312 1040.375 1242.843 1248.593 1262.812 1413.656 2208.562 3608.281 
23.906 96.906 173.093 781.750 812.593 1512.187 1516.375 2988.593 3526.968 
87.375 194.562 297.125 738.562 1134.437 1478.593 3411.187 3605.093 3625.937 
24.625 85.718 104.687 115.000 193.218 356.312 463.062 464.031 466.875 757.937 817.468 1511.343 1846.312 2529.375 2533.656 3392.906 3447.187 3544.312 3826.437 3879.031 3900.031 
103.437 514.343 526.437 651.875 655.875 1080.656 1089.750 1107.468 1109.125 2946.375 3190.781 3624.968 3772.875 
23.906 29.000 88.031 190.625 366.937 373.437 636.281 745.687 747.500 1107.875 1120.375 1145.718 1489.750 1544.000 1606.093 1614.937 2261.375 3305.750 3449.906 3517.843 3556.968 3612.687 3645.562 
31.156 100.875 431.843 485.062 503.312 562.531 567.968 747.875 800.593 803.406 827.468 1086.312 1225.562 1319.750 1353.906 1388.062 1478.625 1524.750 1541.750 1549.250 1631.875 1644.906 2187.687 2374.906 2423.656 2860.750 3115.375 
25.781 91.937 94.593 192.093 624.000 630.343 657.531 1100.375 1140.656 1201.468 1246.500 1478.250 1516.312 1522.125 1553.781 1571.218 1614.875 1699.781 1704.343 1879.312 2398.125 2478.187 2596.375 2688.593 2730.625 2902.281 2943.750 3826.468 3833.156 3845.906 
22.437 24.406 28.250 67.437 89.750 110.750 189.937 332.562 357.812 371.812 382.281 393.406 430.687 456.937 478.218 490.687 502.000 557.500 745.781 782.031 1070.375 1123.718 1126.375 1136.531 1163.375 1178.812 1486.218 1503.750 1509.375 1510.968 1518.937 1555.718 1620.937 1753.656 2031.000 2228.312 2328.843 2539.000 2557.375 2650.593 2846.968 3187.906 3222.937 3236.312 3311.937 3581.125 3804.562 
