285.218 886.875 970.312 1366.906 1374.750 1400.750 1775.031 1779.687 1899.812 1908.718 1914.687 3709.062 
138.062 332.250 346.218 355.937 369.562 499.437 655.125 768.375 1350.687 1794.500 1900.593 
766.000 1143.468 1151.312 1345.531 1348.218 1367.812 1391.250 1745.875 1791.812 1908.781 2037.343 
331.843 502.218 513.593 1110.437 1149.281 1346.562 1374.937 1400.468 1770.000 1898.500 1901.406 
57.156 67.906 125.062 334.343 349.093 357.500 678.937 738.718 1156.281 1219.562 1353.781 
52.968 132.531 354.968 536.375 658.281 880.750 1011.750 1369.125 1388.750 1688.406 1777.687 2796.000 
68.062 125.656 331.812 745.375 1222.937 1368.500 1368.718 1777.656 1899.093 1914.562 
67.875 137.156 368.156 501.031 654.156 663.500 731.406 1228.593 1348.093 1399.156 1776.062 1778.312 1901.312 1914.531 1917.062 
126.406 133.656 360.906 485.656 502.281 644.031 770.875 973.562 1093.625 1109.968 1222.656 1228.937 1392.968 1754.562 1777.843 1779.406 
66.968 327.375 756.906 764.750 1018.031 1398.625 1401.250 1778.531 1900.812 
