936.468 1664.437 1665.468 2247.125 
541.562 566.281 585.187 592.437 1634.093 1652.000 1668.531 1772.906 2254.406 3790.656 
530.031 563.781 574.750 580.875 604.593 716.437 726.781 746.937 755.406 917.531 945.500 952.531 954.531 964.000 1125.937 1261.718 1456.906 1663.906 1667.218 1669.875 2052.687 
105.750 229.875 558.062 566.062 579.468 588.812 765.218 924.500 1666.437 1859.937 1873.718 
80.468 233.281 528.000 569.218 589.781 764.531 906.500 1644.718 1663.843 1680.437 1726.718 
102.781 116.437 117.562 226.843 361.343 548.437 560.812 562.218 767.000 906.250 921.687 928.781 1866.687 2027.281 
226.218 550.500 562.406 764.468 924.406 925.125 946.000 972.593 1680.406 
235.468 921.625 937.718 945.687 947.437 1092.687 1612.968 1656.562 2185.718 2295.593 2332.093 
200.781 234.843 548.718 575.437 773.593 776.593 789.531 1668.937 1677.093 
506.843 553.968 562.281 758.781 766.468 925.062 929.812 1618.375 1666.968 1668.906 1856.625 1867.062 
