25.812 51.187 53.437 104.906 144.156 313.406 315.062 375.031 377.593 628.156 648.531 686.406 728.937 904.312 1024.562 1043.968 1072.718 1092.562 1106.843 1174.281 1198.406 1256.093 1290.687 1428.531 1445.531 1548.437 1629.375 1631.500 1648.906 1651.031 1656.562 1727.625 1856.156 1878.125 2337.125 2531.312 2567.125 3183.531 3239.812 3367.250 3495.281 3565.281 3793.125 3855.812 
31.125 48.093 87.281 105.031 109.031 255.968 271.312 312.593 340.125 353.875 455.500 495.468 539.625 540.562 783.343 812.687 880.406 904.531 909.750 979.812 1089.500 1173.437 1250.625 1255.187 1291.281 1548.187 1634.000 1650.562 1660.187 1744.250 1761.031 1768.343 1881.312 1984.531 2082.187 2205.000 2654.781 2801.093 3052.500 3310.968 3316.375 3546.968 3625.375 3771.406 3929.843 
10.375 47.156 96.750 110.218 158.250 177.593 179.468 282.406 317.718 333.062 462.312 520.125 625.625 638.406 672.906 676.843 700.812 703.625 904.312 1095.156 1172.187 1174.625 1254.187 1404.843 1445.000 1446.500 1528.031 1630.187 1755.531 1788.781 1865.093 1881.812 1940.906 1944.250 2497.093 2723.843 3199.156 3309.812 3345.812 3355.968 3438.093 3461.937 3581.312 3765.187 3785.656 3956.343 3972.781 
29.187 50.625 102.625 107.343 142.343 174.625 264.343 315.281 319.750 400.656 469.281 541.250 633.343 676.250 773.062 1025.218 1026.000 1088.000 1178.625 1261.875 1272.843 1429.250 1468.375 1472.000 1534.750 1543.250 1629.343 1728.750 1766.656 1769.593 1859.437 1937.062 2378.500 2452.968 2514.156 2741.718 2850.781 3056.437 3252.156 3306.125 3333.437 3412.343 3572.250 3617.468 3638.718 3742.937 3836.312 3984.093 
30.281 36.843 51.343 113.031 141.625 158.187 167.937 177.250 185.562 284.656 297.906 314.875 316.468 361.125 461.875 675.125 722.468 748.093 773.375 776.125 779.875 919.812 1004.906 1029.718 1080.750 1153.656 1174.343 1256.875 1278.937 1412.875 1415.125 1445.281 1533.312 1540.281 1631.406 1732.156 1733.218 1736.000 1790.406 1875.468 1925.937 1968.125 2093.843 2128.031 2229.125 2368.218 2375.812 2449.343 2511.312 2585.562 2610.593 2627.281 2968.093 3220.500 3449.937 3470.875 3572.031 3584.906 3603.875 3638.031 3870.125 3872.500 
33.593 44.500 103.156 154.968 175.718 185.062 368.968 520.812 533.125 539.843 632.406 655.406 676.468 686.062 1024.875 1218.906 1230.781 1257.625 1292.281 1432.187 1778.687 1957.531 1969.781 2436.531 2453.187 2459.312 2580.093 2585.593 2725.250 2794.562 2995.000 3073.406 3218.156 3256.781 3261.156 3323.437 3331.375 3491.875 3506.687 3580.656 3682.468 3883.406 3911.125 
35.281 54.562 105.687 115.000 143.968 176.125 314.750 370.031 631.000 658.156 677.375 683.218 696.468 744.718 901.906 903.531 1017.250 1028.281 1175.375 1217.031 1225.812 1291.968 1404.218 1444.468 1473.562 1663.187 1742.000 1757.343 1763.343 1769.906 1771.031 1861.750 1878.468 1976.312 2222.593 2297.062 2438.343 2674.343 3008.843 3155.468 3454.500 3469.000 3792.468 3933.250 
33.250 35.812 46.625 130.375 143.750 154.062 177.281 293.781 316.687 332.000 358.000 450.125 454.250 521.593 664.156 755.156 789.468 878.500 902.937 906.156 1006.375 1007.781 1025.531 1087.937 1174.625 1223.218 1260.625 1290.000 1398.968 1413.156 1445.062 1446.625 1529.718 1630.906 1633.093 1736.343 1743.375 1813.062 1879.468 1923.625 2130.281 2142.718 2299.750 2332.187 2468.750 2587.812 2597.000 2737.156 2985.218 3054.125 3264.187 3439.187 3538.500 3933.968 3964.093 
31.437 35.062 51.343 110.937 123.718 147.031 176.968 312.968 315.187 365.000 377.656 455.218 536.843 634.375 660.968 686.406 740.750 759.656 776.375 901.468 930.250 1007.656 1029.125 1042.718 1086.656 1222.312 1224.687 1227.875 1251.312 1265.625 1290.000 1291.906 1395.781 1411.093 1445.218 1446.812 1549.468 1631.718 1742.750 1765.593 1776.468 1845.687 1874.187 2111.343 2202.656 2433.531 2439.187 2660.125 2693.218 2701.781 2812.781 2960.843 2972.250 3246.000 3251.156 3371.750 3391.406 3698.468 3801.781 3805.281 
173.937 283.187 316.312 330.562 375.906 631.000 643.718 650.656 665.875 748.937 751.156 776.906 879.937 934.875 1004.937 1006.500 1038.468 1162.843 1217.031 1257.312 1289.781 1392.125 1445.343 1528.281 1630.437 1739.156 1747.250 1761.250 1764.125 1767.781 1852.968 2281.500 2307.343 2739.812 2800.125 3221.031 3295.812 3481.031 3588.218 3814.031 
