12.187 32.843 62.218 73.281 100.812 261.250 320.281 326.218 385.218 406.781 407.718 426.281 503.656 523.437 571.375 575.375 654.687 675.281 806.593 839.812 932.750 988.125 1096.406 1258.437 1294.031 1297.781 1299.843 1387.406 1456.187 1487.437 1583.718 1584.500 1656.375 1807.562 1893.562 1952.281 1985.562 2099.312 2421.562 2749.312 2875.093 3159.687 3234.718 3603.593 3728.843 3731.843 3826.781 3838.437 3922.468 
20.656 73.750 105.312 201.156 334.687 337.125 355.000 410.812 521.531 571.187 597.343 641.375 643.312 688.031 816.156 877.375 986.906 1112.031 1126.656 1164.375 1292.031 1293.656 1444.625 1450.843 1466.593 1473.687 1486.750 1544.062 1588.593 1592.437 1654.968 1805.968 1893.375 1983.250 2224.062 2522.125 2984.562 3164.750 3382.906 3459.593 3629.656 3676.187 3812.437 3827.031 3832.937 
81.468 261.093 320.468 409.468 584.718 596.781 648.312 783.000 798.062 811.125 932.375 1050.906 1103.062 1121.968 1164.093 1486.906 1502.281 1573.437 1623.687 1656.031 1804.625 1820.343 1848.687 1866.937 1896.187 1986.406 2232.531 2411.062 2413.593 2483.531 2642.937 2933.218 2950.406 2992.687 3129.218 3150.218 3322.281 3338.406 3563.062 3584.593 3646.656 3778.093 3843.875 
35.812 77.281 100.281 102.125 123.875 238.281 259.000 409.375 414.843 501.437 571.000 588.125 597.468 652.718 781.593 814.281 841.437 893.062 988.062 1113.875 1127.500 1173.031 1292.843 1427.343 1461.062 1463.718 1490.312 1502.062 1543.968 1566.500 1574.312 1576.718 1590.812 1657.937 1664.968 1707.218 1716.906 1894.031 1953.750 1987.093 3141.062 3547.125 3726.250 3874.500 3972.687 
34.375 101.781 122.062 235.375 238.687 314.500 324.000 386.218 403.156 419.937 518.593 567.406 571.125 680.625 688.062 771.687 799.875 899.531 987.250 1104.718 1120.281 1126.843 1133.562 1234.937 1442.937 1455.125 1499.781 1501.187 1627.843 1638.218 1656.093 1702.843 1803.406 1804.125 1807.093 1895.031 1951.218 1992.812 2117.875 2510.781 2516.062 2570.218 2785.250 2794.906 2805.593 2838.718 3055.156 3058.687 3316.343 3534.218 3600.437 3686.312 3855.156 
37.656 56.500 82.500 102.562 105.187 202.093 230.906 234.312 238.093 257.875 410.687 517.531 521.500 575.125 577.062 664.125 800.406 805.375 818.375 880.343 933.312 987.812 1168.031 1220.906 1275.562 1486.656 1584.937 1597.031 1616.343 1656.687 1783.781 1800.312 1808.406 1893.093 2204.781 2331.406 2621.250 2634.562 2648.937 2840.000 2943.093 3048.750 3133.125 3142.250 3174.562 3224.656 3235.406 3244.343 3669.468 3731.000 3846.750 3849.218 
75.218 102.093 197.875 236.750 361.781 409.437 444.687 516.437 558.625 598.062 643.937 673.500 681.437 826.031 932.812 1100.562 1127.656 1138.375 1166.500 1220.187 1291.593 1292.343 1461.531 1485.406 1492.906 1502.500 1544.000 1592.562 1605.625 1658.625 1693.968 1705.968 1787.218 1805.968 1890.437 1895.781 1954.125 1979.218 1986.687 2201.125 2227.375 2365.062 2512.500 2565.781 2589.125 2629.437 2731.656 2773.781 2921.468 2942.593 3023.187 3049.812 3322.906 3401.156 3766.781 3774.750 3856.406 
64.375 77.906 78.937 82.593 100.750 195.187 227.281 237.281 261.250 315.531 358.312 377.437 524.250 564.656 599.750 663.812 672.437 679.875 806.531 891.906 933.531 988.156 1096.875 1115.562 1142.656 1159.625 1170.593 1226.250 1270.437 1438.375 1488.312 1505.687 1587.718 1656.062 1706.718 1716.937 1802.468 1806.406 1878.218 1952.406 1984.031 2201.937 2291.593 2379.031 2436.656 2452.531 2586.187 2619.500 3123.375 3136.125 3166.062 3416.687 3456.625 3609.718 3760.687 3867.125 3980.250 
52.500 77.218 101.937 222.562 236.000 236.562 260.687 262.875 386.031 401.812 492.156 515.125 565.781 597.968 599.531 681.312 815.437 891.375 904.250 989.406 1134.593 1163.718 1265.593 1294.687 1386.031 1437.468 1444.625 1456.875 1500.968 1589.968 1602.687 1657.437 1701.718 1705.687 1805.875 1893.093 1893.937 1986.593 1991.000 2244.875 2358.156 2558.406 3129.656 3328.343 3411.437 3555.562 3584.406 3686.093 3843.437 
43.500 101.281 134.718 235.125 238.156 262.250 325.593 386.718 387.500 417.000 518.937 657.687 800.500 898.187 935.343 988.343 1025.906 1109.468 1141.687 1502.687 1579.250 1587.093 1608.812 1629.375 1639.406 1657.531 1787.187 1806.000 1988.718 2161.250 2209.093 2694.031 2992.062 3079.656 3086.093 3436.468 3524.625 3612.906 3726.843 3777.656 3784.000 3911.593 3912.625 
