22.500 23.968 61.968 140.562 147.562 221.218 243.625 244.531 255.343 273.968 275.281 332.281 347.125 375.812 490.656 502.656 531.968 645.875 664.093 689.718 734.875 740.375 762.437 791.218 840.593 898.843 1235.843 1295.281 1298.468 1337.937 1458.187 1460.656 1498.687 1571.218 1664.687 1701.281 1719.531 1812.968 1816.500 1853.875 1878.562 2005.031 2692.250 2997.781 3560.312 3927.156 
22.937 58.656 105.562 109.968 119.218 127.625 143.906 221.625 255.187 271.031 294.562 401.343 527.718 688.812 700.687 701.218 740.250 776.656 782.687 917.093 1028.625 1152.500 1226.187 1255.687 1338.093 1360.687 1546.031 1592.812 1651.250 1674.062 1721.156 1773.156 1808.343 1837.625 1853.531 1947.718 2760.687 3534.093 3577.093 3851.375 
22.750 40.718 50.406 62.500 163.531 166.718 295.906 373.718 375.625 496.687 503.843 530.781 647.218 736.187 746.156 777.656 904.812 916.281 944.906 952.812 1034.156 1121.375 1236.406 1297.000 1317.968 1360.218 1496.062 1550.875 1633.687 1650.125 1686.406 1719.593 1806.500 1857.375 1962.187 1963.531 3582.531 3592.250 3700.000 
23.875 31.687 39.343 65.406 101.718 167.031 250.093 268.312 374.718 375.500 403.656 526.343 686.687 745.312 760.562 852.187 874.312 939.500 1152.687 1233.875 1262.000 1295.312 1318.531 1335.843 1451.218 1453.781 1592.875 1685.781 1686.656 1778.000 1806.656 1808.125 1826.750 1858.687 2069.531 2216.781 3189.718 3594.593 3646.218 3876.531 
58.031 59.875 103.125 110.156 169.343 178.906 237.968 277.500 286.625 292.812 372.781 385.000 497.562 664.906 685.781 712.406 748.281 842.218 873.812 876.343 916.968 949.562 1039.156 1040.656 1137.281 1259.312 1337.000 1345.812 1361.937 1592.562 1595.375 1631.906 1660.312 1667.625 1700.500 1702.312 1826.718 1838.656 1847.031 1858.406 2385.562 2727.031 3252.218 3445.250 3718.656 3786.500 3900.406 
167.156 168.156 330.531 347.062 373.718 402.875 512.593 527.906 551.718 552.843 656.625 659.156 687.968 689.250 725.343 827.156 979.531 1098.125 1339.562 1340.687 1360.156 1438.062 1532.468 1547.937 1593.781 1683.687 1702.218 1806.343 1811.937 1828.718 1857.125 1876.718 1964.937 1977.437 2005.906 2648.656 3155.906 3396.093 3554.531 3636.531 3663.000 3840.250 
22.250 25.968 41.187 61.968 138.625 162.406 257.468 270.125 374.500 505.156 527.843 549.062 694.812 741.687 777.593 841.281 919.062 972.062 1103.812 1231.093 1339.375 1360.937 1461.156 1632.437 1693.812 1807.562 1857.375 2004.781 3130.687 3201.593 3315.093 3326.656 3623.312 3778.312 3841.718 
23.875 41.593 55.781 168.093 230.031 234.375 277.000 292.250 346.687 375.093 401.156 663.968 664.531 759.625 873.000 1196.187 1232.468 1236.593 1334.437 1338.750 1359.812 1455.968 1592.000 1594.343 1653.093 1681.718 1701.937 1702.906 1874.593 1962.093 1964.875 2946.875 2991.968 3204.875 3317.812 3446.125 3929.937 
55.531 121.875 267.218 293.156 375.343 402.093 691.625 708.187 760.000 763.125 845.843 1093.875 1295.687 1308.468 1337.593 1360.125 1460.625 1480.031 1498.500 1578.156 1591.531 1645.625 1652.625 1855.375 1858.093 2003.156 2415.187 3088.843 3439.250 3659.187 3667.562 
61.281 105.781 115.500 132.687 139.406 164.281 374.812 386.531 405.031 485.718 503.875 721.218 739.531 761.500 794.906 1231.218 1336.875 1338.562 1359.718 1577.437 1590.781 1670.656 1810.781 1826.500 1827.312 1856.625 1864.625 1964.187 2584.687 2819.343 2973.687 3237.281 3252.593 3697.781 
