-1821.594 -1661.125 -1571.313 -663.219 -614.094 -206.625 -204.782 18.937 47.812 91.593 98.531 139.781 141.968 146.812 301.625 429.968 457.031 498.312 554.906 558.437 820.875 890.437 966.250 1070.375 1184.250 1265.375 1303.500 1528.687 1560.531 1644.250 1666.000 1724.093 1741.656 1770.062 1874.437 1927.687 1986.156 2908.625 3336.750 3503.906 3713.812 3921.250 3921.500 3941.875 
-1950.375 -1919.750 -1886.844 -1843.688 -1808.250 -1706.532 -1623.938 -1599.782 -1545.969 -1454.000 -1167.344 -812.500 -798.500 -780.688 -774.063 -673.969 -597.969 -479.282 -426.250 -365.532 -326.313 -278.282 -79.563 -39.157 21.843 38.187 44.375 58.562 69.687 85.750 141.031 203.406 274.593 344.093 350.875 372.875 405.062 441.500 522.812 555.937 609.937 639.687 761.500 863.781 886.937 890.250 1047.312 1051.281 1085.375 1213.750 1307.875 1335.562 1419.093 1485.343 1627.312 1633.593 1641.906 1650.625 1654.156 1674.906 1718.468 1778.062 1883.375 1922.093 1953.968 3225.187 3607.500 3609.718 3639.500 3754.156 3756.656 3865.406 3959.781 
-1884.657 -1879.000 -1850.313 -1555.907 -652.813 -507.875 -502.532 -494.563 -453.032 -272.500 -136.750 -55.344 54.437 85.968 88.562 119.250 347.250 398.687 415.531 456.562 520.437 532.562 547.031 605.125 636.000 683.406 754.375 759.687 879.500 891.375 990.031 1173.031 1338.406 1341.500 1435.875 1467.500 1556.656 1633.281 1643.312 1655.062 1717.593 1874.593 1878.218 2527.312 2559.218 3155.343 3799.843 3848.875 
-1614.282 -1223.438 -1171.407 -959.625 -941.094 -903.532 -507.125 -464.907 -461.407 -439.313 -417.875 -389.594 -210.875 -95.438 16.343 92.093 165.906 306.750 344.968 374.250 380.375 383.500 397.843 460.406 511.781 547.593 553.406 556.250 559.937 753.937 1050.687 1111.531 1161.031 1333.906 1340.843 1345.625 1538.843 1595.843 1642.187 1648.312 1698.968 1721.375 1793.968 1842.968 1889.406 1918.375 1984.218 2164.343 2360.406 2464.031 2531.750 2983.843 2990.437 3175.906 3464.500 3484.125 3500.750 
-1880.907 -1878.875 -1584.813 -1540.782 -1540.313 -1010.657 -984.282 -485.344 -193.219 19.593 42.437 68.687 87.187 165.812 170.843 363.250 440.906 456.343 483.843 502.062 522.375 548.468 611.687 637.250 682.062 862.656 884.625 888.187 1078.218 1123.125 1156.281 1168.656 1214.093 1293.562 1332.125 1342.468 1407.062 1431.218 1646.718 1711.593 1989.687 2079.281 2806.781 2937.531 3153.093 3445.625 3619.218 
-1964.094 -1943.875 -1722.344 -1701.594 -1673.750 -1636.250 -1398.657 -884.032 -287.907 -273.313 -237.500 13.812 24.718 49.593 83.187 94.593 200.343 245.312 345.250 375.281 384.250 539.312 602.187 615.312 633.218 755.843 885.093 961.593 1333.531 1352.906 1470.781 1506.156 1720.187 1748.875 1797.843 1874.531 1882.093 1897.656 1956.437 1977.906 1991.468 2009.531 2115.437 2227.125 2709.187 2757.937 3107.781 3740.468 3806.593 3832.718 
-1849.532 -1766.563 -1432.157 -1116.219 -896.407 -805.094 -804.563 -776.719 -769.750 -732.594 -705.407 -290.094 -265.094 -263.125 -41.907 48.218 72.468 93.781 148.031 172.531 188.750 197.781 203.250 345.906 376.687 515.312 521.875 553.312 755.750 861.468 886.312 896.156 1023.187 1149.062 1253.343 1268.968 1332.062 1344.718 1509.187 1571.468 1597.187 1643.437 1658.468 1714.875 1724.656 1752.343 1788.187 1820.750 1880.906 1995.906 2560.281 2643.000 2953.687 3356.000 3505.531 3533.156 3541.406 
-1107.469 -376.407 -308.250 -225.032 87.062 119.062 142.281 303.000 351.875 463.656 493.218 523.562 557.687 869.406 1028.906 1046.937 1051.968 1169.656 1263.656 1315.906 1351.781 1436.468 1466.437 1676.968 1791.375 1872.437 1988.093 2149.468 2727.406 3295.281 3301.968 
-1536.782 -933.938 16.750 57.437 87.625 117.812 211.968 303.406 340.250 397.468 549.531 786.312 805.156 886.031 967.750 1051.531 1088.937 1231.531 1262.750 1341.000 1597.875 1658.531 1769.000 1791.843 1983.781 2051.281 2575.218 3049.218 
-1930.407 -1103.407 -526.907 23.343 40.406 49.000 179.531 512.500 531.656 674.375 867.343 884.906 1144.593 1305.500 1477.250 1636.093 1649.312 1790.625 1886.062 1990.812 2603.250 2959.187 3051.281 3057.968 
