171.906 198.781 258.937 322.312 433.093 597.625 915.531 920.875 1446.656 1476.343 1488.281 
56.906 255.875 759.656 770.000 1483.843 3592.375 3867.375 3872.281 
36.500 58.843 257.750 423.062 431.500 496.781 660.687 772.593 1348.281 1397.000 1977.062 2481.156 
431.062 433.093 599.031 758.437 906.500 918.031 1449.750 1547.781 2630.000 
133.093 198.312 617.656 757.750 759.625 821.625 1109.375 1328.812 1891.250 3389.093 
57.562 62.375 114.468 157.375 255.718 434.000 1346.750 1385.875 2289.031 2698.906 3773.000 
432.281 606.687 616.093 628.625 637.625 973.937 1481.625 
3.562 35.375 36.468 427.968 911.250 917.500 3073.937 
187.531 220.250 744.031 762.500 914.468 1248.843 1384.843 1390.468 
428.250 668.343 
