237.468 359.656 535.437 808.562 1174.343 1225.218 1447.375 1641.125 1726.312 2322.062 2971.281 3096.656 3525.656 3598.875 
210.375 227.031 441.718 472.093 664.906 997.125 1341.125 1650.437 1781.687 1790.375 2065.218 2619.625 2958.968 3064.031 3206.093 
83.968 118.031 469.875 606.593 783.781 1183.906 1246.750 1690.875 1739.906 2525.218 2868.281 3011.906 3106.875 3303.687 3352.656 3387.625 3499.156 3540.187 3550.906 3827.625 3866.250 
198.812 290.750 295.781 537.406 758.062 775.781 992.437 1208.718 1535.781 1673.500 2457.156 2892.031 3189.218 3305.750 
96.718 526.187 705.687 822.093 1119.656 1641.750 1727.968 1751.156 2230.375 2424.468 3160.437 3465.562 3837.250 3958.218 
137.906 224.500 511.500 757.218 774.625 1015.312 1245.218 1365.062 1652.062 2047.343 2736.156 2867.250 3562.812 3989.000 
195.656 205.843 499.000 787.531 796.812 985.312 1170.312 1304.781 1855.843 1862.656 1872.000 2553.375 2562.781 2813.625 2881.218 3171.343 
89.687 492.968 772.812 1199.125 1483.906 1638.062 1681.437 1870.843 2775.750 2810.687 3093.281 3544.000 3843.468 3886.468 
686.031 1174.781 1608.375 1674.656 2168.750 2919.843 3222.875 3442.593 3586.656 
278.187 301.718 602.437 782.281 1158.312 1261.656 1555.468 1704.406 1732.093 1911.750 2312.500 2732.468 2853.781 3005.812 3660.625 
