15.625 19.281 328.718 806.937 980.656 1092.625 1221.250 1354.875 1362.593 1362.937 1368.531 1380.875 1396.906 1754.468 1776.218 1784.968 
144.250 424.687 528.843 646.750 1009.031 1346.812 1359.375 1362.562 1373.156 1374.968 1376.500 1381.125 1774.593 1782.968 1905.718 
329.406 349.343 486.718 594.968 881.187 1161.468 1210.937 1228.281 1362.562 1366.062 1373.187 1373.406 1374.937 1375.187 1380.531 1381.437 1395.375 1397.093 1743.562 1775.000 1778.562 1898.218 1917.625 1979.031 
662.531 1172.531 1362.593 1367.562 1368.500 1373.406 1386.406 1390.468 1393.843 1394.718 1754.406 
66.468 332.437 343.812 344.531 521.812 620.187 656.062 662.781 985.125 1006.625 1129.875 1221.750 1350.500 1372.500 1373.437 1406.593 1746.156 1773.687 1982.562 3659.062 
136.343 754.093 767.031 893.218 1219.656 1347.031 1362.593 1364.656 1367.906 1381.718 1395.093 1399.687 1422.718 1766.968 1793.625 1898.312 1934.500 1994.343 
16.250 129.937 196.375 358.843 365.656 469.968 548.000 766.718 1000.437 1157.281 1203.656 1361.718 1367.875 1384.468 1386.437 1399.687 1517.406 1782.968 1925.000 
178.968 344.062 469.781 655.906 656.187 662.843 668.906 809.218 895.500 1016.062 1098.031 1227.781 1362.843 1374.906 1388.593 1401.468 1403.250 1405.656 1701.875 1772.437 1788.937 1903.250 
44.343 364.875 662.500 998.156 1150.218 1494.312 1647.500 1742.343 1773.937 1777.687 
152.625 332.625 390.281 662.843 879.750 1119.750 1362.125 1377.781 1379.843 1380.843 1761.343 1773.687 1774.781 1897.156 1906.968 1980.375 
