-1598.063 -1107.375 -1070.657 -698.438 97.187 245.437 836.031 1112.656 1121.781 1138.250 1808.343 2145.781 2163.218 2168.500 2206.093 3027.343 3881.187 3922.281 
-1579.250 -1474.719 -1384.250 -1305.219 -757.469 -754.032 -573.657 106.843 187.406 566.625 632.062 657.031 661.687 981.000 1013.156 1130.250 1150.937 1574.093 1600.250 2735.062 3798.500 
-1919.907 -1912.907 -854.563 -636.219 -617.438 -225.219 -191.219 -120.594 35.843 63.375 778.125 788.687 915.593 925.406 941.156 1124.500 1138.593 1400.000 2613.750 2664.656 2715.218 3450.250 3474.031 3480.750 3533.593 3943.000 
-1863.063 -1860.375 -1858.688 -1458.719 -1385.844 -1357.313 -1108.875 -843.344 -694.657 -637.969 -620.625 -595.125 -435.000 -415.875 -412.469 -316.063 -303.969 -297.250 -180.157 -166.032 51.250 151.375 262.125 264.125 295.500 360.593 639.375 756.656 771.031 979.000 1418.875 1438.093 1438.718 1744.781 1828.406 1963.406 2007.937 2198.718 2333.468 2501.281 2507.468 3772.281 3775.875 3797.750 3812.437 3859.937 3869.625 
-1813.813 -1518.000 -1135.250 -1084.500 -1035.407 -988.875 -792.563 -747.875 -744.532 -728.875 -668.969 -209.125 -179.657 -178.969 52.875 60.156 105.062 108.625 240.250 253.906 411.250 455.125 468.000 480.062 630.031 770.156 1121.375 1127.312 1163.156 1278.187 1285.218 1586.437 1596.250 1744.250 1751.187 2070.000 2081.562 2281.312 2308.687 2831.250 2896.937 2898.093 3321.343 3399.218 3424.281 3506.875 3588.218 3634.937 3649.187 3668.718 3733.687 
-1853.375 -1795.250 -1755.094 -1416.594 -1399.969 -1046.469 -903.063 97.031 107.093 232.218 302.031 439.187 489.375 618.218 622.375 643.593 652.656 771.281 785.281 1122.000 1151.375 1170.781 1286.468 1300.062 1311.937 1592.500 1720.906 1804.625 1851.718 1878.031 2523.781 2554.625 2720.031 3512.125 3547.437 3553.968 3571.375 3702.656 
-1964.438 -1747.688 -1653.688 -1637.407 -1610.719 -1589.375 -1583.969 -1546.469 -1138.219 -120.844 -101.094 -98.032 249.968 279.406 281.593 282.781 311.468 451.000 589.625 630.812 632.562 906.593 925.656 966.750 1134.656 1569.031 1573.718 1606.968 1958.625 2206.500 2332.156 2788.812 3325.968 3336.531 3426.781 3448.875 3461.437 3466.656 3479.031 3936.062 3946.093 3956.718 
-1815.157 -1813.219 -1776.500 -1765.125 -1709.657 -1708.657 -1588.469 -1431.344 -1260.907 -709.625 -599.688 107.593 116.437 133.593 149.750 168.218 178.562 278.406 369.875 447.593 665.093 673.656 674.531 1138.062 1141.406 1255.875 1272.687 1292.968 1726.375 1817.187 1838.312 2002.281 2975.031 3055.812 3071.937 3319.218 3391.500 3660.750 3662.531 3694.375 
-1744.000 -1718.000 -1709.219 -1699.844 -1676.688 -1576.438 -1562.625 -1524.313 -1050.407 -945.907 -941.969 -893.844 -660.188 -455.125 -125.844 -105.032 -36.438 -24.157 -18.375 104.656 265.656 277.250 437.718 633.968 774.468 822.281 894.937 910.375 1109.531 1151.031 1276.468 1306.750 1456.531 1576.562 1588.093 1644.625 1998.250 2162.906 2165.500 2220.562 2904.937 2907.218 3010.750 3164.531 3885.250 3924.593 3978.031 
-1944.094 -1903.532 -1882.938 -1872.282 -1860.625 -1856.532 -1797.063 -919.032 -908.657 -837.313 -343.125 -337.782 -318.438 107.281 110.250 242.656 305.843 453.718 480.156 660.437 936.968 1179.500 1584.468 2003.781 2005.062 3026.031 3047.375 3073.406 3951.625 3970.312 
