-1353.969 -652.282 -598.313 56.406 78.843 268.343 272.625 280.781 319.312 326.218 575.906 873.093 1226.906 1455.781 1513.968 1721.218 1735.843 1737.312 1759.625 1946.031 3412.187 3736.218 3907.312 
-1971.500 -1914.719 -1908.282 -1615.125 -718.938 -596.563 -51.657 -34.250 -28.688 -15.469 -10.125 82.343 128.250 132.437 272.156 321.593 325.218 783.375 1217.468 1475.468 2129.000 2926.562 2980.000 3013.000 3939.312 
-1050.125 -996.282 -983.750 -982.657 -979.750 -977.500 -956.219 -949.719 -944.688 -921.407 -557.782 -370.532 -346.063 -277.000 -175.594 -17.375 70.656 130.250 192.625 269.375 401.968 466.843 560.656 564.250 682.562 712.906 1007.593 1023.312 1207.250 1298.687 1431.781 1467.906 1801.000 2482.500 2505.531 2559.406 2564.625 2794.437 2833.937 3626.093 3905.968 3910.218 3923.125 
-1859.500 -1811.344 -1748.063 -1289.938 -1287.969 -903.532 -877.188 -806.907 -769.313 -392.844 -390.875 -365.750 -313.063 -241.719 -218.375 132.031 132.437 133.781 184.187 271.593 318.312 325.593 346.218 382.906 661.312 785.968 800.312 1022.125 1426.500 1427.906 1954.625 2395.625 2397.750 2409.125 2438.812 3324.593 3388.718 3420.718 3438.625 3651.625 3667.375 3967.281 3983.687 3985.875 
-1873.500 -1651.032 -1492.907 -853.094 -848.094 -806.688 -795.532 -786.407 -481.032 -465.594 -459.750 -161.282 -122.907 -26.094 61.781 200.843 344.312 501.812 533.468 541.000 649.500 656.343 664.531 673.750 782.000 954.687 1168.468 1226.000 1436.468 1508.312 1673.375 1758.531 1938.062 1950.312 1955.187 2237.218 3009.812 3013.875 3020.000 3035.937 3105.406 3374.562 3392.187 3421.781 3445.750 3658.437 3670.437 
-1867.782 -1864.000 -1847.000 -1812.813 -1616.063 -1605.188 -1289.282 -1252.063 -967.594 -938.469 -758.907 -738.282 -736.000 -726.219 -714.563 -565.375 -558.719 -487.875 -476.719 -406.438 -398.657 64.968 130.281 133.593 187.750 381.156 678.968 1214.750 1437.812 1566.156 1578.156 1648.750 1838.437 1934.218 1944.562 1969.906 1979.500 2113.906 2115.625 2134.531 2158.062 2300.812 2715.250 2830.062 2851.812 
-1662.594 -1640.813 -1575.032 -1389.782 -1236.407 -1073.188 -840.438 -597.063 -101.407 2.781 129.156 286.593 294.656 673.062 839.718 919.968 1219.750 1252.312 1370.437 1445.343 1735.343 1744.281 1787.281 1807.593 2005.000 2172.031 2199.468 2605.531 2660.718 2787.281 2812.968 3221.812 3963.656 3980.218 
-1200.375 -1199.282 -1143.969 -1111.313 -915.969 -473.094 -112.625 21.093 28.468 36.875 652.718 800.718 910.750 981.031 1210.187 1213.875 1216.000 1221.875 1454.250 1646.937 1653.312 1956.375 1959.125 1962.468 2029.750 2088.937 2532.000 2603.531 2652.875 2660.968 2708.031 3211.750 3216.093 3230.656 3994.625 
-1971.188 -1255.688 -1229.938 -1199.282 -1167.688 -1151.688 -893.969 -854.625 -24.500 22.093 294.250 376.250 506.187 507.625 515.343 781.031 791.531 796.656 973.156 1080.968 1430.812 1434.375 1821.750 1929.406 1933.593 1942.312 2116.062 2143.250 2174.187 2504.375 2518.531 3525.906 3548.843 3562.125 3563.875 3594.718 3854.656 3873.593 
-1995.282 -1238.469 -1227.750 -1196.032 -1144.094 -1094.188 -1089.188 -1060.500 -275.469 -209.313 -178.094 -177.813 -162.938 -145.657 -120.219 66.500 177.031 498.843 642.375 1249.312 1359.437 1462.625 1641.375 1834.250 1853.718 2328.937 2339.031 2340.250 2582.593 2811.843 2814.156 2817.093 2832.156 3327.875 3411.281 3436.156 3459.218 3887.656 
