-1624.907 -1603.719 -147.750 333.375 725.375 1123.562 1206.781 1449.781 1636.125 1686.125 1707.781 3073.968 
25.843 50.250 58.281 165.625 224.250 1300.250 1444.375 1635.843 1685.968 
44.437 165.187 225.906 1301.968 1636.250 
-1245.532 105.593 568.281 709.281 1106.718 1443.750 1638.125 1789.093 1789.375 
-1088.219 67.031 77.781 95.593 163.281 270.093 603.593 1288.437 1301.781 1447.562 1641.093 2525.000 3376.812 
-1251.000 48.531 514.625 562.312 652.187 723.687 725.875 1115.718 1236.906 1525.781 1634.125 1636.468 1640.218 
-1668.344 -1657.719 -1430.563 234.218 299.875 1636.031 1638.062 1645.656 1942.468 3180.187 
161.968 164.000 235.593 1108.968 1210.750 1307.968 1635.031 1636.187 1692.437 
-1513.625 -1465.625 82.281 244.812 715.406 727.281 750.468 1137.562 1298.593 1643.562 3877.687 3977.937 
-1709.750 -249.188 -117.688 -91.969 52.812 167.343 361.937 966.500 1328.562 1637.656 1642.437 1672.875 1690.656 1790.843 2561.593 
