-770.782 45.031 49.750 54.031 190.843 396.593 505.500 516.437 677.937 822.343 1117.625 1660.406 2816.687 
-1053.719 62.156 89.875 91.968 191.437 241.500 820.593 1344.062 1346.062 1355.812 1616.031 1617.687 
46.312 190.250 687.437 1637.625 1648.781 1839.562 3733.750 
-1317.563 -25.469 219.750 695.406 819.406 1192.281 1352.562 1819.781 1840.656 2125.375 3217.781 3509.843 
-106.344 35.781 46.218 65.437 249.125 936.125 1618.781 1819.718 
-1346.500 -1058.063 46.531 95.656 107.875 200.500 291.250 512.031 671.406 941.968 1013.125 1611.500 1616.062 1831.125 1841.312 1863.312 3533.687 3840.062 
42.281 42.593 49.281 673.718 1354.500 1721.656 1827.218 1838.593 
-357.844 52.906 1187.687 1669.218 1822.093 1830.750 1834.062 
-1148.625 -384.000 -74.657 48.875 191.343 196.812 836.781 1121.968 1345.343 1511.593 1730.437 1839.750 1858.656 
-92.375 47.562 49.187 79.218 228.750 488.281 577.468 862.281 893.031 1343.656 1358.562 1616.468 
