-1002.625 -135.500 142.250 217.593 453.750 689.718 892.406 1002.437 1126.156 1224.062 1451.281 1539.750 3694.312 
37.687 703.656 712.531 783.593 1270.031 1270.718 
36.437 76.500 84.906 201.375 429.625 430.843 1333.562 
-1567.938 -522.844 32.906 91.281 881.812 1270.750 3064.312 3531.250 3538.031 
-1396.625 32.312 42.250 429.281 482.937 1325.343 3510.906 3602.656 
-1312.188 39.468 216.562 220.812 258.718 383.281 523.062 2216.781 2924.062 
-1269.188 -933.157 32.125 32.500 
84.218 428.750 1276.125 
-178.938 32.281 33.125 84.375 286.093 429.812 433.812 434.843 935.031 1211.156 1270.937 
-1747.782 -452.250 -156.938 -4.813 37.312 74.687 371.531 437.906 900.375 987.156 1030.906 1283.218 3882.531 
