17.250 19.531 20.312 327.750 432.781 490.093 504.531 505.750 526.625 701.062 742.625 745.156 765.406 769.937 772.812 858.125 958.093 1174.500 1196.156 1216.125 1413.843 1479.812 1542.812 1651.562 1909.125 1942.375 1985.187 2053.468 3398.468 3567.500 
14.562 15.000 18.281 85.531 309.625 398.687 434.468 510.406 539.750 767.968 771.250 772.750 963.843 1040.468 1126.968 1181.156 1210.968 1843.500 1854.843 2966.656 2973.875 3289.312 3309.937 3406.343 3409.718 
15.218 46.625 378.312 419.718 430.250 512.812 698.656 761.406 764.593 769.656 777.062 1003.218 1047.656 1228.812 1374.312 1455.812 1843.718 1846.937 1862.562 2009.093 2012.062 2052.656 2797.625 2847.000 2860.843 3264.625 3976.250 
15.281 16.562 288.906 301.062 421.281 427.812 550.562 743.375 761.812 974.156 979.437 1088.500 1096.250 1207.843 1351.437 1370.531 1436.000 1458.000 1499.062 1505.468 1569.031 1653.500 1845.843 1975.750 1984.812 1989.468 2010.531 2014.812 2021.406 3044.718 3585.968 3865.156 
15.218 249.281 260.156 266.593 308.468 328.562 434.156 702.218 761.781 763.093 765.062 769.531 815.500 884.062 915.531 926.250 962.687 1067.500 1112.218 1192.937 1290.968 1348.843 1372.625 1429.437 1477.718 1537.656 1625.937 1648.656 1798.093 1962.968 1983.406 1985.531 2007.968 2009.937 2014.062 2019.000 2148.000 2151.656 3090.968 3662.968 3775.812 
14.750 17.281 166.781 259.093 311.968 377.687 488.281 515.093 577.968 583.375 592.593 628.937 703.125 706.843 711.437 721.937 736.562 742.718 764.562 769.843 771.656 773.031 1179.125 1356.437 1380.625 1473.218 1573.718 1630.062 1630.593 1714.000 1851.687 1925.312 1985.125 2014.750 2020.875 2025.406 3823.156 3861.843 3941.437 
16.906 158.562 259.625 309.375 392.875 535.875 591.750 698.250 742.625 785.187 794.875 820.187 888.687 960.375 1112.718 1117.375 1178.656 1186.937 1202.906 1287.031 1361.937 1434.500 1482.687 1499.656 1586.312 1651.000 1800.218 1842.750 1846.375 1854.218 1953.531 1986.125 2012.031 2017.187 2019.750 2408.812 2461.000 2464.406 3576.000 3579.468 3822.062 
1.312 5.250 15.062 15.406 17.562 131.156 159.437 191.843 198.781 260.812 350.062 378.812 383.250 391.125 420.062 431.500 496.937 590.687 612.343 628.093 665.937 704.093 740.000 763.406 882.437 1050.625 1070.843 1105.593 1120.468 1179.250 1355.437 1373.687 1441.625 1622.531 1715.687 1806.875 1851.687 1857.562 1898.875 1901.500 1922.156 1954.187 1958.312 1981.906 2008.406 2010.187 2019.937 2036.968 2111.468 2597.125 2745.250 2766.125 2769.375 2958.500 3153.875 
15.312 24.781 29.625 45.062 162.375 205.156 295.718 376.093 382.031 391.812 419.875 492.031 514.500 576.000 590.687 664.656 697.062 705.718 741.687 825.968 958.218 962.812 1104.968 1113.843 1192.250 1209.218 1220.156 1317.250 1333.656 1358.093 1373.531 1451.906 1473.000 1476.812 1519.500 1578.968 1696.062 1801.031 1846.531 1890.687 1894.656 2008.125 2010.281 2013.031 2020.281 2027.625 2034.000 2458.250 2757.093 2762.093 3067.843 3080.718 3084.562 3085.875 3090.093 3315.500 
15.375 18.156 29.125 86.343 156.781 158.468 249.875 266.250 310.187 411.562 432.906 509.250 511.375 513.781 534.187 594.500 613.906 665.906 698.656 701.312 742.156 742.437 742.968 789.281 840.968 843.718 926.656 957.875 964.343 1113.375 1116.093 1157.656 1173.812 1199.375 1286.343 1349.343 1361.656 1478.531 1507.750 1539.875 1666.093 1801.625 1845.187 1858.906 1873.750 1892.000 1937.500 2009.437 2012.031 2195.625 2204.312 2513.062 3116.531 3121.125 
