74.656 78.937 210.468 222.312 492.875 711.906 713.062 750.406 811.375 1100.593 1234.406 1355.750 1387.312 1824.968 1839.750 1910.625 1929.281 2026.500 2080.156 2135.031 2257.687 2270.468 2280.781 2333.781 2408.875 
263.750 679.781 712.125 737.625 848.968 866.687 945.281 996.281 1188.093 1233.656 1349.218 1376.062 1397.312 1751.968 1795.125 1843.937 1901.687 2040.343 2132.750 2136.343 2313.593 2325.687 
218.437 472.750 539.625 634.281 813.156 920.218 1052.062 1137.562 1163.093 1164.218 1350.718 1353.093 1371.875 1807.781 2011.187 2084.437 2133.593 2137.312 2229.843 2289.187 2314.281 2411.156 
475.375 493.500 497.031 500.656 524.500 573.906 834.843 837.218 846.937 908.531 1006.843 1123.781 1230.250 1353.906 1589.093 1753.093 1838.718 1887.250 1911.125 1987.093 2335.406 
234.156 473.562 475.000 631.562 667.687 726.625 752.218 760.656 775.500 1044.281 1045.968 1061.656 1155.125 1351.468 1749.468 1835.406 1885.343 1927.343 1990.000 2229.062 2273.531 2313.968 2391.187 2406.718 
122.531 250.125 496.937 516.562 521.406 558.000 655.968 755.093 834.687 1106.906 1121.937 1128.187 1151.218 1591.406 1649.156 1694.218 2136.093 2168.718 2244.687 
79.218 129.250 232.656 472.531 632.656 648.343 758.062 822.812 823.593 976.093 977.468 1061.468 1131.062 1193.156 1757.656 1819.531 1827.906 1888.437 1926.125 1988.687 2044.843 2046.593 2062.781 2286.875 2357.093 
217.031 476.343 540.968 712.687 722.906 731.468 858.281 994.250 1043.281 1046.968 1209.062 1750.906 1821.468 1824.906 1887.718 1892.312 1897.812 1934.937 2138.031 2324.875 
80.218 123.281 207.406 208.968 262.468 522.250 715.156 813.687 824.562 894.156 1106.656 1213.625 1239.718 1379.843 1824.281 1832.937 1940.656 1990.656 2008.125 2039.843 2072.468 2164.093 
101.343 208.656 210.437 472.375 515.625 712.656 721.968 776.843 811.843 866.468 872.000 955.406 1011.343 1128.250 1139.250 1203.187 1215.968 1239.000 1239.562 1823.562 1911.343 2133.468 2368.218 2414.375 
