248.437 511.343 729.187 732.718 752.593 804.531 827.312 1029.562 1135.437 1144.312 1300.656 1301.531 1395.687 1469.218 1473.718 1509.281 1581.093 1738.218 1854.312 
726.312 1041.812 1074.968 1076.500 1301.500 1375.468 1410.875 1471.750 1584.281 1631.593 1680.593 1853.937 
509.875 802.250 900.468 950.937 1006.500 1047.281 1141.000 1232.718 1233.281 1236.937 1328.812 1586.406 1697.781 
1120.625 1233.375 1236.781 1240.218 1335.281 1370.343 1400.125 1403.218 1655.562 1738.125 1743.062 
245.437 726.281 727.687 811.312 1067.406 1237.687 1345.500 1423.406 1643.843 1852.281 
512.343 745.625 754.000 803.156 804.843 994.343 1009.187 1240.656 1251.750 1301.437 1379.562 1388.125 1467.687 
749.437 1043.906 1092.937 1124.468 1132.750 1233.031 1236.812 1304.062 1313.656 1369.687 1379.093 1402.593 1411.406 1448.375 1585.468 1713.625 
251.968 727.312 949.156 951.125 1109.781 1301.218 1341.000 1374.281 1737.312 1738.156 
73.281 109.718 253.937 744.968 1301.468 1344.531 1397.031 1400.750 1527.812 1548.843 1549.156 1619.687 
508.437 745.062 901.187 991.218 1233.625 1235.250 1236.750 1300.937 1303.906 1320.656 1343.562 1492.312 1585.031 1661.906 1717.968 1906.125 
