24.187 283.500 297.875 547.625 660.750 672.593 757.593 904.062 953.093 1064.781 1404.187 1676.843 1698.156 1827.781 1858.625 
27.031 38.968 546.406 704.718 758.312 946.843 1005.250 1168.875 1262.843 1414.125 1562.281 1654.093 1814.937 
50.375 215.843 395.000 661.593 664.343 756.750 955.531 1072.437 1393.125 1497.750 1699.406 1778.625 1828.906 1866.343 
182.812 400.062 546.375 757.281 906.656 1064.781 1157.562 1405.937 1654.437 
213.625 292.031 394.250 404.281 422.000 557.625 562.531 680.750 697.218 756.937 877.718 928.562 1127.718 1169.687 1220.562 1239.406 1558.093 1707.156 1766.125 1829.437 
294.906 390.000 836.812 843.156 1065.000 1167.812 1201.312 1237.531 1244.906 1273.218 1394.218 1405.000 1443.875 1578.218 1658.218 1718.125 1741.656 1766.562 1792.281 
546.125 547.468 556.500 658.531 760.656 919.281 1088.968 1149.968 1226.562 1253.281 1270.406 1432.281 1654.468 1702.187 1714.656 
57.906 179.343 183.000 249.812 251.656 390.281 394.625 499.812 502.250 964.843 972.562 1118.093 1131.375 1144.312 1258.875 1391.343 1417.125 1440.281 1597.906 1657.375 
185.250 215.187 252.156 295.000 399.468 553.593 573.031 663.500 768.906 908.125 1151.156 1191.375 1274.937 1391.343 1438.406 1572.906 1653.906 1727.687 1756.250 1767.812 1827.500 1855.937 
184.562 218.625 768.437 923.562 937.531 1068.531 1092.156 1121.281 1235.343 1454.656 1528.062 1656.562 1678.781 1690.000 1712.781 1722.750 1732.343 1767.375 1817.937 1831.250 
