15.406 425.687 697.593 798.156 942.781 3294.593 
24.031 289.093 517.437 1080.031 1199.375 1268.593 1992.562 2397.937 
31.437 39.812 105.593 351.468 529.125 595.625 787.781 1351.562 1604.250 1613.656 
16.000 17.062 18.437 19.218 107.093 182.312 503.281 547.281 739.375 844.406 920.187 1001.437 1149.406 1195.687 1425.406 1611.781 1647.468 2565.000 3067.156 3678.531 
16.531 35.531 83.218 510.312 793.125 810.781 1346.781 1605.250 
18.875 224.187 425.531 1151.687 1188.437 1351.687 1473.625 1587.906 1881.968 3323.125 
33.937 54.812 83.000 217.406 341.750 611.093 679.718 1858.375 1947.718 3215.562 
17.968 19.500 101.937 106.687 171.687 289.343 739.812 949.531 1861.500 1949.781 2954.375 
16.875 33.875 120.718 181.718 862.718 1427.875 2108.906 2434.937 3825.875 
15.750 95.750 239.062 679.718 1781.437 2349.812 
