43.750 70.593 80.187 229.031 299.812 310.281 315.593 543.281 560.937 568.812 624.656 635.093 647.406 710.500 869.875 894.531 1218.656 1484.375 1551.312 1564.843 1766.843 1770.031 1958.343 
35.687 39.062 72.812 83.718 88.468 352.500 388.750 541.468 574.843 577.593 631.843 638.062 780.687 1270.656 1538.937 1558.281 1561.000 1564.843 1616.062 1622.906 1634.281 1765.156 1765.625 2892.000 
36.375 40.437 41.156 73.218 310.468 392.062 460.187 462.875 501.468 580.500 894.000 1097.687 1264.718 1534.656 1567.218 1573.343 1602.656 1634.843 1643.968 1766.468 1767.937 1772.906 1870.843 2835.093 
37.625 46.781 86.968 95.187 312.625 315.593 461.781 490.937 546.906 652.281 1251.031 1460.375 1461.468 1462.375 1557.968 1624.156 1683.375 1851.437 
40.093 73.125 83.281 84.593 299.812 320.156 388.937 553.843 629.875 631.843 638.093 659.218 768.250 773.468 855.187 970.531 1088.812 1104.187 1555.187 1634.125 1687.187 1769.250 1773.093 1844.843 1871.906 
299.781 308.593 317.281 375.281 389.156 490.843 549.187 557.843 577.343 635.375 870.125 965.312 1536.875 1551.656 1628.343 1848.062 1945.406 
367.281 546.312 968.312 1458.000 1616.812 1763.781 1765.625 1766.843 1775.281 1846.187 
76.687 77.687 299.593 564.187 577.656 580.125 582.468 645.250 763.687 778.531 861.187 961.312 1135.437 1271.281 1534.625 1561.031 1573.031 1613.531 1767.000 
42.281 85.781 307.500 401.500 463.000 559.625 579.500 633.906 764.687 779.625 1097.937 1099.750 1155.312 1224.031 1540.312 1549.781 1634.343 1644.062 
37.937 80.187 88.125 298.375 318.093 626.875 771.718 1239.312 1449.156 1539.062 1765.625 1871.906 
