17.000 34.968 67.843 69.562 74.468 76.250 78.062 82.031 109.093 140.656 169.187 415.781 516.531 750.906 1041.500 1075.312 1192.250 1462.500 1846.375 
19.312 20.312 45.343 59.375 84.843 98.343 113.093 182.062 334.562 336.250 417.812 511.531 753.218 1067.937 1073.625 1943.781 
18.937 19.593 22.937 33.187 35.312 47.125 84.312 134.156 403.031 444.031 752.750 756.250 759.843 1074.125 1454.937 1492.000 1803.250 1920.875 1932.312 
20.156 21.968 26.093 35.062 35.406 41.906 60.281 65.968 91.125 124.031 175.500 182.250 204.406 450.312 669.500 762.187 766.406 1192.281 1717.500 1720.312 1722.781 1724.875 1833.718 2650.031 
19.656 28.906 43.343 48.656 61.531 87.687 174.312 178.875 432.968 467.625 560.812 755.281 980.531 1036.093 1041.750 1464.750 1725.000 1916.187 1947.031 2963.500 
21.718 33.343 36.812 38.343 43.343 60.281 82.218 136.906 160.625 164.937 167.562 182.375 191.906 560.656 675.062 1069.812 1075.375 1192.125 1834.187 
16.843 23.937 28.125 57.281 67.343 96.843 97.968 169.843 664.156 750.687 760.843 977.562 1041.000 1052.531 1186.875 1189.500 1336.156 1466.875 1491.781 
19.593 21.812 23.531 23.906 29.437 33.250 37.312 52.437 73.843 86.656 102.125 109.687 131.531 157.468 177.593 212.843 231.437 751.875 1060.093 1192.125 1574.625 1578.531 
18.718 19.531 23.125 54.562 55.718 57.218 63.812 130.843 152.218 157.250 428.343 453.593 490.906 517.406 519.000 753.062 1192.125 1561.312 1935.312 
17.187 21.531 23.218 26.781 36.656 45.937 61.062 95.656 196.625 495.812 504.968 518.250 569.000 669.562 755.562 856.843 1056.468 1095.375 1192.187 1252.062 1907.718 1913.812 1918.906 
