254.093 299.843 305.687 306.093 316.343 319.468 320.843 321.375 323.218 339.750 342.375 351.656 1060.062 1231.375 1237.218 1308.468 1403.093 1655.375 
324.093 330.812 356.062 457.468 485.562 491.093 536.031 755.875 855.625 1403.062 1413.125 1647.843 1804.812 1870.187 2982.781 
87.937 194.531 301.125 306.062 476.437 487.375 508.000 561.968 995.968 1007.781 1017.906 1111.968 1138.687 1310.437 1678.875 1988.968 
301.781 322.218 323.593 325.968 326.875 328.343 340.062 590.531 1247.468 1408.437 
283.375 296.500 321.375 322.968 325.718 327.000 330.312 464.062 486.531 488.593 527.312 754.843 1158.062 1413.156 1418.125 1688.093 1782.406 
88.937 283.187 289.625 304.218 326.000 349.125 355.250 488.625 493.125 525.531 796.656 1145.375 1178.437 1201.250 1392.250 1408.500 1692.843 1730.531 
298.718 316.406 319.968 325.687 341.218 353.218 491.125 493.531 503.406 517.156 655.562 759.968 799.343 877.312 1127.812 1209.343 1214.781 1883.125 
230.843 306.375 320.156 322.937 324.687 326.687 486.843 501.343 503.375 588.968 1079.437 1318.812 1677.031 1682.812 1809.031 1883.375 
283.531 285.375 292.000 309.625 319.687 323.968 324.343 501.468 505.968 562.906 594.000 755.468 761.375 1200.906 1412.906 1424.687 1787.312 3321.750 
302.625 326.625 328.312 329.656 352.093 354.250 474.343 486.906 498.218 517.656 542.562 561.125 1059.375 1124.593 1204.468 1215.562 1303.718 1403.125 1684.968 1875.281 
