-47.657 -47.282 52.781 304.062 355.562 535.000 576.937 775.656 824.625 830.031 906.406 909.781 929.750 1015.593 1146.718 1164.656 1171.656 1201.750 1221.562 1344.750 1356.750 1476.343 1482.593 1485.031 1508.500 1572.187 1644.062 1659.375 1729.812 2021.406 2025.406 2040.843 
165.062 201.562 298.656 347.375 515.187 558.625 650.156 665.500 749.718 823.843 824.562 858.531 937.750 997.250 1036.062 1043.281 1173.906 1535.437 1623.031 1650.687 1713.843 1747.312 1875.375 2001.406 2047.125 2085.875 
296.000 306.718 358.437 471.062 502.500 564.468 705.781 891.968 900.812 917.406 940.875 1373.531 1386.312 1532.125 1843.250 2006.937 2080.687 
50.593 284.156 340.093 367.562 464.812 528.500 559.687 587.500 677.468 752.812 846.031 848.031 905.375 1077.468 1080.625 1283.437 1325.531 1514.125 1854.812 2083.531 2141.125 
184.843 384.718 506.437 566.218 816.843 823.468 867.406 889.125 905.906 925.968 1204.312 1349.937 1450.812 1628.593 1628.937 1836.468 2052.500 2055.437 
28.875 748.250 872.156 1000.343 1073.562 1205.031 1384.187 1455.000 1729.750 1747.312 1771.437 1993.156 3634.062 
33.031 172.843 182.500 280.031 298.718 503.718 534.062 544.500 940.812 1011.781 1028.125 1326.312 1513.031 1663.656 1732.718 1868.437 1953.406 
33.906 298.687 309.062 566.531 656.250 752.812 816.812 1346.625 1513.125 1625.500 1922.250 
47.562 366.750 397.625 574.250 848.062 1014.687 1028.062 1033.906 1056.937 1344.843 1530.718 1533.031 1654.406 1713.687 1732.843 1740.062 1836.625 1997.437 
175.125 311.250 649.281 897.312 1316.468 1450.500 1521.343 1911.375 1938.625 2083.250 
