30.906 467.437 716.968 810.625 831.437 861.937 1259.875 1321.750 1578.375 1654.593 
42.062 474.968 591.093 791.562 1179.000 1273.593 1537.250 2021.437 2045.968 2085.500 2308.906 
197.750 332.656 338.500 700.875 819.625 825.812 1087.250 1170.062 1368.156 1986.312 2187.781 2375.687 
808.250 944.406 1232.031 1237.593 2085.656 
25.437 381.750 443.812 845.718 2122.812 
443.906 512.500 533.687 894.000 1188.812 1233.906 1288.468 1330.906 1490.250 1623.125 1927.968 2111.406 2345.343 
21.218 43.687 70.218 199.156 437.906 453.812 804.656 1255.781 1357.593 1556.031 1576.687 2044.937 2125.781 
197.781 846.281 1170.812 1345.000 1562.312 1578.437 
72.625 199.375 455.750 687.375 876.500 1173.125 1431.250 2149.750 2203.531 
458.593 520.781 860.625 949.937 1270.156 1326.125 1513.312 2039.593 
