193.093 299.406 433.937 498.906 640.968 642.781 684.218 1113.437 1189.250 1234.843 1275.968 1302.875 1836.843 1884.187 3716.750 
158.531 174.031 402.468 503.656 514.906 537.625 549.562 1090.875 1862.000 
175.437 518.250 640.906 679.281 1937.656 
-1545.938 46.937 691.343 1213.000 1372.968 1374.468 1377.093 1841.906 
500.343 547.031 641.000 1278.937 1321.343 1843.937 
402.875 713.375 2122.812 2463.125 
62.593 603.281 1083.312 1131.531 1346.125 1888.937 1935.312 
69.718 580.562 673.656 682.187 704.656 973.812 1278.812 1329.656 1381.656 
-197.313 159.531 564.906 608.156 679.531 688.906 1101.468 1198.218 1202.875 1288.343 1887.656 
-1698.907 431.937 1239.125 1294.500 1897.156 1984.062 
