28.937 80.156 113.937 218.437 346.968 400.437 418.406 525.156 529.875 545.343 555.812 583.250 591.312 676.531 737.406 781.312 814.468 873.187 933.843 1099.625 1141.468 1155.156 1196.750 1255.375 1336.218 1348.843 1359.218 1415.468 1420.093 1442.187 1466.125 1516.187 1525.312 1527.906 1537.875 1581.625 1690.343 1757.750 1783.593 1819.375 1823.937 1921.937 3238.281 3415.562 3417.437 
63.718 76.562 98.468 103.531 113.875 231.187 311.343 338.750 403.312 403.812 407.593 426.187 524.968 584.187 614.375 639.500 800.937 822.093 828.281 869.562 892.812 918.218 1047.812 1061.312 1128.218 1140.468 1300.531 1304.687 1329.656 1349.812 1354.812 1407.937 1414.343 1424.312 1434.937 1495.656 1519.468 1522.000 1540.218 1568.906 1574.656 1596.781 1666.062 1693.468 3069.375 3076.625 3103.031 3130.093 3405.531 3650.500 3660.031 
86.375 99.093 112.000 193.093 221.218 233.281 250.000 399.218 403.000 505.781 527.218 583.093 815.718 830.156 840.687 908.781 993.562 1000.750 1022.500 1035.437 1206.281 1303.625 1317.000 1328.593 1359.875 1403.093 1409.968 1423.312 1426.593 1459.562 1487.718 1488.281 1520.531 1573.093 1651.156 1663.312 1678.968 1698.875 1704.468 1710.593 1766.062 2380.031 2764.812 2771.687 2776.406 3698.625 
56.093 80.687 90.156 113.406 117.000 232.031 254.843 258.781 264.625 279.437 391.125 394.406 416.062 426.250 494.000 522.593 526.468 531.062 569.000 599.531 617.531 633.843 781.750 803.281 820.250 876.718 890.562 932.406 990.812 1039.281 1112.062 1163.750 1217.531 1269.718 1290.656 1351.437 1358.625 1396.968 1420.406 1426.000 1524.625 1533.937 1663.531 1704.968 2149.937 2401.687 2414.750 2421.562 3109.906 3746.593 3749.531 3751.687 3803.406 3837.718 
17.250 32.125 66.906 107.031 113.093 113.937 144.343 147.312 153.875 166.468 198.500 232.437 236.718 390.812 404.343 408.875 457.343 475.656 497.125 528.093 600.593 624.593 757.000 813.406 821.375 894.375 902.906 959.343 995.281 1104.812 1160.562 1185.437 1291.718 1296.500 1353.468 1408.500 1419.968 1435.781 1530.468 1585.406 1586.468 1587.750 1668.468 1669.312 1845.593 1846.093 1850.375 1850.812 1906.843 2682.656 2685.843 2687.968 2692.937 3510.250 3546.375 3552.031 
67.343 84.500 121.875 232.750 404.250 423.625 501.687 511.562 522.281 528.843 596.843 680.656 763.062 777.062 806.187 811.218 876.406 886.562 892.343 898.656 904.250 909.281 1134.531 1150.843 1177.593 1297.343 1302.656 1306.218 1334.406 1340.218 1350.406 1352.812 1354.718 1423.343 1426.687 1461.781 1525.750 1538.625 2333.687 2358.281 2829.531 2857.625 2879.093 3054.156 3055.906 3060.000 3065.468 3071.906 3355.406 3381.125 3450.406 3949.812 
28.000 102.281 108.500 117.406 156.718 230.656 253.687 391.593 406.437 449.468 478.625 513.187 526.656 592.156 593.875 754.250 818.406 820.687 834.937 865.093 879.531 887.375 893.531 900.750 912.468 919.937 997.406 1109.750 1139.812 1145.906 1161.000 1318.531 1354.500 1409.281 1426.000 1448.281 1527.406 1529.593 1619.562 1651.375 1692.531 1713.875 2359.906 2855.031 2861.437 2885.343 3179.125 3219.093 3700.906 3704.125 3725.218 
63.937 72.687 93.218 106.593 117.781 130.406 143.562 196.781 217.843 383.250 406.312 410.125 444.156 525.000 577.687 579.281 602.406 771.781 799.875 816.281 825.250 866.406 875.218 888.937 908.218 924.093 1001.031 1050.656 1101.468 1161.406 1331.875 1338.718 1352.968 1363.625 1439.656 1522.531 1536.968 1701.875 2166.281 2646.812 2667.375 3244.593 3260.000 3539.031 3543.968 3565.875 3577.687 3584.750 3586.937 3606.125 3691.687 
74.843 83.562 119.375 127.375 206.281 225.625 232.781 241.125 264.125 399.625 426.812 431.406 496.718 505.843 531.375 624.312 777.218 795.531 800.437 823.187 825.593 880.968 913.500 932.531 995.812 1040.531 1043.656 1132.062 1142.218 1305.968 1310.343 1328.906 1339.031 1356.750 1362.718 1403.718 1423.562 1435.687 1502.906 1635.312 1663.593 2113.125 2164.218 2166.093 2327.812 2334.250 2339.656 2568.218 2575.531 2649.343 2651.906 3053.187 3617.343 3621.062 3633.125 3642.062 
71.687 104.812 110.968 111.687 116.281 229.343 237.750 248.968 302.718 385.906 398.000 408.937 526.000 540.875 561.031 595.625 598.656 753.437 835.781 875.625 891.031 902.718 951.718 1007.437 1044.375 1129.656 1159.281 1168.562 1294.468 1301.687 1327.625 1346.093 1402.000 1416.906 1428.437 1587.625 1650.500 1661.843 1677.343 1706.843 2315.250 3002.562 3024.187 3726.343 3860.531 
