-1968.625 61.406 68.625 161.468 197.468 211.750 251.875 290.531 294.468 323.843 329.218 371.437 389.843 436.562 474.750 611.062 614.531 647.281 653.468 729.937 743.875 877.218 988.625 1001.593 1028.937 1051.968 1077.968 1160.406 1172.343 1202.656 1262.843 1273.875 1286.968 1288.031 1347.187 1372.875 1410.406 1417.781 1428.343 1434.937 1456.218 1507.187 1621.656 1631.062 1634.000 1680.093 1687.093 1734.656 1895.562 1910.000 1931.250 
19.750 22.312 37.218 65.187 66.437 85.406 100.031 109.656 160.718 213.468 223.750 253.531 259.031 266.281 287.062 350.093 397.156 425.500 452.812 453.781 477.375 481.000 533.281 575.750 578.218 592.156 613.562 920.343 933.062 1029.625 1030.906 1040.250 1066.531 1076.468 1083.031 1108.968 1120.781 1132.500 1160.750 1202.031 1273.718 1282.843 1286.812 1305.406 1318.343 1371.593 1387.343 1410.437 1430.562 1512.312 1598.781 1617.406 1686.687 1708.406 1736.281 1759.062 1830.125 1869.750 1875.218 1897.375 1919.187 2002.843 
-1754.875 -835.875 25.031 35.812 41.687 61.218 77.437 109.031 194.875 224.843 230.875 250.062 287.250 290.968 327.281 349.843 370.062 386.625 414.156 415.500 420.687 431.031 437.187 449.312 459.343 464.281 474.656 477.687 498.968 531.031 566.968 572.781 581.062 587.531 600.593 611.562 686.593 744.375 765.656 769.937 773.531 774.562 833.750 847.125 886.843 892.968 941.187 967.593 995.781 1053.437 1114.375 1131.843 1170.718 1262.218 1283.531 1327.750 1337.437 1378.218 1425.281 1428.218 1436.687 1440.250 1470.468 1508.437 1536.593 1551.156 1583.000 1603.906 1636.031 1659.687 1671.187 1684.781 1777.968 1803.812 1871.718 1906.562 1964.187 1978.437 
-1888.313 -330.032 -24.750 16.468 23.218 47.000 53.187 66.750 99.468 116.156 117.312 144.468 175.031 223.031 253.531 259.750 361.312 380.125 425.750 459.218 477.375 478.187 479.906 485.968 496.843 516.812 532.718 576.250 586.562 602.093 680.750 686.343 741.843 859.031 912.843 932.875 935.656 986.812 994.750 1024.906 1029.593 1032.843 1046.968 1051.187 1053.750 1066.312 1076.312 1104.500 1160.562 1262.437 1288.343 1299.656 1328.687 1348.500 1366.562 1380.000 1393.156 1436.968 1504.281 1533.656 1535.656 1576.437 1593.468 1656.843 1664.500 1672.187 1676.625 1681.843 1730.218 1749.718 1756.625 1777.187 1828.812 1899.500 1906.718 1916.562 1919.250 1999.468 2001.437 2525.312 
38.375 76.875 81.156 110.468 113.312 117.593 153.875 177.343 184.281 187.125 196.156 254.656 255.968 269.187 270.968 285.906 287.125 341.156 348.593 359.625 360.000 363.468 385.687 398.093 424.781 449.562 460.312 464.625 481.218 524.250 538.406 579.718 648.031 772.187 774.531 792.843 805.718 826.906 836.437 847.437 881.875 906.562 910.593 926.031 996.937 1020.093 1080.500 1097.468 1104.000 1115.812 1187.968 1219.500 1262.062 1270.781 1297.500 1347.750 1422.562 1426.250 1427.281 1470.531 1484.687 1523.375 1581.593 1636.500 1653.312 1662.843 1665.218 1669.125 1686.750 1688.500 1731.937 1736.562 1757.250 1791.062 1920.500 2723.812 3003.375 3193.812 3431.062 
-998.875 16.312 21.343 38.250 82.812 100.156 116.156 160.687 198.218 198.687 221.531 251.000 269.281 275.687 288.843 292.593 294.468 309.625 460.187 476.687 478.625 480.875 484.187 516.906 517.531 531.437 569.062 600.468 602.343 605.468 668.968 702.031 743.906 782.218 793.093 819.218 831.562 876.187 886.468 916.000 928.937 985.781 1074.375 1105.125 1231.437 1274.125 1275.437 1288.312 1314.656 1323.000 1326.250 1358.625 1369.062 1372.156 1381.718 1385.593 1464.593 1518.062 1572.656 1591.281 1616.031 1618.437 1661.375 1676.156 1729.375 1733.968 1735.843 1776.562 1896.656 1995.906 1999.625 2825.718 3581.906 
-939.063 33.968 39.968 54.562 59.218 66.500 69.031 115.250 116.968 120.218 146.031 180.062 237.500 251.937 287.156 296.312 315.718 325.562 349.218 397.593 418.250 442.343 469.718 477.875 516.218 524.406 576.250 582.437 620.687 662.031 686.312 698.937 748.937 764.562 769.687 774.750 793.875 811.781 863.593 881.875 892.250 941.781 943.812 1027.406 1034.125 1034.468 1053.625 1073.781 1074.906 1099.937 1118.781 1124.937 1158.593 1166.062 1185.843 1222.250 1324.343 1357.562 1362.593 1415.250 1535.812 1541.187 1576.437 1586.687 1596.281 1598.843 1605.156 1657.843 1686.968 1724.625 1751.781 1759.250 1929.687 1932.875 1945.906 2348.718 2734.593 
-1122.094 -304.438 23.468 36.562 59.250 64.000 82.625 83.406 85.156 95.875 110.531 148.156 150.406 188.937 191.156 193.812 222.312 253.500 371.093 412.593 415.062 418.093 459.062 461.093 464.406 469.375 471.156 478.187 479.656 481.406 482.406 535.531 545.187 573.625 578.562 606.468 713.000 726.437 731.250 774.250 834.625 886.468 1019.437 1051.125 1065.875 1076.968 1132.562 1133.531 1147.437 1157.625 1158.812 1267.468 1369.312 1383.093 1421.375 1441.781 1472.625 1507.906 1514.000 1613.875 1614.968 1663.468 1730.687 1731.468 1744.906 1756.531 1789.687 1813.968 1960.875 1975.312 3484.687 
-755.625 33.656 40.312 99.406 113.312 115.468 161.312 194.781 210.031 213.906 248.312 252.531 314.750 327.250 419.375 431.468 524.656 531.656 608.593 611.062 665.375 681.562 702.875 727.656 739.562 743.656 877.312 918.093 1019.375 1024.343 1026.750 1073.500 1077.156 1103.468 1125.500 1153.718 1287.093 1307.562 1330.218 1356.187 1439.500 1475.875 1590.531 1615.625 1655.437 1676.375 1687.343 1716.031 1730.375 1758.000 1792.468 
-578.500 15.843 35.406 58.625 64.062 85.312 111.500 144.437 177.718 185.812 190.156 194.093 205.531 251.375 260.093 268.281 310.406 326.281 355.531 380.062 411.093 435.562 470.812 477.125 479.500 502.156 527.750 534.687 579.562 603.093 663.812 742.343 744.437 793.562 850.531 918.062 1005.031 1031.718 1068.625 1074.281 1107.187 1113.968 1129.812 1161.750 1162.718 1200.093 1234.656 1243.593 1284.562 1351.031 1428.000 1436.625 1437.656 1537.375 1554.562 1605.218 1643.937 1684.312 1697.656 1730.843 1734.781 1745.625 1758.250 1766.375 1776.718 1804.250 1842.375 1880.687 1916.406 1921.093 1943.031 1974.250 1994.125 2003.062 3783.281 
15.750 21.000 28.937 65.593 80.281 81.968 84.218 103.968 109.531 115.781 121.843 174.218 187.656 191.125 197.281 199.468 225.031 247.062 265.562 266.500 270.593 274.906 288.375 303.593 308.718 313.218 349.000 381.750 420.281 426.062 470.656 480.281 515.437 572.093 575.031 577.968 587.843 605.000 606.656 610.062 614.843 664.531 682.218 740.875 770.312 847.093 905.625 937.156 996.468 1030.000 1050.156 1054.656 1094.531 1181.843 1195.125 1216.093 1262.531 1277.718 1288.312 1305.593 1321.718 1382.500 1424.437 1468.718 1479.406 1488.000 1508.562 1536.281 1600.750 1663.468 1694.843 1732.281 1743.750 1853.625 1869.531 1918.062 1921.781 3076.781 
35.531 42.156 79.031 119.781 158.718 208.718 247.093 251.437 271.687 286.156 317.812 390.375 393.593 425.343 482.156 483.781 518.656 563.812 574.812 578.312 608.281 644.000 687.218 745.875 767.062 847.562 922.375 928.718 947.156 967.937 999.093 1051.562 1054.281 1073.937 1109.656 1186.000 1197.093 1309.250 1367.187 1381.656 1383.781 1385.875 1409.312 1475.125 1524.406 1677.968 1701.406 1734.781 1762.656 1778.875 1840.875 1891.312 1975.406 2004.656 2845.937 
0.187 19.093 27.625 30.593 79.656 119.781 143.937 152.968 188.125 193.968 203.031 210.187 251.000 332.781 453.437 519.562 526.093 567.875 575.593 581.375 602.656 625.937 703.000 710.187 713.375 853.187 898.000 907.406 960.437 987.468 999.343 1022.656 1053.187 1085.750 1106.312 1267.156 1292.968 1296.593 1302.406 1354.437 1371.531 1410.250 1418.718 1477.406 1516.875 1581.250 1583.343 1592.687 1603.687 1613.562 1635.531 1657.093 1671.500 1684.531 1731.218 1765.156 1785.093 1937.750 1945.531 2003.937 
-1877.563 -323.532 15.812 34.093 73.968 110.562 145.156 162.625 176.125 187.906 189.468 221.437 226.625 286.875 291.656 385.000 437.593 460.812 471.500 524.187 564.031 621.062 643.343 687.812 847.812 888.406 894.968 897.312 917.156 979.000 988.000 1001.125 1021.531 1025.593 1027.218 1100.281 1157.062 1188.031 1324.187 1384.250 1409.093 1426.437 1489.375 1492.625 1526.218 1601.343 1609.156 1611.312 1613.843 1617.000 1619.781 1676.437 1687.687 1726.437 1744.406 1826.812 1847.468 1858.718 1920.531 1987.375 1997.281 3862.593 3925.125 
