-1560.313 -1201.657 -233.407 35.437 89.500 92.875 113.187 122.750 144.062 179.843 272.687 277.062 285.312 329.968 347.687 512.843 552.500 556.593 662.562 978.031 1093.437 1095.281 1141.312 1157.906 1161.750 1163.312 1428.968 1482.218 1487.781 1494.718 1518.218 1594.843 1896.875 1954.500 1956.375 2772.406 2786.093 3171.093 
-895.594 -873.625 -281.282 52.718 90.281 233.343 241.906 257.000 271.031 331.500 333.343 336.875 378.250 672.125 696.625 749.218 750.312 779.750 878.781 1156.187 1197.625 1397.625 1486.500 1824.187 1870.531 1890.281 1926.125 1958.125 2224.906 2627.375 3574.750 
-1078.219 22.312 53.968 87.625 90.156 93.125 228.968 232.156 276.906 282.500 294.031 327.718 330.718 338.343 552.468 664.437 692.750 756.500 1078.937 1092.750 1100.906 1495.687 1515.625 1614.531 1616.437 1619.500 1625.250 1631.343 2242.968 2608.062 3034.406 
-1260.563 -998.782 -995.750 54.750 81.375 281.437 330.812 631.406 669.531 748.968 753.375 1083.531 1165.156 1529.218 1569.781 1616.312 2983.500 3833.375 3841.281 3844.718 3867.468 
-1791.219 -1059.250 -1024.907 -681.563 -665.813 -136.094 25.718 30.093 78.781 80.937 81.593 93.562 224.343 330.562 343.062 416.375 442.531 691.218 755.281 783.562 790.656 1706.406 1953.312 2776.718 3723.500 
-1770.125 -1765.438 -1741.188 -1735.188 -9.407 31.375 35.968 91.812 198.281 278.656 328.750 552.937 697.281 700.250 882.468 888.531 889.062 896.250 1114.468 1125.187 1137.937 1910.156 1914.687 1918.343 1946.031 1983.437 
-1667.532 -1575.750 -1550.282 -112.250 -83.938 28.031 143.000 224.187 234.718 334.375 337.625 422.843 424.312 441.375 692.156 756.843 761.031 786.562 1073.906 1091.500 1092.187 1093.656 1098.218 1131.031 1136.500 1427.625 1575.343 1924.718 1955.843 2798.281 2807.187 
-316.875 -301.063 -204.344 55.375 81.156 89.187 112.812 223.687 276.187 328.500 696.312 697.843 699.656 763.625 874.218 877.656 889.968 1222.812 1431.062 1484.218 1488.093 1569.875 1893.406 1895.437 1897.625 1950.375 2961.250 
-1156.500 -1148.907 -875.000 71.687 73.031 106.312 140.000 333.062 692.312 754.281 756.343 1479.093 3160.156 3165.281 3176.687 3709.250 3721.062 3723.625 3730.343 
-1830.907 -1828.000 -1121.188 -819.938 -773.219 -735.813 -185.938 88.531 91.187 328.875 333.750 334.906 336.875 341.406 381.281 671.093 753.062 757.375 761.656 768.156 874.937 887.843 898.562 1618.531 1898.375 1947.593 1949.031 1949.937 1961.562 2683.562 2692.687 3173.687 
