2.562 6.562 18.750 24.187 33.812 35.968 117.312 147.593 245.125 251.437 256.312 267.562 289.625 294.718 322.281 373.781 389.781 398.000 400.125 410.000 466.593 531.000 572.093 714.656 717.312 784.343 787.187 1041.343 1132.375 1144.750 1156.468 1177.937 1272.125 1407.781 1425.343 1439.187 1452.906 1535.000 1693.218 1697.812 1763.187 1780.906 1840.625 1877.843 1880.000 1939.625 1986.343 2265.343 2319.000 2324.375 2331.937 2339.125 2351.062 2380.375 2391.875 2405.718 2700.718 2704.562 2807.718 2900.468 2925.093 2990.875 3074.156 3078.281 3441.437 3447.218 3480.125 3483.843 3681.625 
6.593 18.062 143.281 187.843 221.000 239.687 246.437 252.906 260.312 286.812 290.031 292.500 307.937 313.156 319.437 325.687 351.968 397.312 400.812 405.937 409.031 418.687 510.062 529.562 546.281 618.750 711.125 995.812 1022.250 1025.281 1076.375 1079.406 1110.968 1115.218 1127.718 1157.687 1178.531 1204.156 1220.812 1234.781 1287.281 1401.718 1463.875 1546.656 1555.843 1575.562 1743.281 1771.843 2204.750 2250.562 2286.156 2663.187 2697.281 2705.093 2844.625 3085.531 3396.968 3407.812 3412.312 3454.812 3460.875 3469.687 3485.437 3627.531 3863.093 3865.843 
27.250 43.093 59.750 61.625 88.750 102.625 127.281 129.468 145.250 174.875 184.875 209.000 238.750 259.218 267.968 298.875 328.281 381.031 475.531 480.875 569.625 597.218 638.625 718.968 1051.937 1073.250 1075.656 1125.437 1129.062 1151.156 1178.062 1276.406 1300.531 1329.437 1429.968 1638.218 1673.812 1684.625 1700.187 1794.375 1846.906 1865.375 1878.625 2125.625 2136.031 2212.406 2344.156 2590.562 2796.156 2914.312 2923.656 3076.843 3081.562 3234.375 3404.187 
31.281 41.031 98.187 102.812 176.062 205.406 224.500 310.093 338.750 366.218 390.812 469.656 494.687 545.781 648.156 908.000 974.656 982.437 996.812 1050.812 1127.937 1148.000 1172.718 1233.062 1264.531 1320.656 1385.687 1465.468 1480.437 1680.656 1720.562 1762.687 1868.843 1874.718 1884.312 2434.406 2498.312 2601.093 2948.468 3268.593 
210.187 229.468 502.937 574.718 990.281 1063.343 1131.656 1150.812 1182.062 1186.843 1238.093 1342.656 1417.468 1432.625 1660.250 1856.312 2281.375 2327.562 2369.406 2497.281 2519.531 2631.593 2764.906 3125.875 3213.906 3222.687 3239.718 3407.531 3900.593 
438.875 703.343 775.812 1111.718 1174.187 1185.875 1209.906 1430.125 1615.781 1741.375 1762.312 2483.593 3411.875 
1245.187 1313.343 1456.062 1542.875 1580.812 1614.437 1709.125 1979.468 2337.281 2719.281 2979.750 
1147.781 1212.812 1285.781 1293.468 1412.156 1896.562 2177.281 2274.937 2905.468 
559.468 1034.062 1100.031 1192.812 1237.093 1316.156 1427.406 1467.625 1848.312 1878.062 3161.343 3785.843 
86.687 1180.031 1180.312 1206.312 1321.875 1418.937 1513.593 1595.406 1688.718 1859.062 2327.375 2519.500 2547.843 3022.750 3227.031 3391.156 
