173.968 360.156 387.531 575.000 612.156 1083.437 1150.656 1187.875 1209.531 1412.531 1513.125 2032.562 2380.875 3631.812 
69.156 1189.718 2176.062 2218.968 2248.031 2676.843 3024.406 
1740.281 1861.968 2278.093 2360.656 2468.906 2469.125 2533.281 2559.062 3751.218 
371.750 388.656 430.031 2642.843 3639.375 3873.031 3954.125 
590.750 1058.468 1197.968 1306.500 1308.000 1646.937 1836.781 2411.031 2424.218 2525.156 3298.281 3475.250 
361.656 1719.187 2373.750 
473.750 2740.406 3016.156 3144.218 
1847.468 1855.343 1881.906 2017.343 2027.906 2053.375 2405.375 2424.062 2544.718 2832.375 
1158.093 1181.750 1492.031 1841.312 1875.156 2157.437 2502.062 3305.218 3338.281 3446.625 3972.406 3986.343 
156.031 411.281 1838.437 3554.906 3566.218 3797.718 
