23.812 162.437 164.531 413.406 481.000 599.875 706.406 849.500 977.750 1022.968 1202.187 1243.406 1300.125 1313.187 1436.375 1764.500 1783.437 1858.531 1972.875 1976.406 1986.375 2018.562 2032.312 
-513.250 296.812 413.812 713.781 730.343 785.437 989.843 1334.187 1822.625 1912.687 1925.250 1961.875 1986.718 2033.250 2367.062 
24.250 24.625 507.218 727.500 730.031 785.218 937.656 1043.937 1282.906 1337.281 1441.781 1695.343 1937.593 2027.781 
-1813.219 -1122.125 -274.375 157.468 379.468 717.125 862.718 936.625 1050.531 1058.312 1080.968 1196.312 1436.781 1532.781 2034.000 
23.375 31.062 44.468 936.125 1313.437 1712.000 1822.500 2073.562 
25.718 28.656 715.562 724.875 1240.343 1299.593 1478.625 1636.781 1822.500 1828.125 1877.875 2021.812 2098.625 3529.062 
26.531 28.531 157.343 511.968 787.718 869.281 916.281 979.593 987.000 988.218 1364.093 1464.343 1542.500 2023.718 2041.125 
-877.188 29.625 160.843 302.312 311.250 324.625 585.437 736.937 785.375 858.093 877.468 906.281 931.218 1329.375 1376.968 1519.218 1824.687 1868.031 1908.500 1983.687 
24.125 25.218 413.718 418.156 420.687 431.593 504.468 706.000 980.656 1021.125 1079.625 1237.218 1312.656 1445.187 1641.656 1940.406 2083.843 2097.906 
26.218 35.468 156.406 301.875 306.968 419.312 997.375 2021.812 2029.312 
