96.593 176.187 182.250 223.250 377.375 419.562 443.781 584.343 697.281 851.718 857.968 987.437 1410.437 1690.812 2186.343 2433.187 
-1435.282 -583.500 93.968 183.500 204.562 246.656 730.437 1020.312 1094.375 1176.843 1313.031 1426.562 1678.531 1684.093 1721.156 1956.750 2185.968 3917.281 3951.750 
-1448.125 -433.469 -149.563 -101.750 59.968 273.156 386.250 392.843 445.781 600.875 694.312 734.312 875.937 889.375 970.437 992.937 1220.843 1732.406 2206.718 2209.156 
55.625 66.687 199.000 221.406 694.468 861.375 865.156 973.718 1215.062 1215.437 1226.625 1231.593 1548.468 1590.562 1676.062 3117.750 
177.812 186.062 364.906 427.468 601.718 780.937 865.281 1220.406 3518.187 
-1806.594 -1287.907 69.968 466.656 861.156 994.750 1045.468 2257.281 
55.406 175.875 408.468 584.406 984.250 1018.156 1211.687 1947.531 
41.687 93.937 404.062 972.531 1083.937 1511.531 1584.937 1736.031 2497.906 
172.593 182.593 280.531 370.468 475.687 987.718 1313.406 1587.062 1950.093 
-1214.282 -367.813 30.687 95.406 890.187 2111.093 3833.656 
