-1402.094 -885.250 57.031 71.593 181.437 463.375 570.281 575.406 1036.687 1037.250 1133.343 1137.156 1260.968 1317.406 1537.375 1565.781 1574.250 3187.875 
82.937 346.500 412.156 445.812 562.187 644.062 673.812 1040.906 1177.406 1234.562 1299.375 1352.343 1369.750 1371.531 1390.656 1458.875 1537.000 
-1724.657 -1660.157 -780.594 -730.407 -580.063 -544.813 48.625 80.375 184.406 343.437 348.781 368.125 591.500 637.812 651.375 657.093 1043.593 1174.937 1261.031 1457.718 1518.093 3503.343 
-17.282 458.375 631.812 656.593 1454.625 1576.281 1629.593 
60.687 63.375 78.656 339.125 367.343 592.281 613.281 1158.875 1522.812 
-1159.532 37.843 64.000 337.156 656.093 1042.906 1167.000 1520.750 3248.000 
459.406 1272.968 
39.250 52.906 55.312 590.781 1122.843 1391.218 
-472.688 -427.407 1129.312 1390.937 
545.968 573.250 1022.093 1357.562 1431.093 1580.968 2233.843 3400.781 
