14.031 375.250 378.812 727.437 932.031 1048.312 1115.937 1117.343 1504.187 1837.187 1891.687 1892.781 2028.593 2101.000 
17.031 61.656 130.312 256.218 622.031 972.468 1113.000 1502.312 1502.718 1938.937 2264.500 
12.750 25.250 25.718 26.906 115.062 133.625 374.562 621.218 629.281 1112.812 1356.531 1502.281 2236.312 2347.687 2498.625 
232.687 375.000 512.000 725.500 1791.625 1890.718 2102.000 2348.000 
14.906 24.812 60.218 86.218 234.000 375.562 988.843 2500.531 
13.000 25.281 114.531 125.875 127.906 727.406 1114.000 1116.781 1502.625 1848.000 2054.312 2084.500 2086.781 2101.781 2498.343 
13.062 15.656 26.437 376.437 624.968 913.687 1019.281 1246.375 1247.968 1257.593 1356.843 1502.625 1795.875 1818.000 1962.343 2099.531 2106.562 2498.062 
26.062 60.250 60.750 61.968 128.093 255.562 270.218 623.625 726.375 910.593 1114.593 1246.843 1384.187 1502.906 1816.718 1831.343 1840.937 1847.125 1891.937 1973.468 2090.875 2236.093 2237.218 2348.343 2497.781 
13.093 23.375 25.187 26.062 54.656 130.437 375.843 621.812 726.750 910.718 1247.000 1358.093 1757.000 2498.187 
26.281 131.093 329.812 375.375 727.687 1502.843 1846.093 2090.531 2498.156 2498.937 
