20.281 43.625 53.437 68.281 69.656 71.968 123.000 315.375 407.375 662.500 907.062 907.781 
17.437 21.531 24.437 48.500 72.562 73.937 109.125 122.937 130.812 315.531 406.843 662.593 663.656 1042.906 1401.250 1402.000 1990.750 2141.437 2142.281 2236.781 2237.687 
17.000 71.375 107.687 131.687 313.531 406.937 911.375 1043.093 1137.968 2141.625 
18.218 66.156 72.187 124.031 405.781 406.781 735.343 1042.875 1137.968 1317.750 1498.406 2458.375 
16.531 56.281 72.500 131.343 177.250 313.000 407.312 919.125 1042.468 1659.562 1991.000 
20.875 52.187 52.906 72.468 73.375 313.718 662.750 908.406 968.656 1317.125 
15.687 17.125 51.531 72.312 123.906 407.312 541.125 664.750 1041.750 1042.812 1138.968 1558.187 
20.812 59.750 72.312 109.968 123.781 312.500 909.281 1316.781 1836.562 2237.156 2458.656 
64.937 72.031 462.781 662.125 663.062 927.562 969.000 1042.906 1401.156 1402.718 1939.437 1990.937 2458.687 
16.593 37.906 286.750 663.656 1137.500 1140.968 1315.687 1945.937 1991.625 2069.750 
