60.875 84.625 94.187 436.000 592.968 742.500 752.437 824.781 1224.656 1228.437 1236.843 1261.437 1330.343 2587.812 3536.218 3848.875 
96.812 132.750 474.687 742.406 1224.750 1232.687 1237.093 2256.687 3093.531 3420.062 3700.562 3741.312 
169.468 301.625 318.000 336.781 605.156 742.906 876.500 1099.343 1133.906 1238.062 1988.781 2358.718 3491.500 
89.625 93.000 285.062 443.093 488.593 743.000 1229.500 1232.593 2982.562 
89.312 93.687 608.625 743.625 747.000 1224.125 1382.812 1385.437 1630.500 1645.031 2045.625 2251.406 3811.031 3959.843 
90.531 100.156 271.750 428.937 437.812 629.281 1225.218 1928.593 2194.500 2205.281 
14.250 394.812 447.718 594.000 743.375 747.187 789.625 1225.218 1233.437 1237.906 3680.281 
89.125 284.625 289.500 467.375 570.593 743.187 749.187 781.593 805.375 1224.625 1749.187 2195.531 2311.750 2578.312 3330.062 3393.125 
90.906 94.968 100.250 452.031 653.687 743.812 755.968 1118.406 1225.031 1228.781 1231.750 1235.437 1334.531 
88.812 281.468 438.781 447.781 644.656 742.968 746.406 749.500 859.000 1098.843 1124.312 1225.062 1234.687 3546.000 3561.406 
