106.343 157.468 159.687 305.031 605.375 747.750 818.218 832.562 1196.531 1329.187 1433.562 1594.468 3616.750 
160.656 295.125 299.218 375.937 680.781 765.656 787.218 907.406 1101.343 1488.437 1493.468 2577.468 2874.656 2918.343 3298.750 3304.218 3307.312 3495.156 3815.812 
56.156 159.968 274.906 401.843 573.093 600.218 1473.656 1586.500 1987.406 2425.593 2442.843 2636.343 3356.531 3428.718 
402.250 407.375 773.156 975.437 1419.125 3403.843 
83.125 165.750 523.437 1512.031 3481.593 
411.187 451.750 499.750 749.937 1645.187 2822.812 
486.250 823.343 1385.562 2345.156 3265.156 3554.843 
278.375 286.531 562.718 1196.718 1522.312 
49.750 68.625 271.062 275.156 332.375 400.718 657.906 673.812 1265.968 1565.093 2415.687 2660.187 2783.812 3676.812 
41.531 59.062 156.250 165.468 278.843 451.500 484.000 658.125 661.718 715.687 1323.000 
