70.875 111.500 126.812 195.562 446.187 495.437 548.250 551.750 553.468 601.343 691.062 728.031 730.906 837.687 840.281 847.687 850.093 852.656 889.937 913.281 918.562 928.562 949.000 1085.500 1088.125 1094.031 1129.968 1139.218 1156.093 1437.875 1451.593 1560.375 1587.750 1730.468 1818.468 1913.750 2073.531 2080.562 2115.000 2123.937 2133.187 2162.531 2184.718 2273.031 2350.468 2394.437 2501.812 2506.218 2509.625 2577.812 3165.593 3295.843 3349.593 3990.187 
7.531 75.875 145.312 280.406 353.281 391.968 504.812 569.156 738.500 837.968 914.156 917.062 923.593 928.781 1077.406 1512.031 1731.656 1819.125 1844.093 2063.437 2084.968 2112.468 2360.343 2381.781 2504.812 2518.687 2662.531 3565.468 3578.656 
46.781 54.656 59.500 226.906 401.718 781.718 787.937 913.656 917.281 943.093 1086.937 1089.437 1819.656 1898.968 1914.125 2113.812 3715.281 3736.750 
564.750 660.093 747.750 924.906 1085.562 1088.687 1518.031 1539.937 1541.937 1823.656 1840.031 1897.437 1951.875 2104.562 2416.781 3502.375 
113.281 120.687 323.781 763.437 921.781 1364.250 1512.500 1734.843 1820.250 1883.500 1895.468 1905.000 
838.218 844.968 877.156 914.281 1077.687 1133.312 1818.687 2063.468 2410.468 
668.093 682.875 729.656 745.718 838.375 913.468 1371.875 1374.593 1818.781 1839.781 1895.250 2421.093 
468.468 570.250 667.343 746.437 914.156 923.281 925.968 1094.562 1139.843 1187.687 1792.218 1801.937 1826.031 1897.343 2062.750 2065.468 2109.312 2116.062 
234.937 313.125 366.062 605.437 842.625 857.187 1078.062 1353.218 1524.500 1907.468 1917.406 1937.656 
70.750 231.000 767.437 795.187 832.375 838.187 913.625 930.156 1077.937 1124.062 1388.093 1818.687 1841.906 1974.312 2062.718 2110.781 2504.406 3595.906 
