63.312 106.625 1280.156 1309.625 1338.468 1420.156 1457.812 1666.750 2035.500 2705.375 2737.906 2791.531 2805.625 2832.375 2839.906 2878.937 2898.312 2906.062 2933.593 2941.500 2986.875 2998.562 3328.656 3400.718 3650.281 3789.156 
271.906 471.375 918.343 1389.093 1594.031 1969.343 2803.812 2808.250 2810.906 2943.375 
31.843 127.250 1096.937 1353.062 
20.937 31.062 52.375 58.375 338.125 945.343 1307.312 1690.125 1753.000 2267.625 2710.281 2714.906 2758.500 2875.312 2917.218 3941.531 
74.281 89.406 399.218 546.562 707.656 743.906 1009.500 1591.093 2139.218 2141.406 2235.468 2294.750 2316.156 3051.250 
32.000 42.062 59.593 261.968 306.187 1602.843 1849.781 
19.187 40.437 63.781 72.562 85.062 597.875 1014.625 1319.843 1402.031 1424.343 1466.625 1579.593 2091.625 2108.343 3489.312 
26.875 38.187 444.625 2001.125 2793.187 
22.250 27.593 729.468 1082.875 1103.093 1108.468 1316.562 2470.718 3223.750 3448.281 3621.656 3840.437 3896.593 
21.718 105.593 211.218 472.531 738.875 782.062 1310.531 1354.593 1574.031 1680.125 
