16.687 21.531 101.875 104.343 180.625 264.312 320.937 566.250 571.031 737.093 929.343 930.437 1028.843 1186.968 1246.031 1247.218 1293.718 1332.750 1333.625 1483.375 1547.062 1814.656 1817.031 3754.062 
15.687 16.656 19.593 19.875 21.531 27.031 36.906 65.312 103.687 157.218 213.468 269.937 394.031 508.312 886.875 1026.031 1049.312 1071.875 1136.968 1193.812 1196.031 1249.718 1439.375 1821.187 1890.250 3917.218 
17.781 19.593 21.437 22.875 233.437 393.812 461.093 621.343 704.093 751.687 831.562 935.625 1026.625 1028.875 1138.000 1294.031 1482.093 1584.875 1814.562 1817.812 2972.250 3022.375 3123.218 3632.625 
16.093 20.343 22.562 32.781 58.718 189.062 626.437 689.500 1049.343 1132.937 1205.250 1246.875 1253.875 1296.781 1475.625 1720.093 3888.562 
16.500 26.062 52.218 182.312 190.375 322.000 392.031 394.250 395.406 441.125 830.625 869.031 889.906 977.312 1248.687 1461.375 2051.250 
16.343 16.750 17.593 24.250 233.375 574.437 690.406 929.156 1187.437 1194.750 1248.500 1254.656 1815.406 1937.937 1978.062 
17.562 23.156 27.531 212.156 236.281 396.062 1116.531 3810.125 3931.187 
18.531 26.968 102.062 117.218 188.750 212.625 217.406 634.843 691.687 935.343 938.687 1190.843 1439.812 1524.906 1816.531 2560.812 2803.843 
16.187 18.562 18.843 22.375 35.781 312.750 622.812 870.250 1136.000 2629.343 3977.875 
18.656 103.875 111.718 122.593 189.406 325.125 348.875 395.812 477.125 620.593 931.468 1192.812 1249.531 1250.468 1251.687 1439.187 1527.562 1667.531 2756.843 2764.843 
