-1184.907 -1164.094 -995.625 -165.657 17.968 60.406 113.156 119.343 210.406 222.468 266.062 267.406 279.812 407.093 459.281 534.843 694.093 762.343 765.062 974.875 1091.875 1120.781 1148.031 1514.343 1521.406 1611.375 1701.656 1703.218 1775.968 1958.343 3289.343 3660.156 
-1496.719 18.312 33.843 36.062 80.812 222.718 246.781 268.781 301.500 303.687 376.812 414.218 444.406 589.062 596.218 612.406 700.437 851.750 1066.281 1147.468 1160.875 1183.000 1195.437 1393.593 1429.593 1482.375 1485.250 1550.875 1639.625 1669.218 2411.656 2876.937 3810.468 
-1740.125 -911.282 -64.844 34.625 50.437 66.062 87.656 90.593 236.312 303.531 325.000 589.375 605.500 662.218 694.187 895.593 900.718 917.156 1094.031 1148.000 1241.125 1350.062 1393.968 1429.125 1639.218 1847.875 2590.281 3069.062 3260.468 3607.406 
-590.032 16.718 58.031 66.187 118.843 121.437 205.093 289.187 792.218 852.781 957.812 997.562 1461.437 1548.625 1702.718 1765.656 1778.156 1889.343 1898.343 1907.656 3108.718 3345.500 
-1554.844 -1277.657 -384.344 -293.313 19.406 32.718 50.781 66.781 80.468 103.718 151.281 185.781 325.156 327.187 361.500 406.843 409.281 414.875 475.250 589.000 612.250 663.343 700.718 733.531 792.281 852.875 980.031 1015.437 1316.437 1513.281 1566.031 1580.218 1713.687 1738.312 1763.156 1980.218 2485.250 3117.687 3198.125 3441.156 
-934.657 -911.969 28.531 40.437 49.968 55.281 57.750 223.343 330.656 415.906 558.375 591.125 662.656 755.187 764.218 852.062 900.406 956.812 1092.750 1243.875 1244.656 1331.625 1338.625 1423.781 1481.843 1667.843 1876.656 1959.187 2418.000 2471.687 2626.781 2739.187 
-257.719 -53.188 18.093 33.343 58.500 118.718 122.312 138.812 179.437 201.906 265.156 335.062 408.531 534.281 762.375 764.375 1017.093 1147.937 1523.718 1610.656 1702.593 1712.531 1763.281 1779.218 1897.468 1910.187 2885.718 
-1081.469 -109.063 18.031 50.125 58.781 80.593 107.375 287.937 302.687 409.500 588.468 611.156 763.750 793.000 922.343 1072.750 1107.843 1140.468 1185.593 1205.281 1429.718 1444.531 1639.156 1666.156 1899.500 1979.812 2117.625 2996.843 3125.375 3566.906 
-387.813 80.500 87.593 131.031 178.750 236.375 356.062 378.625 662.406 694.281 702.375 750.875 793.093 870.781 892.593 938.625 1247.812 1443.500 1516.500 1907.812 2458.812 
-1916.375 23.093 49.593 55.718 81.031 88.500 138.562 188.843 239.531 271.843 299.531 303.531 352.156 596.125 624.812 896.593 1014.906 1058.156 1079.781 1250.281 1312.750 1393.125 1572.687 1957.781 
