-972.407 -956.250 -698.344 -685.282 -640.313 23.625 48.406 105.281 1132.281 1136.875 1650.937 1652.281 1799.375 3058.812 3070.843 3074.750 3687.625 3690.718 3725.437 3800.687 
-869.563 -866.250 -560.344 -340.563 58.531 282.437 651.031 653.312 694.750 1002.656 1605.687 1614.281 1652.437 1669.656 1678.406 2505.593 2520.281 2529.218 2544.375 2558.687 2580.125 2582.218 2595.218 3395.843 3397.750 3405.781 3454.812 
-1488.938 -1485.188 -1446.688 -1383.532 -1382.532 -1365.719 -523.813 -485.969 -475.407 -465.938 -460.125 -433.719 275.812 735.875 739.562 746.437 748.812 756.343 782.937 807.718 1859.156 1866.781 2104.125 2613.593 2616.218 2616.437 3858.281 3872.343 3901.250 3901.781 3908.656 
-1952.094 -1948.719 -1947.063 -1496.125 -1471.125 -1465.844 70.468 165.531 728.218 1010.468 1275.406 1620.656 2866.031 2898.218 2900.750 2903.156 3855.031 
-1983.094 -1981.844 -1942.813 -1822.282 -1821.032 -1814.063 -1796.188 -1787.000 -1784.188 -1780.938 -1741.344 -1739.500 -1280.719 -473.032 -377.438 -366.563 -140.938 60.562 770.125 966.250 984.156 1606.000 1636.531 1651.093 1651.656 1659.312 1668.062 1687.593 1959.187 2503.000 2516.406 2525.031 2527.281 2555.187 2560.375 
-1057.344 -1054.032 -1051.532 -1002.594 -972.375 -950.282 -667.032 55.312 56.562 79.968 82.562 280.125 296.000 1068.000 1079.187 1141.937 1654.156 1867.625 2007.218 2690.593 2708.531 2709.062 2742.000 2743.687 3510.656 3962.937 3963.875 3970.750 3974.812 
-1256.969 -1229.407 -320.407 -292.563 -291.782 -221.344 -40.688 -19.344 78.375 412.250 423.468 512.281 1024.750 1276.000 1398.843 2296.781 3186.593 3188.187 3196.625 3200.937 3320.937 3323.812 3325.281 3334.187 3657.937 
-1871.907 -1853.782 -1841.594 -1840.282 -1802.188 -1801.532 -1776.188 -1550.938 -1376.438 -1374.532 -1373.125 -1039.688 -1037.719 -534.407 -398.094 34.843 70.218 108.375 727.906 728.375 882.156 1130.156 1147.718 1187.500 1233.937 1275.687 1508.312 1817.312 1820.593 1859.375 2916.218 2973.750 3783.843 3808.031 3821.437 3902.531 3919.968 
-1641.813 -1627.094 -1538.282 -1176.063 -1173.657 -95.125 -92.500 -92.000 -88.032 -66.500 -40.500 -16.125 29.937 59.718 288.812 313.562 522.593 653.750 761.375 843.250 1134.093 1352.250 1620.000 1651.093 1659.000 1659.250 1662.843 1664.750 2333.125 2336.437 2346.375 2348.468 2358.781 2372.500 3054.000 3928.843 3934.781 3935.750 
-1676.625 -1587.594 -1095.282 -1093.282 -1088.407 -1024.907 -992.907 -755.719 -172.907 -157.344 -133.219 120.312 167.156 281.406 613.375 665.593 699.625 757.281 1138.750 1399.687 1436.375 1437.406 1590.875 1659.218 1673.593 1695.062 2035.375 3744.312 3745.437 3749.406 3760.000 3811.125 3813.250 3843.156 3857.500 
