194.187 626.937 643.531 736.656 868.250 1060.500 1279.218 
272.468 518.000 674.875 737.156 742.968 1083.937 1279.312 1285.687 1316.000 
334.093 386.531 431.656 508.718 518.000 525.937 644.937 738.468 857.937 861.906 890.562 1203.375 1285.937 
518.781 532.468 745.125 772.312 1278.031 1333.500 1415.687 
519.843 591.750 956.687 1217.687 1278.281 1284.500 1285.781 1293.656 1346.031 1405.218 
333.812 519.375 533.343 549.343 627.000 738.093 1052.812 1085.875 1184.625 1287.250 1424.937 
83.406 455.156 626.937 647.125 735.531 737.437 1059.500 1185.812 
522.687 643.875 678.218 740.718 748.125 1069.781 
206.531 298.843 506.218 646.031 736.343 744.312 860.968 1056.281 1161.125 
192.125 209.593 642.187 674.031 1278.812 1280.218 
