31.500 33.406 37.750 56.031 68.593 137.500 207.562 230.593 260.437 266.250 283.125 286.000 338.312 426.343 563.531 585.156 617.031 704.750 749.625 775.343 832.906 920.312 1124.937 1254.656 1268.156 1454.250 1486.500 1592.687 1595.968 1617.750 1662.875 1741.656 1805.468 1821.000 1957.218 1992.968 3669.906 3697.187 3733.250 3828.156 3836.781 
111.906 170.437 194.937 233.093 244.312 252.531 276.000 339.250 486.718 628.156 810.937 920.968 1067.843 1252.093 1276.625 1278.281 1445.625 1453.687 1606.906 1676.343 1744.906 1752.781 1769.531 1795.468 1946.906 2707.250 2716.187 2849.562 3899.531 3928.250 
33.843 63.906 70.500 236.875 266.656 269.625 378.687 485.312 532.656 534.187 602.250 621.812 625.843 728.218 744.218 870.062 1079.250 1124.843 1280.375 1634.062 1725.937 1742.062 1797.093 1908.250 1956.187 3341.906 3343.218 3401.437 3471.375 
25.312 31.625 236.968 258.625 310.593 529.343 564.000 588.968 630.250 729.000 775.875 870.312 913.625 916.250 1233.250 1251.562 1365.406 1470.718 1609.687 1621.468 1641.843 1942.593 2717.718 2722.468 3126.062 3129.687 3132.500 3153.281 3255.937 
26.343 33.156 39.375 178.093 196.312 230.562 231.093 242.687 262.125 290.968 340.250 529.375 544.093 563.281 590.625 621.312 658.625 701.375 830.406 852.656 1086.718 1114.406 1251.218 1273.187 1274.593 1454.187 1559.343 1596.781 1610.625 1613.812 1708.937 1768.343 1830.750 3332.750 
23.062 35.656 97.281 154.937 217.656 243.406 265.937 266.812 278.156 360.093 482.781 581.500 617.000 623.781 703.906 725.375 746.218 758.343 821.156 847.843 985.375 1153.000 1250.781 1272.968 1672.187 1788.937 1932.187 2441.593 2450.750 3513.156 3532.781 3539.718 
34.000 67.125 231.281 251.343 269.031 483.125 585.718 616.562 778.343 838.500 1018.187 1083.937 1147.718 1152.687 1165.781 1616.156 1752.437 1825.781 2552.906 2579.718 3263.500 3284.562 3288.250 3457.968 
31.062 67.250 237.656 257.843 355.187 483.125 485.718 574.968 597.343 606.187 622.562 725.406 754.875 831.937 988.437 1203.218 1245.750 1266.531 1477.750 1593.875 1602.687 1926.593 2215.000 2244.031 3018.312 3020.406 3461.031 
26.218 32.250 84.187 144.718 164.968 201.468 236.562 255.218 359.343 522.812 595.968 617.375 625.000 725.968 751.687 776.531 975.093 1071.312 1123.875 1280.312 1313.687 1435.843 1464.687 1562.812 1603.562 1633.343 2973.093 3655.250 3666.062 3669.906 3678.843 
47.156 116.562 265.875 432.468 584.031 614.937 633.187 705.218 806.187 920.343 1126.000 1138.312 1625.593 1852.281 1902.750 1926.031 3189.625 3202.750 
