-1876.500 -1856.594 -1718.469 -1688.125 -1556.594 -1182.125 -953.563 -944.125 -722.625 -510.282 -181.188 42.000 89.656 95.250 116.562 215.156 356.531 602.781 641.750 936.406 1236.156 1357.781 1369.812 1690.843 1811.437 1816.656 1826.437 2097.375 2109.781 2201.656 2367.156 2551.312 
-1749.532 -1355.188 -988.157 -906.844 -37.469 163.875 226.687 410.406 777.781 852.906 948.968 1104.500 1443.375 1574.906 1978.437 1979.750 1988.812 2318.343 2333.968 2955.031 2996.343 3644.687 3872.437 3977.312 
-1938.407 -1527.844 -1105.032 -978.532 -969.063 -955.000 -351.969 -343.438 74.656 75.531 77.437 127.656 262.718 281.250 282.781 289.218 295.937 316.843 844.406 1206.781 1526.906 1546.906 2054.343 2220.343 2224.468 2266.593 2806.968 2828.375 2976.812 2986.968 3918.656 
-1783.563 -1721.032 -1304.344 -1260.188 -927.469 -917.125 -858.188 -853.250 -467.032 12.093 35.843 120.062 225.312 234.375 387.593 452.625 789.562 818.718 1198.125 1211.375 1239.093 1241.750 1520.593 1545.562 1728.812 1942.843 2153.843 2160.156 2216.843 2284.937 2428.218 2915.437 3749.968 3752.187 3821.437 3847.218 
-1650.063 -247.282 -53.782 92.812 98.375 137.562 201.656 275.156 468.000 587.000 615.312 708.625 830.312 1162.593 1199.843 1228.906 1703.187 1774.375 1933.156 2201.718 2651.093 2683.406 3140.562 3279.437 3519.218 3852.656 3881.531 
-1884.250 -1735.063 -1463.688 -585.157 -504.969 -245.688 20.562 21.625 36.687 48.187 79.500 242.781 655.812 845.906 941.218 1443.000 1568.968 2142.375 2144.468 2200.687 2260.812 2343.781 2490.406 2826.687 3424.656 3429.500 3954.437 3957.500 
-1902.969 -1177.657 -958.969 -421.188 -84.032 85.718 486.250 715.187 802.750 997.625 1217.718 1260.593 1577.500 1965.781 2082.468 2272.968 2275.437 2364.093 2620.500 3130.531 3502.812 3506.968 3932.718 3977.750 
-1080.594 -1076.094 -86.032 91.875 182.531 201.500 798.218 924.281 1298.781 1317.906 1841.468 2150.031 3161.437 3667.562 3773.968 3964.250 
-1725.000 -1676.875 -1550.969 -1042.938 -505.282 -383.000 -188.750 -117.250 204.843 257.468 402.281 459.781 633.000 828.000 981.843 1008.812 1438.593 1709.750 1841.187 1848.968 2073.250 2266.000 2503.312 2746.218 2766.187 3150.625 3188.406 
-1659.719 -1267.844 -1066.375 -1034.594 -956.563 -951.563 -63.563 -4.188 115.031 117.312 122.062 125.281 394.156 414.875 936.625 1096.406 1098.156 1284.093 1302.843 1341.281 1489.156 1775.750 1922.343 2203.187 2249.562 2452.906 2641.406 2661.281 2967.437 3385.656 
