-1020.188 13.656 41.125 42.343 46.406 52.468 85.593 87.218 286.781 470.968 490.781 492.593 519.062 536.437 751.906 771.000 837.656 973.875 1214.031 1226.343 1285.187 1390.718 1631.562 1771.375 1926.062 1946.843 1952.500 1969.531 2925.500 3781.187 
-1955.750 -1633.594 -203.594 -64.219 -63.532 84.687 97.531 114.000 129.281 203.500 208.468 244.218 296.218 537.593 546.375 549.375 751.625 785.031 837.500 1101.187 1127.718 1129.906 1284.781 1286.187 1680.531 1687.218 1870.500 1926.187 1954.312 3653.281 
-1551.688 -1235.594 -907.157 -337.125 14.937 82.468 114.906 148.218 173.125 394.781 606.562 756.000 946.812 1367.843 1707.093 1864.750 
86.125 193.718 264.593 545.156 633.937 657.593 725.125 798.875 868.687 941.000 1147.875 1167.062 1194.687 1217.937 1257.937 1286.062 1453.656 1472.531 1681.750 1794.437 1871.093 
-1769.719 -1763.844 -802.625 -493.438 -378.250 -365.375 -365.125 -31.594 16.656 43.687 56.093 84.531 149.312 227.937 237.812 494.312 711.906 869.875 960.781 1130.062 1187.156 1190.562 1226.250 1267.781 1286.875 1352.593 1391.906 1453.500 1707.812 1721.375 1884.031 
-1815.844 15.562 28.093 52.406 53.750 216.343 398.906 474.031 545.156 724.750 799.656 870.062 885.750 910.687 988.562 1130.125 1190.000 1453.656 1565.218 1571.218 1712.218 1722.437 1736.375 1769.718 1921.875 3812.781 
-1538.250 -1347.375 -1042.813 22.156 26.812 52.562 85.031 114.250 149.437 190.218 190.437 247.718 381.156 490.500 492.406 783.687 991.468 1075.125 1130.500 1209.937 1228.718 1285.250 1286.281 1426.062 1620.812 1721.218 3732.312 3756.125 
-1504.782 -1353.625 -1330.719 -1330.407 -1326.219 14.468 47.187 149.781 263.312 321.687 395.718 425.781 499.968 546.343 625.437 652.187 751.218 781.281 1180.437 1322.500 1509.687 2168.093 
-1903.625 -1835.407 -1001.500 -745.157 16.187 86.375 126.968 149.250 202.500 248.968 414.656 471.375 501.625 1472.843 1491.531 1638.812 1660.750 1864.062 2658.906 3881.781 
-1353.282 25.625 148.906 168.187 398.937 491.781 500.781 544.781 1113.281 1511.468 1706.625 1883.593 1925.843 2711.937 3981.562 
