101.218 114.375 705.187 907.375 1226.156 1239.281 1240.593 1508.906 1685.187 1771.031 1906.437 2102.500 2166.281 2172.156 2175.906 2208.687 2259.000 2311.093 
63.281 222.031 500.718 533.812 999.031 1637.968 1737.250 2121.968 2143.375 2193.312 2438.156 3022.031 3660.937 
-1847.219 -1473.250 534.593 846.593 1086.062 1099.000 1102.062 1539.187 1773.656 2063.687 2076.156 2134.468 
203.750 223.531 331.062 350.093 680.531 699.062 704.937 970.281 974.218 1235.281 1361.093 1432.093 1496.843 1769.968 1827.750 2078.562 2214.906 2624.343 
705.031 716.593 1079.406 1142.500 1702.156 1807.562 1861.031 2110.500 2213.156 
285.156 330.062 428.531 461.156 766.156 906.781 937.593 1083.468 1163.375 1239.062 1463.093 1492.906 1545.250 1759.687 2022.437 2174.906 2350.718 2427.000 
-1808.500 -1362.875 -164.063 -97.782 67.937 97.906 222.375 224.406 239.937 379.500 431.531 901.656 913.437 1000.812 1099.062 1254.125 1443.562 1499.312 1507.156 1620.437 1704.593 2175.343 2209.218 3023.812 
-1926.375 49.593 53.468 73.093 329.531 464.250 535.750 985.625 1072.968 1225.875 1253.437 1552.437 1933.656 2258.718 2266.000 
-1601.313 83.687 184.156 389.750 390.531 617.375 984.937 1313.312 1388.625 1528.843 1601.281 1710.406 2194.031 2197.343 
285.281 435.281 462.093 1223.062 1599.187 2138.531 2239.437 
