83.218 85.031 88.843 90.218 96.906 97.343 98.687 110.250 111.656 116.843 125.218 135.218 144.750 161.375 174.656 177.968 179.250 187.312 302.375 443.531 781.500 873.312 882.093 1087.843 1091.031 1102.781 1322.843 2583.625 2592.843 2608.343 2632.687 2638.312 3178.000 3194.187 3211.375 3212.468 3717.656 3735.687 3752.750 3773.750 3778.750 
86.906 90.187 93.531 105.093 108.718 129.343 131.437 133.156 143.156 158.875 160.093 186.218 416.406 1306.562 1308.343 1312.375 1362.937 1375.468 1999.812 2005.156 2852.312 2947.156 2995.875 3272.125 3895.937 
6.843 9.281 27.812 78.843 79.468 85.187 127.187 304.375 540.437 784.593 814.250 815.000 873.906 887.718 1356.062 1449.500 1455.437 1467.531 2652.531 2654.468 2658.468 2660.062 2663.812 2666.218 2666.687 2731.562 3213.062 3364.937 3388.656 
88.625 89.125 93.781 98.906 110.375 146.406 157.750 160.968 182.218 186.000 612.125 823.312 843.562 845.250 853.250 866.875 900.937 1357.687 2460.656 2479.062 2481.218 2484.843 2493.500 2517.156 2822.000 3119.437 3121.187 3122.687 3129.437 3510.062 3729.625 
87.750 93.375 100.750 101.750 103.281 108.968 133.562 137.281 155.500 165.437 243.281 276.000 291.843 446.875 448.843 456.093 807.968 810.750 828.468 864.718 868.843 1352.500 1363.031 1404.343 1412.531 1430.156 1555.562 2775.906 2776.812 2778.093 2780.718 2782.781 2792.937 2794.562 2797.812 2832.218 3556.218 3580.343 3582.031 3586.218 3594.531 
88.906 91.156 92.156 96.343 229.375 441.343 483.375 518.093 680.375 683.656 745.718 1348.062 1357.187 1364.531 1376.250 1390.187 1402.937 1560.625 2583.062 2585.031 2622.031 2811.312 3882.906 3885.562 3888.906 3941.125 3960.750 3987.343 
88.718 90.187 91.375 102.781 161.593 441.062 473.781 516.562 521.625 525.343 774.062 870.937 1345.312 1350.000 1352.781 1361.562 1396.500 1397.687 1398.656 1399.500 1401.250 1411.750 1414.312 1415.343 1415.531 1419.781 1419.968 1420.843 1421.031 1424.156 1424.343 1427.406 1427.593 1427.656 1428.250 1428.312 1428.375 1428.562 1428.625 1428.687 1428.750 1428.812 1445.312 1453.468 1950.468 2965.843 2978.781 2982.218 2984.062 2986.468 3000.218 3011.375 3620.531 3623.562 3635.343 3664.437 3666.093 3681.656 3694.843 3698.437 3723.062 
92.406 101.218 105.687 113.000 113.531 134.000 170.281 174.718 186.687 188.843 192.531 207.437 275.406 441.281 443.656 779.062 797.218 810.687 821.125 841.781 1225.812 1228.531 1343.093 1345.156 1359.343 1363.875 1368.718 1379.593 3071.531 3106.156 3118.343 3152.031 3183.062 3217.437 3603.281 3773.812 3886.468 3975.906 
86.718 87.000 94.156 97.500 100.062 103.312 104.812 112.218 113.750 156.437 180.062 299.312 302.250 303.375 435.750 649.718 654.875 656.187 665.968 671.593 689.312 692.000 875.156 945.906 1016.531 1026.781 1034.375 1066.000 1312.000 1328.468 1335.250 1457.125 1466.500 1468.375 1469.437 1474.437 1483.125 2620.406 2629.218 2659.562 2676.750 2699.031 2700.875 3117.312 3123.500 3389.218 3393.812 3425.281 3436.968 3452.968 
95.156 101.687 108.906 110.937 206.218 633.000 646.187 718.093 735.687 864.062 1344.625 1345.812 1352.906 1355.000 1358.468 1364.937 1398.906 1428.156 1445.468 2319.843 2463.125 2514.906 3645.625 3647.062 3672.125 3691.593 
