385.531 1047.718 1532.531 2526.281 2546.250 2582.687 2825.281 3015.093 3683.500 3759.968 3772.875 
96.437 188.906 466.031 1024.093 2256.406 2458.312 3278.218 3487.031 3835.843 3837.562 
174.187 382.437 407.125 464.062 493.062 1040.187 1507.437 1654.687 3193.000 3448.937 3460.218 3469.406 
91.343 100.468 383.343 468.437 1875.843 3339.968 3351.687 3600.000 3616.093 
1857.406 2883.281 
2489.656 2914.843 
469.843 1854.062 1973.406 3638.187 
390.656 521.062 1036.156 1271.218 1507.062 2775.062 3797.187 
308.125 516.343 1045.468 1539.718 1872.343 2041.250 2572.656 3107.250 3446.343 3833.687 
667.750 1027.750 1516.000 
