19.500 145.718 306.437 787.437 806.906 812.000 817.031 1020.906 1088.593 1116.312 1154.218 1435.531 1514.781 1522.125 1528.218 1537.718 1730.406 1853.812 1871.281 1978.218 1980.281 
31.625 251.593 308.343 318.250 330.281 493.718 823.718 1019.531 1095.031 1157.312 1167.718 1495.343 1853.343 1978.812 1985.031 
32.500 324.312 349.625 804.218 1978.343 1984.312 
158.781 255.625 339.656 764.062 821.093 1019.437 1023.343 1151.125 1527.281 1985.125 
323.562 658.593 1037.000 1160.750 1514.156 1526.656 1528.968 3388.156 
22.218 436.125 786.781 1022.687 1978.406 1981.687 
918.625 1494.625 
742.281 1492.218 1528.281 1979.500 
161.781 

