263.468 263.812 265.718 388.937 390.000 390.343 394.656 468.718 469.343 470.281 471.781 477.656 667.375 668.500 687.343 837.281 839.218 841.718 842.500 843.250 944.812 993.375 1198.062 1210.500 1212.843 1222.343 1264.781 1342.437 1343.375 1598.125 1599.843 1769.093 1778.375 1783.375 1784.187 1788.093 1789.062 1791.062 1849.312 
264.218 265.406 389.000 415.781 416.250 468.750 470.062 470.562 474.906 476.062 665.625 676.281 836.531 837.500 837.937 842.843 843.375 849.687 942.281 945.312 991.656 993.406 1214.218 1777.843 1782.218 1783.531 1797.500 1849.500 1852.250 1854.468 
258.875 266.093 389.031 400.218 414.812 416.031 470.500 481.750 837.281 839.593 842.343 946.718 991.500 995.500 1213.687 1260.156 1266.343 1343.687 1772.781 1777.468 1784.125 1789.968 1791.750 
264.093 388.968 391.812 396.000 416.218 469.343 469.812 671.937 673.968 837.031 842.500 843.718 942.468 944.031 993.281 994.406 1216.000 1263.593 1600.093 1600.968 1777.937 1784.468 1796.343 1845.187 2423.500 
265.093 266.843 268.156 389.937 390.843 414.718 469.281 472.281 476.593 674.218 838.250 842.312 842.593 844.437 846.968 943.093 946.593 992.125 993.468 1214.906 1599.531 1601.812 1777.718 1779.750 1790.187 1790.875 1792.781 1860.093 1861.875 
264.843 265.812 267.093 343.781 468.843 470.718 670.093 676.125 841.968 940.781 988.625 1192.843 1249.218 1583.250 1598.187 1769.156 1782.843 1788.500 1795.625 1842.062 
263.468 469.656 472.812 477.687 667.562 671.031 673.250 682.000 683.937 847.343 946.062 1218.406 1489.500 1506.250 1768.406 1780.437 1782.156 1792.031 
263.250 266.687 273.250 397.750 944.250 945.218 989.031 998.375 1222.750 1353.218 1491.375 1790.843 
839.875 843.062 846.968 1773.125 1776.156 1784.812 
466.093 664.781 839.531 942.812 945.125 1222.468 1249.781 1492.625 1784.187 
