73.625 223.000 287.562 304.218 371.187 555.968 599.218 676.281 983.812 1102.593 1262.593 1302.437 1405.218 1871.562 2694.593 3213.812 
273.156 302.281 546.625 547.750 645.718 668.500 924.031 924.468 984.875 1018.687 1077.125 1081.875 1147.750 1151.312 1156.750 1273.781 1295.718 1303.937 1345.687 2052.062 2098.375 2621.531 2677.312 3309.250 3322.906 3384.625 
72.875 214.187 256.281 274.625 291.093 308.718 391.843 507.656 666.500 684.125 743.187 760.718 918.468 1005.125 1006.187 1084.781 1156.343 1295.781 1377.093 2216.906 2296.593 3042.406 3410.875 
208.062 268.312 288.406 360.312 636.125 824.312 919.062 975.593 1008.000 1292.843 
65.531 122.281 144.218 212.218 380.156 436.437 572.312 656.843 683.375 822.656 844.562 1122.937 1169.500 1209.000 1297.312 1317.031 1401.375 1551.906 2965.531 2973.625 3463.437 
74.593 106.750 341.781 393.562 514.406 550.218 620.625 663.718 919.218 974.687 1033.625 1077.343 1079.750 1197.218 1319.781 1361.718 2069.156 2254.125 2326.437 3501.031 
41.250 49.687 99.000 157.218 207.625 223.062 247.406 255.718 265.625 389.281 434.437 544.500 548.437 600.406 1105.125 1188.250 1241.656 1260.656 1396.125 
98.281 108.312 129.375 133.093 191.625 386.562 589.406 674.093 674.843 849.968 1009.281 1198.437 1396.156 3735.093 
136.000 304.031 356.218 389.500 478.500 546.375 558.187 579.187 822.000 1197.906 1213.906 1355.500 3589.031 
30.312 267.500 533.406 685.562 1010.656 1017.406 1018.750 1020.375 1079.562 1291.531 1298.343 1400.843 1479.312 1634.656 3769.750 
