-170.375 -155.282 -147.657 -103.219 158.125 159.406 160.843 256.500 288.437 369.343 370.750 413.562 434.343 453.687 455.531 592.093 657.656 750.000 1170.906 1417.031 1430.843 1533.750 
-890.000 148.093 281.031 351.156 405.468 448.468 659.406 664.093 954.031 1205.312 1321.531 1385.468 1451.062 1920.937 
-1862.625 -1782.032 -440.250 -431.813 -413.844 215.812 554.312 674.718 689.781 950.718 974.093 1430.000 1772.656 1869.031 1914.875 
439.437 441.062 683.406 706.843 968.187 1433.531 
-1116.500 -1095.782 -1077.032 -1045.844 -998.500 602.250 1482.843 1768.125 1828.937 3566.906 
-807.719 185.531 215.375 261.343 322.125 499.468 520.968 628.093 657.687 703.718 924.687 1063.500 1247.156 1479.500 1813.281 1836.937 
-1446.094 -532.407 -491.375 286.312 607.968 967.125 1235.562 1247.187 1487.687 1511.000 1698.437 1713.593 1754.062 1824.812 1843.781 1903.531 3155.437 3983.562 
-14.282 311.625 454.031 665.343 673.562 694.062 970.218 1176.312 1359.437 1771.125 1812.968 
-1639.875 -1040.594 -297.938 658.625 668.406 705.593 1160.656 1439.093 1473.375 1633.625 1781.062 1807.250 1839.468 1854.312 1901.812 2286.125 2374.968 
-1565.938 -1510.094 -1484.032 -565.500 584.750 644.375 657.062 661.500 695.687 1178.656 1430.562 1842.062 2562.250 2632.656 2947.625 3077.093 
