-168.313 58.562 59.593 646.125 905.187 1034.312 1527.125 1532.218 1629.312 1730.968 1831.250 1839.156 2179.937 2288.031 2307.875 2350.781 3737.812 
-652.750 84.687 170.281 326.968 645.500 654.750 728.125 730.093 838.843 869.843 1030.593 1228.125 1381.062 1476.093 1937.593 2158.187 2197.000 
282.156 366.218 532.625 790.062 1032.500 1232.062 1376.000 1562.500 1711.625 2203.625 2234.531 2525.156 3469.125 
153.437 363.687 423.718 773.593 905.062 934.875 1157.312 1476.031 1524.187 1784.468 1846.093 1919.906 2141.812 2193.937 2214.750 
705.531 749.375 838.625 936.437 1096.156 1317.281 1555.375 2147.406 2194.281 2243.906 2254.562 
-523.125 53.937 425.062 568.468 645.968 732.062 765.562 1377.000 1495.000 1521.468 1718.281 1837.531 1997.593 2034.125 2171.781 2221.593 2278.812 2674.437 
-163.282 28.343 571.468 1241.937 1374.250 1523.125 2198.812 2215.312 3097.062 3720.875 
-928.063 693.687 765.843 834.437 1206.593 1306.437 1497.031 1703.468 2862.562 
11.062 426.406 706.843 713.750 740.625 751.125 868.562 1307.562 1925.250 1972.781 2133.031 2179.562 2192.687 2614.000 2948.156 3190.000 3200.843 3294.375 
131.062 707.687 1345.187 1534.468 1715.875 2169.500 2557.750 
