-1760.594 -1634.813 -1621.219 -1429.563 -1173.938 -901.469 177.531 376.156 450.406 1190.062 1349.750 1569.406 1828.062 1895.250 
112.375 249.937 338.718 444.468 446.781 493.312 498.687 534.781 713.718 780.250 1221.593 1265.343 1307.156 1345.281 1839.843 1905.875 1930.812 1937.906 1981.062 1988.031 2000.843 2024.312 2277.468 
-1221.657 175.812 227.906 282.312 1992.906 
-1900.688 -1427.438 -451.719 -125.844 -102.407 -33.657 -8.500 -6.250 1826.093 2232.125 
-1476.313 -932.375 350.156 1336.218 1576.406 1595.875 1779.968 3581.031 3611.937 
-1809.469 -1191.282 -1144.219 277.218 2031.093 2053.812 2259.875 
-778.719 -710.344 256.156 1542.500 1977.875 2031.312 2246.343 2360.375 3959.093 
-1873.563 -1690.594 -1515.688 -1416.657 -536.469 -527.313 1999.312 2078.250 2135.625 2691.437 3774.437 
-1978.532 -1424.719 -927.750 -409.938 124.031 1527.531 1558.562 2009.937 2012.031 2257.093 3983.406 
-585.438 726.281 1317.625 1996.343 2016.687 2923.343 3168.125 
