48.156 108.156 147.593 168.187 197.812 210.500 218.281 225.937 305.406 318.625 336.093 342.593 375.562 617.875 641.750 755.406 763.968 873.812 935.062 1136.312 1163.218 1167.093 1211.406 1222.187 1235.906 1236.781 1259.375 1376.812 1400.468 1512.187 1582.125 1609.875 1629.375 1706.875 1723.687 1970.156 2003.687 2033.062 3698.343 3719.593 3871.625 3989.156 3994.562 
40.437 81.875 103.875 109.218 117.625 124.593 131.312 132.437 147.562 185.593 211.031 291.437 331.156 343.343 373.625 500.593 551.625 564.593 641.593 694.125 1071.375 1428.968 1538.750 1632.656 1713.625 1775.968 1943.656 2835.843 2874.937 2949.187 2970.812 
10.875 33.031 105.562 118.625 122.250 125.031 129.062 135.093 194.687 217.718 228.718 240.625 260.000 274.656 278.187 328.093 334.593 337.218 346.906 348.937 375.031 554.500 573.718 578.437 589.875 770.875 777.125 795.375 814.875 822.125 836.375 880.062 908.687 938.562 1061.562 1097.718 1103.125 1132.500 1182.437 1199.125 1223.125 1226.593 1304.781 1342.531 1466.406 1476.250 1521.218 1660.687 1683.468 1692.062 1768.812 1818.406 1828.750 1863.031 1874.406 1914.375 1937.500 2043.750 2055.093 2062.687 2532.375 2555.125 2566.968 2577.906 2600.093 2613.000 2619.062 2693.125 2696.875 2712.437 
30.406 56.250 93.593 101.968 107.875 116.156 123.281 131.375 140.343 162.531 271.281 331.750 413.468 443.750 456.656 474.437 514.937 523.531 536.687 548.468 563.593 661.750 740.968 767.062 791.843 799.718 811.906 823.968 874.093 1162.031 1231.343 1417.250 1531.062 1672.875 1706.500 1821.093 1847.500 1941.187 3171.062 3288.437 
510.906 
123.562 136.656 146.906 180.906 217.906 242.031 275.062 300.156 952.937 1381.375 1812.500 2956.218 3057.125 
122.218 225.281 332.187 947.656 961.156 1044.843 1067.062 1226.281 1363.375 1390.000 1550.343 1571.406 1634.593 1685.187 1694.875 1922.593 3020.812 3392.500 
42.468 123.875 270.687 334.062 342.687 811.781 974.000 1540.093 2925.000 2990.968 
177.906 650.281 956.375 1360.437 1521.031 1548.312 1557.750 1580.093 1895.718 1935.031 3550.781 
260.500 270.875 279.687 590.531 608.625 626.593 1743.250 3525.625 3567.781 3764.125 
