21.093 25.062 223.406 275.875 335.906 337.312 525.812 580.687 616.406 724.937 907.500 966.968 987.125 1014.968 1053.687 1074.187 1097.531 1183.343 1361.968 1518.343 1673.968 1803.875 1871.218 1875.687 2547.218 
20.531 43.500 90.656 94.187 110.625 175.937 180.031 187.531 198.187 208.937 213.062 217.093 227.062 233.437 288.531 303.812 319.656 330.531 339.843 388.062 411.000 444.187 447.875 456.968 468.312 495.937 523.500 532.906 541.687 578.625 632.937 641.031 647.187 722.937 742.718 746.437 748.625 778.687 779.750 789.937 860.937 900.593 939.968 994.656 998.781 1004.312 1038.593 1048.593 1061.562 1074.750 1079.843 1103.843 1144.187 1233.843 1323.562 1352.718 1555.500 1668.156 1894.312 1902.281 1905.187 1995.312 2640.406 2645.531 2649.218 2652.250 2670.781 2696.875 2837.937 2846.218 3687.875 
50.593 118.562 132.000 177.562 182.750 191.593 215.781 219.281 228.562 239.000 243.875 316.250 324.750 332.468 337.281 347.562 351.937 388.937 398.656 404.718 408.781 437.156 444.062 456.593 494.406 500.718 525.125 540.187 544.125 581.656 595.500 603.468 624.187 663.125 726.687 746.531 758.156 803.312 806.875 818.156 898.875 907.750 935.687 1011.218 1029.031 1066.250 1077.031 1110.156 1122.968 1206.875 1325.843 1334.343 1415.781 1530.687 1535.093 1540.156 1574.531 1579.031 1639.218 1669.687 1682.843 1865.593 1869.000 1912.031 1964.406 1995.843 2858.000 2861.781 2893.906 2970.781 3982.531 
33.406 61.031 94.687 106.000 170.531 214.500 220.781 224.437 235.656 243.937 246.750 255.437 270.531 296.843 317.625 323.843 331.875 337.625 406.312 425.031 439.125 474.093 523.000 534.281 540.343 556.593 558.375 570.156 593.250 635.718 639.531 645.937 725.375 737.343 741.906 756.437 881.437 897.968 911.031 1019.937 1028.968 1046.218 1059.312 1080.843 1107.750 1114.156 1122.406 1328.437 1384.625 1406.406 1424.968 1528.031 1699.781 1703.625 1723.062 1897.875 1942.500 1949.750 1959.062 2791.125 2853.968 2857.687 2864.125 2880.937 2904.750 2910.406 3602.093 3622.375 3642.812 3648.656 3733.875 3746.031 
325.500 532.656 757.000 820.687 1014.000 1095.718 1886.656 3556.656 
94.031 113.187 206.906 317.062 342.062 517.000 647.218 798.843 1152.281 1300.343 1374.343 1739.468 1908.000 
458.093 794.875 819.031 1299.625 1394.625 3298.968 3359.437 
6.343 19.156 233.281 572.500 781.437 813.125 956.218 1140.343 1400.000 3044.593 3339.062 
209.375 220.593 538.468 652.937 818.468 1364.437 1408.750 2895.312 2942.312 3666.500 3728.875 
209.062 219.687 665.968 1378.812 1570.781 3086.468 
