27.062 65.281 75.187 114.500 125.531 128.375 148.250 155.750 164.968 166.500 171.875 193.750 208.312 288.593 380.625 408.343 431.031 435.937 443.812 458.593 483.093 498.312 572.125 606.531 623.218 666.875 670.906 699.937 701.875 812.500 859.000 886.156 971.875 980.156 998.312 1230.718 1231.812 1262.125 1337.156 1355.406 1377.500 1419.468 1455.031 1520.312 1521.500 1565.000 1588.593 1799.250 1848.187 1910.062 3213.531 3217.343 3226.437 3250.750 3518.406 3566.625 3927.031 
30.781 88.656 100.125 124.500 130.531 141.656 144.375 148.000 150.562 294.468 332.187 358.312 377.156 389.781 485.312 487.687 513.625 528.375 549.906 574.906 648.656 669.687 690.000 695.937 707.187 918.593 1004.968 1062.125 1106.218 1222.437 1286.781 1511.093 1556.468 1679.125 1716.562 1791.031 1819.031 1845.875 1892.656 1896.281 2807.187 2830.625 2838.875 2851.500 2857.906 3016.343 3151.312 
70.531 101.031 124.312 136.437 141.125 145.312 150.531 167.812 173.281 178.187 185.062 190.656 221.187 288.625 303.312 314.687 387.156 391.687 404.718 422.156 431.937 437.312 439.875 443.562 461.125 465.531 470.156 478.906 487.875 491.750 522.468 569.875 578.250 606.531 644.968 655.312 662.843 694.187 871.656 895.437 902.406 906.000 927.812 951.968 1006.125 1064.781 1072.906 1081.500 1248.656 1261.218 1285.562 1288.250 1296.125 1308.437 1313.093 1377.000 1392.625 1515.281 1537.156 1541.687 1547.125 1614.750 1620.031 1686.531 1692.375 1707.687 1715.968 1719.218 1757.968 1795.562 1818.281 1846.031 1912.718 1939.968 1980.250 1986.312 3040.125 3047.062 3154.093 3167.656 3170.750 3174.968 3180.562 3573.906 3585.843 3608.281 3622.843 3680.000 3796.937 
64.156 92.781 122.781 132.375 148.468 157.593 163.406 174.125 219.250 243.625 247.281 253.250 305.156 308.875 315.000 321.406 410.343 418.218 422.281 434.468 457.218 477.187 497.593 569.406 575.156 593.593 640.312 670.562 849.156 890.750 897.343 957.062 988.875 995.250 1004.656 1025.437 1298.812 1311.000 1318.968 1378.906 1478.312 1482.062 1549.656 1688.656 1694.000 1713.062 1726.468 1899.750 1909.218 2697.125 2718.500 2722.375 2735.718 2762.062 2826.343 2837.406 2855.562 3980.906 3987.187 
100.125 1059.906 
25.781 35.156 71.093 73.343 127.218 146.093 178.500 186.718 395.218 434.531 697.781 1747.406 1836.750 1939.031 3379.000 3391.843 
151.968 201.500 400.187 456.843 477.312 669.156 704.812 796.656 931.968 956.375 3244.468 
1725.906 1763.468 3084.062 3150.843 
71.906 188.250 700.375 1214.531 3176.843 3181.718 3192.062 
861.375 1158.718 1520.781 3191.562 
