141.125 147.062 671.062 676.937 688.312 714.250 852.906 993.875 1440.250 1620.062 1667.343 1798.125 2009.593 3094.875 3102.937 
22.875 148.625 152.875 160.437 169.125 267.031 280.406 307.281 368.562 399.593 407.437 530.812 536.312 550.156 562.812 565.906 670.500 693.062 725.406 762.718 813.625 1009.531 1049.375 1220.625 1239.281 1344.125 1652.156 1671.562 1678.968 1691.781 1714.593 1730.500 1740.687 2159.250 3882.343 
110.500 147.062 152.593 159.812 165.031 174.625 183.750 190.812 195.375 206.781 231.625 239.312 268.031 278.843 304.843 354.031 366.062 369.812 377.031 415.125 453.562 505.687 545.062 686.718 705.250 749.937 831.531 938.781 974.437 999.468 1150.093 1186.750 1207.125 1215.562 1224.468 1228.000 1240.218 1248.750 1557.625 1647.968 1653.531 1716.125 1732.250 1753.375 1931.281 2912.718 2985.312 3093.375 3099.031 3605.281 3610.375 3613.031 
100.562 135.000 145.468 153.531 160.625 165.093 178.312 212.187 250.031 261.531 264.500 310.250 352.656 361.781 366.468 370.343 375.062 397.812 567.437 608.250 682.562 702.000 710.875 724.500 753.343 775.718 783.156 812.125 903.812 921.531 925.281 928.000 939.937 1215.937 1301.062 1311.000 1319.406 1401.437 1475.187 1549.312 1667.000 1795.250 
270.000 
31.906 36.468 96.031 192.312 296.750 565.906 701.062 984.437 1008.250 1219.781 1239.031 1252.718 1517.062 3346.593 3437.406 3442.437 
52.218 279.500 290.125 812.625 1185.718 1196.968 1200.468 2672.187 2682.656 2715.687 
35.906 286.562 288.031 371.718 423.062 426.156 1207.093 1724.343 1729.906 
63.343 648.656 1254.968 1566.281 2137.093 3877.343 3925.093 
50.031 52.968 317.562 398.406 975.562 2777.468 3704.218 
