13.093 48.562 49.593 94.062 125.187 127.531 139.843 165.937 230.968 237.843 311.718 321.343 333.562 348.343 374.750 418.312 420.406 421.718 447.937 568.343 576.687 577.187 744.906 825.312 856.187 859.593 882.593 883.500 884.093 956.781 958.562 959.906 969.062 1111.218 1178.593 1307.156 1317.843 1349.312 1376.093 1390.968 1536.250 1614.281 1649.281 1667.000 1675.968 1720.156 1810.000 1810.875 1863.343 1898.812 1933.062 1936.875 
49.718 114.281 120.218 122.125 127.781 129.062 165.531 169.000 175.062 202.562 245.187 279.750 292.343 293.281 304.468 328.562 330.593 334.812 337.562 345.437 414.656 417.906 418.812 454.656 456.062 456.406 527.718 533.281 564.968 566.468 568.312 591.468 631.187 657.906 697.562 715.406 722.593 740.375 795.000 806.937 819.218 854.375 857.562 874.312 889.406 919.031 932.187 938.562 942.750 953.656 955.437 991.343 1023.656 1067.343 1106.312 1129.656 1135.875 1140.000 1252.281 1288.375 1351.156 1371.187 1395.093 1462.687 1484.187 1486.343 1554.687 1641.437 1642.937 1669.562 1702.656 1716.687 1792.343 1812.875 1893.312 1898.781 1900.468 1904.437 
56.156 87.562 121.812 125.187 125.562 153.000 155.093 165.281 173.687 174.656 201.937 240.031 271.562 378.750 379.468 405.968 415.093 420.343 426.531 445.218 577.875 584.375 585.593 590.125 632.781 700.437 742.468 815.718 847.343 850.187 870.906 893.125 955.968 956.937 981.656 1093.937 1175.250 1266.062 1312.281 1376.750 1454.125 1456.968 1539.406 1557.250 1667.281 1698.562 1702.656 1731.218 1812.781 1862.437 
44.687 56.750 64.187 96.625 116.750 128.437 145.218 149.000 156.250 158.781 168.812 170.843 179.406 274.750 293.687 309.718 329.875 374.062 377.031 423.125 444.062 445.625 541.375 577.062 577.593 582.406 694.906 711.875 713.062 726.343 745.468 788.500 821.093 854.250 893.750 924.562 937.531 955.531 968.812 1101.906 1134.125 1135.406 1246.031 1284.156 1290.593 1306.156 1370.781 1380.343 1446.593 1487.406 1488.593 1514.750 1686.843 1703.281 1704.000 1790.687 1898.968 1904.968 1951.312 
56.875 125.062 156.843 171.281 203.781 216.906 275.000 311.718 329.156 335.531 352.437 373.625 415.718 420.656 422.031 458.937 500.812 670.375 690.312 698.125 820.062 850.812 855.187 856.656 894.968 895.843 959.656 1025.000 1101.812 1311.718 1354.250 1408.562 1439.718 1486.593 1515.093 1555.625 1626.625 1640.812 1645.093 1672.875 1677.156 1719.375 1790.500 1792.250 1840.875 1936.375 
42.562 81.843 84.187 86.000 138.218 157.906 173.812 233.187 326.187 329.781 332.406 372.781 418.687 543.062 591.500 749.937 856.843 859.750 872.875 895.718 933.500 978.093 980.125 1046.156 1093.906 1179.500 1304.343 1318.843 1321.281 1347.406 1377.937 1480.062 1556.437 1627.062 1840.718 1898.750 
40.968 78.687 84.312 127.875 165.812 166.781 247.062 273.812 286.437 348.500 419.156 423.593 533.312 565.687 588.187 693.718 807.531 819.375 876.781 891.875 892.875 906.406 943.281 955.312 956.187 1023.250 1108.656 1135.500 1178.218 1311.968 1483.687 1519.468 1614.718 1627.187 1642.781 1643.375 1644.343 1814.625 
13.125 77.718 85.625 86.781 93.656 99.656 103.718 117.437 122.562 139.750 165.156 165.531 166.156 166.562 177.812 212.718 230.250 230.968 256.062 305.031 313.718 328.406 336.812 368.031 413.062 415.843 417.187 423.031 455.312 484.125 499.812 500.906 568.531 572.875 591.968 694.156 695.906 710.281 711.312 740.750 793.218 794.812 826.312 827.093 854.937 861.281 895.000 922.593 928.843 930.312 940.031 961.312 980.218 984.718 1020.687 1022.593 1099.250 1128.343 1262.187 1280.718 1283.593 1306.156 1315.875 1322.156 1344.062 1349.562 1374.156 1397.281 1400.187 1411.687 1436.812 1438.781 1445.093 1461.593 1477.968 1507.875 1512.562 1610.062 1616.031 1642.937 1647.781 1698.093 1702.250 1725.937 1771.500 1844.156 1869.656 1903.406 1913.468 1965.125 
49.343 60.375 85.281 91.218 100.500 104.187 128.000 151.125 163.468 169.562 200.656 207.625 211.437 234.812 236.593 247.218 248.000 277.375 291.343 332.312 335.250 372.250 413.312 416.875 455.562 478.375 500.906 542.375 547.343 586.906 628.812 668.750 675.062 696.000 701.312 713.406 725.625 793.718 807.406 817.093 828.343 845.781 855.593 885.343 891.718 893.187 898.000 928.125 957.031 977.625 1002.343 1094.031 1184.781 1226.531 1233.593 1348.531 1372.187 1377.562 1378.500 1390.031 1393.406 1506.375 1508.562 1514.625 1521.718 1593.906 1627.562 1646.906 1679.968 1703.250 1807.625 1817.937 1818.718 1836.281 1869.000 1890.968 1897.406 1939.281 1963.437 
43.125 52.031 58.718 84.968 121.843 122.718 164.281 166.718 169.343 211.031 211.625 228.406 249.156 339.781 376.000 415.812 445.500 456.093 495.343 532.312 543.531 587.468 692.125 743.531 822.562 831.281 850.281 855.781 857.281 868.375 874.343 882.718 891.562 895.906 938.000 943.500 961.031 1017.375 1110.437 1140.062 1348.218 1398.093 1400.781 1442.062 1457.250 1486.781 1520.406 1649.531 1675.562 1763.843 1792.187 1808.312 1819.156 1843.187 1898.781 
