1143.125 1151.343 1241.656 1528.812 1563.437 1747.687 1976.531 2369.343 2382.593 2388.750 2391.968 2403.343 2594.750 
432.750 1211.656 1501.031 1531.843 1943.125 2310.093 2849.437 2859.406 2861.250 3430.718 
494.812 498.625 1276.281 1285.375 2342.937 2352.062 2354.750 2359.781 2370.718 2410.531 2857.968 2887.593 3979.156 
1206.750 2085.781 2094.187 2104.406 2123.375 2127.031 3481.468 3808.968 
173.000 175.437 427.343 1213.312 1538.406 2148.625 2193.500 2432.937 2535.687 3808.781 3846.343 
116.656 738.906 1153.406 1175.906 1745.687 1755.156 1815.093 2006.781 2028.000 2380.625 2415.187 2424.718 2453.562 2464.812 2466.937 3688.687 3798.843 
966.812 1461.781 1491.093 1517.906 1542.250 2074.625 2099.281 2111.656 2147.656 2419.781 2434.468 2456.218 2458.187 3020.218 3246.906 
1274.750 1510.968 1540.468 2053.218 2071.718 2358.562 2372.750 2386.156 2808.968 2839.437 3256.468 3258.343 3282.906 3305.468 
1229.562 1237.656 1506.125 1757.000 1761.968 1791.281 2057.093 2159.156 2383.875 2391.281 2407.687 2415.531 2431.593 2443.187 3025.937 3971.906 
126.500 464.000 704.312 710.531 848.531 1191.593 1198.062 1233.125 1752.843 2096.906 2131.062 2170.531 2973.687 2980.968 3005.031 3937.375 
