18.281 22.718 31.093 56.562 109.218 893.031 1127.937 1160.406 1749.000 2865.468 2885.625 3992.281 
377.875 883.750 1936.250 1958.406 1963.281 1968.593 1982.312 2448.687 2526.593 
102.812 129.718 368.031 404.093 444.718 1137.156 1149.562 1696.468 2554.250 2804.406 3596.375 3779.750 3830.218 3874.406 3961.687 
50.687 867.968 1033.937 1045.812 1057.312 2533.562 3107.875 3176.000 
110.500 223.718 400.375 409.562 419.593 627.875 971.562 1179.156 1199.281 2614.312 2897.062 3508.187 3517.625 
78.750 82.593 102.875 135.437 229.500 286.625 374.187 399.843 654.500 918.000 1197.156 2991.468 3478.031 3500.875 3511.000 3603.343 3755.812 3796.593 
87.000 123.718 340.906 497.875 576.625 856.343 860.125 1721.093 1727.781 1747.468 2202.562 2759.437 3397.968 
419.031 435.750 461.343 463.687 617.156 623.843 660.156 985.250 2457.468 2464.875 2791.218 3664.843 
84.656 135.687 165.031 419.812 425.562 427.343 576.031 608.843 1142.000 1157.468 1168.781 1323.031 2638.000 3182.218 3198.843 
101.968 118.187 143.375 297.593 601.750 1747.562 1759.875 2046.625 2052.593 2065.093 2097.062 2117.000 2812.593 3108.093 
