592.937 605.875 631.656 688.468 826.656 834.687 1173.125 1627.937 1778.281 2126.781 3820.937 
576.281 1313.812 1320.562 1329.531 1754.750 1771.250 1777.218 2014.906 2072.687 2116.218 3129.531 3322.343 
623.656 635.937 647.062 948.218 1420.750 1740.593 2515.843 2518.125 2526.218 3299.937 3332.187 3338.687 
1946.593 1950.562 2025.593 2477.656 2949.375 2994.937 3023.531 3923.812 3938.875 
599.812 611.312 617.750 628.687 648.406 650.937 1561.687 2375.937 2386.468 3394.812 3404.468 3540.000 
1879.406 1928.156 2572.500 3468.437 
161.500 1316.531 2402.375 2450.125 2698.000 2699.593 2725.187 2768.500 2819.687 3654.718 
629.093 848.593 1287.187 2466.625 3174.875 3813.781 3820.656 3830.031 
612.187 626.406 1750.968 2249.375 2262.375 2263.875 2385.031 3060.531 
504.312 511.281 522.718 534.406 586.125 827.031 1301.968 1389.468 1399.156 1962.500 2022.625 3639.375 
