664.281 929.562 987.187 1021.718 2461.406 2466.812 
429.531 887.812 935.375 1540.593 1770.031 1810.062 3132.000 3537.093 
321.031 337.593 343.531 980.187 1311.343 1793.781 1815.093 1849.062 1851.468 1853.718 1885.250 2613.437 
68.250 939.562 951.218 987.625 1010.812 1023.687 1296.125 3726.562 3761.218 3809.062 3831.812 
976.875 1323.500 1394.250 1925.906 2446.156 3679.875 
1822.250 1847.156 1896.031 2295.281 2339.906 2653.750 3436.250 
951.062 996.468 1660.406 1677.718 1699.343 1710.312 1946.906 2652.062 
757.187 765.062 803.250 1018.656 1024.218 1506.375 2605.500 3189.968 3330.687 
725.062 1779.781 1787.718 1797.531 2567.187 2989.156 3571.875 
1023.468 2970.718 2979.281 3744.625 
