-1624.282 -949.813 -382.750 80.750 102.093 104.500 181.437 466.531 789.375 844.343 1035.843 1594.156 2845.875 3291.343 3959.406 
-678.063 -584.500 -360.532 -92.125 300.812 1296.593 1929.593 
-1572.032 -1523.782 -1473.313 -1203.313 -406.782 343.593 372.250 419.468 437.375 437.656 496.656 991.093 1586.500 2346.843 3245.687 
-1717.375 -862.500 -687.157 -216.375 -113.782 29.156 280.187 936.375 1422.531 1424.375 1797.062 2480.593 3689.093 
-102.844 274.218 344.343 363.531 515.875 679.000 767.562 1427.031 1675.187 1815.468 1836.812 2618.437 3107.656 
-1860.438 -747.032 59.750 709.656 1258.125 1386.187 1386.843 1404.875 2172.312 2367.531 2521.406 2796.093 3938.343 3987.843 3994.750 
-902.563 -4.688 233.718 455.875 759.906 1021.906 1070.968 1179.781 1382.031 1592.437 1721.718 1790.281 2471.875 
-1959.719 -1384.188 -772.344 11.843 643.750 936.500 1220.906 1371.031 2699.187 3182.906 3436.531 
-1835.407 -1351.407 -738.688 657.562 733.750 828.156 1031.031 1160.000 1160.718 1199.281 1207.343 1391.406 2094.375 3297.281 
-1975.094 -1693.188 -1109.000 -926.875 -816.125 234.031 645.031 807.937 819.000 1386.875 1809.718 2109.656 2254.937 2445.218 3620.062 3836.437 
