288.531 523.500 588.562 642.875 779.750 828.593 844.687 1101.875 1119.312 1129.062 1291.875 2528.281 
15.250 94.156 279.656 519.750 833.968 867.406 997.562 1101.593 1124.093 1129.781 1471.687 1710.187 
66.562 288.812 514.843 520.375 566.968 866.343 968.968 973.250 1030.312 1119.093 1120.437 1226.812 1241.156 1293.125 1364.781 1471.625 1592.062 1710.031 1754.781 1777.406 2900.531 
24.437 29.718 52.062 86.531 150.750 153.281 287.718 331.000 512.812 763.750 882.750 1037.312 1041.218 1048.968 1071.593 1596.656 1683.562 1783.125 1825.437 1861.531 2448.406 2620.062 3822.593 3960.375 
51.625 153.093 291.000 297.750 522.031 869.218 962.562 973.093 1004.125 1006.562 1028.875 1087.468 1129.312 1130.781 1240.375 1292.593 1710.906 1777.562 2368.437 2832.375 3730.781 
11.718 12.875 129.218 175.125 241.968 329.250 460.218 524.593 972.000 984.781 995.843 1040.312 1058.687 1115.375 1121.750 1325.468 1470.718 1685.625 1825.093 2038.812 2294.593 
49.843 65.656 95.343 117.187 161.843 330.062 995.937 1004.468 1018.406 1077.031 1112.562 1422.875 2170.500 2641.875 
331.093 348.375 526.937 734.125 765.531 974.468 979.281 1027.562 1294.562 1682.968 1780.781 1815.875 2610.593 
127.562 524.750 562.125 738.250 881.156 882.500 972.718 1471.812 1776.062 
28.968 140.375 285.625 768.125 891.906 1024.687 1042.187 1044.250 1079.218 1095.937 1129.218 1240.281 1277.437 1684.500 1713.937 1812.593 
