237.062 467.781 1131.062 1789.468 1894.062 
117.156 302.500 816.125 837.562 885.562 898.500 2320.531 3311.562 3325.218 3332.218 3342.812 
140.437 148.625 510.312 1101.031 1105.625 1112.156 1132.093 1140.000 1168.875 1186.250 1199.218 1971.000 1992.562 2005.750 2046.937 2055.812 3458.875 3489.781 3510.531 
131.812 143.187 160.125 180.125 1039.656 1043.343 1060.968 1074.031 1082.187 1098.687 1780.968 2006.218 3577.625 
93.812 138.187 585.156 614.312 629.562 1101.187 1108.625 1115.750 1135.281 1151.218 1839.437 
127.281 135.656 1889.125 3344.125 
1087.625 2082.500 
163.906 2402.156 

1285.125 1291.531 
