74.906 169.531 597.468 620.343 652.968 664.500 699.937 782.687 957.781 1024.156 1085.468 1112.562 1176.062 1254.718 1437.343 1530.187 1596.937 1795.093 1826.281 1906.062 
95.593 120.125 596.625 623.875 636.406 867.593 963.937 1024.656 1052.125 1176.593 1254.468 1428.343 1523.718 1720.781 1748.593 1802.843 1819.687 1891.843 
75.437 98.312 113.468 308.468 607.125 607.843 616.531 625.625 625.843 645.125 705.187 779.937 871.875 872.531 934.781 1017.625 1035.250 1036.687 1164.875 1260.718 1300.687 1508.781 1976.656 1984.218 
94.562 95.531 302.593 316.843 436.906 460.781 544.656 624.250 804.062 926.593 1007.750 1053.093 1182.593 1426.812 1532.406 1829.750 1887.343 
20.406 99.687 323.437 325.812 436.625 624.875 699.343 804.156 821.500 1042.093 1053.437 1164.031 1164.281 1259.062 1336.687 1425.250 1432.968 1764.906 1882.218 
73.468 97.218 131.656 308.531 566.187 625.625 625.843 670.031 1011.718 1162.843 1256.937 1600.250 1646.312 
50.187 72.906 188.781 344.906 607.812 625.843 644.187 782.062 1009.187 1053.312 1154.562 1281.343 1999.937 
21.750 33.156 34.906 77.125 96.593 307.562 310.875 624.875 625.843 777.437 918.750 1440.437 1759.968 1803.437 1981.343 
32.062 436.937 621.500 625.625 625.843 629.218 643.781 803.843 897.031 964.375 1029.187 1053.218 1259.562 1284.718 1387.562 1451.500 1502.625 1593.093 1731.406 1997.312 
32.406 75.093 143.531 547.718 625.625 625.843 651.718 990.406 1160.406 1256.625 1425.281 1439.750 1727.718 1761.250 1841.343 
