53.437 431.187 468.093 854.125 914.625 916.406 920.781 924.625 942.968 956.906 959.718 973.906 975.468 1260.593 1337.781 1384.593 1393.156 1393.968 1441.562 1575.843 2054.750 2079.531 2095.968 2101.906 2181.656 3190.031 3389.968 
272.781 850.062 919.375 1392.906 1398.062 1401.312 1475.093 1479.843 1524.031 1555.125 1574.031 1583.781 2052.812 2069.343 2260.593 2268.718 2969.500 
922.125 2050.750 2055.093 2142.687 
272.312 463.000 475.968 590.093 896.593 916.812 1022.125 1082.687 1144.031 1290.187 1392.093 1393.968 1395.500 1402.968 1455.875 1462.187 1716.750 1717.656 1821.531 2057.437 
269.406 272.718 919.656 941.531 2054.218 3897.343 3939.093 
579.718 2050.031 3311.968 
54.312 272.093 302.437 912.531 918.031 922.125 998.437 1070.093 1462.968 1595.500 1980.187 2058.093 2058.625 2134.093 2245.687 3968.968 
348.156 350.562 915.625 2057.625 2186.843 3444.937 
270.812 283.437 2136.687 2236.812 3413.187 
272.968 276.718 449.375 1400.218 1406.000 1462.437 2054.500 
