37.187 195.906 197.656 368.343 397.000 429.218 432.468 440.343 715.812 732.312 877.562 1266.000 1268.843 1269.625 3965.218 3967.093 
28.937 30.875 370.593 394.468 507.750 881.968 910.031 1262.906 1265.906 
26.656 27.843 28.718 32.875 123.000 127.125 200.062 914.093 1269.062 1525.625 1527.468 
33.843 44.375 127.281 196.218 199.968 425.156 526.125 685.968 1234.218 1260.500 1268.312 1325.125 1525.718 
28.843 30.312 38.000 260.781 366.906 424.687 796.218 904.937 907.187 1042.312 1233.781 1269.875 1529.781 
28.343 29.937 31.218 32.875 37.843 98.281 125.218 185.718 369.687 481.093 674.437 1042.843 1269.812 1363.906 
27.312 28.500 28.718 31.218 132.000 286.625 423.093 427.968 442.968 909.906 985.687 1114.562 1211.218 1343.156 
29.156 35.718 124.562 126.875 127.343 193.937 196.906 199.250 527.500 681.812 876.468 881.875 1270.125 1331.687 
26.406 29.250 39.812 47.031 171.406 269.781 392.312 424.687 424.906 773.125 874.312 901.625 1040.375 1113.968 1268.500 1351.250 1574.187 3099.125 
-588.157 34.375 51.500 128.656 167.218 421.937 912.062 1011.218 1039.562 1041.781 1266.187 1524.500 1526.250 
