-1506.563 -1279.375 -1252.188 -257.907 31.593 331.843 366.250 539.062 573.343 726.875 757.531 1038.000 1104.625 1135.437 1202.375 1203.750 1444.906 1445.437 1468.093 1632.562 1850.593 2252.031 2463.406 3231.531 3594.656 
-1527.750 -1451.969 -604.188 250.937 265.343 271.375 314.125 400.062 417.781 453.562 467.656 725.031 762.062 1005.937 1097.125 1202.781 1228.062 1497.750 1538.031 1686.250 1704.093 1813.375 3034.343 3472.062 3716.062 3883.093 
-1665.844 -1457.750 -1250.063 -1249.407 -761.719 101.718 110.468 266.250 332.312 399.125 417.156 437.687 467.031 604.593 612.031 946.250 1078.125 1646.250 1672.656 1680.781 1696.656 1767.625 1807.281 3649.187 3805.156 3814.875 3863.687 3926.375 
-1963.250 -1910.594 -1806.938 -1789.969 -1343.875 -1155.782 -754.094 -650.219 -392.750 207.718 250.562 278.281 332.156 333.000 365.125 400.062 410.687 441.562 466.375 474.812 541.468 616.812 817.312 1005.906 1136.781 1464.343 1633.656 1644.406 1769.187 1779.531 2960.812 3476.156 3506.625 3779.718 3811.687 3871.500 3880.593 
-1947.844 -1742.563 -1725.407 -1482.219 -1244.594 -1008.094 -747.219 -16.063 144.156 322.062 333.312 410.625 419.187 613.468 858.687 947.187 954.468 974.031 1039.125 1071.812 1375.593 1428.937 1632.500 1634.125 1740.406 1746.156 1767.781 1785.125 1817.500 2499.187 2584.531 3105.937 3409.937 
-1481.063 -1346.282 -1340.563 -731.750 -690.188 -602.532 -502.844 -173.469 -95.469 111.250 170.625 257.093 364.750 428.125 428.656 432.687 439.218 543.750 582.906 606.562 608.281 614.812 624.625 625.843 711.156 766.062 932.812 935.781 1160.937 1163.593 1234.531 1263.437 1429.343 1646.875 3502.375 3898.437 
-1235.000 -652.282 -414.813 -91.938 16.750 100.531 134.250 194.750 270.031 273.687 314.718 324.468 335.156 399.906 467.156 555.468 719.156 814.781 818.562 932.000 940.250 1007.875 1037.125 1167.375 1172.750 1421.093 1473.468 1492.500 1585.343 1619.156 1776.468 1849.125 1850.187 2180.218 3146.437 3820.718 3890.125 
-1585.625 -1431.125 -1294.094 -1103.188 -735.563 -611.250 -610.719 -600.657 -407.844 -376.094 -298.469 -260.313 67.687 71.187 101.843 120.500 471.437 546.375 553.718 606.125 606.625 659.531 729.000 734.406 887.062 932.062 957.562 1037.593 1081.968 1335.250 1364.031 1397.718 1479.593 1679.656 1696.750 1768.031 1810.437 1828.468 1860.093 2193.218 2196.687 2319.156 3086.531 3121.031 3166.000 3167.781 3173.343 3390.156 3446.937 3476.843 3636.937 
-1688.969 -1404.500 -731.625 -730.032 -485.594 -484.969 -462.500 -450.875 -35.594 43.718 64.093 71.781 84.000 189.562 331.937 417.125 456.187 606.562 617.718 652.031 715.656 726.625 820.375 863.812 888.750 951.375 969.125 1023.968 1058.031 1071.125 1074.906 1170.187 1172.593 1202.375 1203.093 1246.812 1439.593 1477.187 1502.187 1552.125 1618.500 1631.937 1646.687 1748.406 1789.406 1848.500 1925.250 2203.656 2243.968 2351.531 2545.312 2683.031 2689.062 3107.812 3258.875 3415.750 3892.968 
-1993.063 -1915.000 -1799.657 -1369.344 -1076.563 -599.219 -596.938 -267.813 51.656 62.125 111.187 144.843 205.625 271.250 276.437 299.062 429.343 438.250 447.750 448.062 453.687 466.875 520.750 618.093 686.031 1023.750 1038.406 1095.937 1365.281 1453.875 1526.531 1545.718 1667.781 1703.812 1767.281 1809.937 2108.250 2359.375 2515.218 2890.062 3267.937 3271.562 3588.625 3968.187 
