-1407.719 -1341.907 -1322.407 -542.094 -134.657 166.218 241.468 352.718 377.093 469.531 518.875 583.656 596.125 597.406 761.187 797.187 891.593 1178.906 1186.750 1363.343 1460.906 1529.812 1535.718 1565.562 1606.093 1729.531 2004.218 2014.843 3540.218 3675.281 3680.718 3988.218 
-1963.844 -922.657 -921.375 -545.063 -449.344 -434.750 -343.032 283.093 361.875 378.687 430.937 642.843 746.031 779.437 916.562 936.406 987.625 1398.062 1710.437 1718.843 1989.250 2695.781 
-1796.719 -1655.313 -1595.594 -1228.875 -154.282 -142.282 24.531 43.937 73.875 133.093 235.625 267.281 336.343 390.437 444.593 477.062 526.593 653.750 669.062 724.312 881.687 1147.500 1371.031 1445.062 1729.812 1785.437 1823.312 1934.281 3148.093 3542.562 3561.406 3963.156 
-1612.407 -1414.813 -1261.657 -1214.657 -934.594 -801.282 14.218 25.000 25.562 60.812 124.500 147.187 182.906 235.937 266.937 378.156 571.250 592.437 690.875 701.250 723.750 862.750 895.312 988.718 989.218 1198.468 1398.125 1626.781 1631.375 1785.437 1789.250 2067.218 2975.937 
-1959.657 -1413.219 -1214.469 -1132.907 26.593 126.562 182.500 234.156 273.781 350.031 434.687 690.718 740.531 748.031 758.843 839.500 894.843 987.531 1033.250 1159.843 1196.687 1206.031 1308.281 1373.593 1523.250 1575.562 1709.375 1722.406 1807.093 1824.343 1829.968 1847.437 1959.656 2018.281 2238.125 2707.781 3316.343 3334.843 3351.375 
-1423.469 -1206.532 -498.563 -307.719 26.687 165.468 171.218 182.906 266.000 336.343 344.500 360.093 420.406 423.625 514.187 572.406 728.375 891.562 937.156 937.593 1088.656 1097.375 1104.812 1149.093 1180.468 1259.937 1265.343 1307.406 1399.125 1456.625 1533.500 1540.281 1654.218 1709.781 1961.281 2871.906 
-1471.844 -1286.282 -1208.032 -1186.032 -1148.500 -1145.344 -1097.094 -1070.438 -383.657 -201.375 -200.782 22.312 25.156 155.843 181.500 292.750 331.593 374.906 465.906 576.625 595.187 650.593 669.125 697.437 729.531 835.156 856.687 913.468 916.343 923.750 1084.000 1306.937 1374.750 1397.593 1483.875 1521.093 1522.531 1527.218 1529.781 1556.031 1566.968 1665.218 1681.437 1712.437 1728.062 1784.562 1819.218 2452.062 3273.125 3551.750 3646.687 
-1841.125 -1544.469 -1467.813 -1405.157 -1346.469 -1298.344 -1055.157 -798.813 -523.063 -465.657 -348.532 -293.469 13.687 23.781 72.312 240.468 275.250 282.375 352.281 458.875 549.562 688.281 696.281 724.625 746.406 840.093 895.031 1041.750 1246.968 1340.062 1523.156 1627.187 1655.781 1689.375 1695.781 1709.031 1710.031 1735.312 1828.968 1837.250 1958.843 1959.531 3098.187 
-1463.282 -938.782 -900.813 22.125 23.093 55.593 158.812 182.343 234.281 236.250 282.093 386.406 392.812 424.312 455.562 462.343 518.343 724.812 739.781 767.937 834.625 840.750 869.375 898.843 901.500 957.312 1093.562 1158.906 1340.906 1362.750 1370.625 1379.562 1440.593 1483.968 1506.562 1542.343 1718.406 1742.750 1784.875 1838.531 1855.468 2066.906 2352.781 2726.312 3033.906 3186.593 3729.187 
-1787.938 -1325.875 -1059.532 -1023.875 -767.125 -728.407 -641.938 -449.219 -398.907 -312.750 -173.875 -66.157 26.656 113.375 135.812 182.531 182.906 332.375 364.187 424.062 447.562 461.906 522.531 527.812 571.906 669.093 754.562 916.500 931.625 992.125 1033.093 1041.531 1092.593 1159.281 1202.375 1208.312 1330.625 1340.281 1341.062 1343.906 1344.468 1628.000 1656.218 1681.281 1708.031 1727.593 1728.187 1787.750 1852.250 1902.875 1933.343 2018.812 2470.875 2547.625 
