849.718 2243.000 2243.593 2295.250 
17.406 75.031 100.625 212.562 532.187 724.937 1239.437 1771.750 
21.468 148.218 185.187 386.218 463.062 512.218 949.031 1018.468 1272.687 1506.906 1645.062 2087.406 2282.750 
1038.718 1136.093 1393.687 1769.406 2385.562 3939.812 
30.156 74.562 80.843 612.562 783.062 810.562 999.718 1294.281 1536.937 2058.000 
1099.218 1770.468 1796.656 
27.531 84.187 349.156 822.937 859.156 1257.156 1646.156 1820.531 2292.000 
823.156 1770.562 1914.906 2054.812 2087.312 3239.781 
1159.625 1257.218 1749.250 1770.968 1796.843 
463.656 517.625 576.281 918.187 919.156 1645.906 1770.531 1998.781 2250.187 2871.406 3535.125 
