-1436.719 98.968 112.968 558.687 671.968 885.437 992.812 994.500 1013.468 1075.687 1101.437 1160.625 1184.187 1846.812 2030.750 2062.687 2067.312 2084.750 2211.687 2312.343 2334.562 2351.250 2401.218 
-1911.532 -1711.438 113.218 132.843 246.093 671.437 718.968 846.531 847.468 984.968 1022.281 1080.156 1088.218 1155.718 1188.781 1191.812 1201.000 1806.218 1813.437 1848.375 2029.656 2053.343 2194.281 2296.531 2356.687 2372.031 2663.312 3554.125 
-359.563 80.437 85.625 119.562 252.937 496.343 525.625 848.968 881.593 892.156 1107.187 1207.593 1650.937 1808.031 2025.250 2030.687 2074.375 2242.406 2352.281 2390.656 
110.937 113.375 142.125 262.312 1065.218 1103.718 1105.000 1221.562 1610.437 1650.781 1848.343 2292.937 2310.375 2321.281 2350.437 2372.375 
-536.532 246.750 537.468 579.562 629.875 734.500 1052.437 1181.343 1252.125 1300.312 1758.937 2054.156 2168.187 2179.843 2254.843 2304.031 2337.437 2363.687 2379.875 
80.468 261.531 551.281 640.500 898.062 904.968 910.656 913.968 997.250 1180.562 1233.937 1403.093 1806.312 2268.750 2343.437 2384.687 
109.531 527.125 567.093 849.093 960.812 1093.187 1154.468 1227.843 1377.062 1394.343 1674.468 1993.406 2067.687 2151.250 2295.437 2305.250 2367.625 2410.656 2835.031 
-1342.032 248.812 255.156 542.000 1016.156 1037.031 1632.750 2016.281 2358.218 3326.468 
114.281 139.687 225.687 244.843 263.687 505.500 550.343 680.156 757.218 867.718 980.375 1355.687 1680.406 2088.781 2255.781 2427.593 2980.125 
111.656 258.968 262.343 269.656 723.968 849.000 861.031 896.000 910.843 961.593 979.093 988.437 1156.656 1180.750 1219.093 1244.531 1902.187 2044.375 2077.656 2252.656 2369.125 
100.750 118.281 124.187 223.375 548.031 631.750 723.937 831.187 903.125 990.187 1031.687 1081.906 1158.156 1814.937 2240.156 2261.000 2346.562 2418.312 
116.812 130.468 677.031 737.687 767.218 879.062 900.281 1009.218 1100.625 2086.843 2192.156 2375.718 2399.812 
-1463.282 93.781 107.375 129.531 236.406 244.125 539.437 561.843 735.812 886.687 990.531 1111.343 1141.375 1146.718 1985.687 2007.593 2256.437 2385.906 2469.093 2572.750 
78.031 81.781 222.437 478.531 641.562 886.031 1008.625 1041.437 1236.843 1673.718 1892.343 2074.093 2541.906 
