488.843 790.218 794.906 797.812 808.625 888.843 899.843 935.625 1057.875 1141.312 1162.437 1849.343 1859.687 1973.437 1974.593 1983.625 3389.437 3881.968 
306.437 476.375 484.906 761.812 784.843 807.875 1078.093 1081.531 1091.437 1728.312 1848.343 1849.062 1853.718 1927.281 1977.750 1984.093 2542.843 2643.906 2851.437 2878.968 3145.593 3323.375 
488.906 769.718 770.593 782.906 784.093 784.718 786.218 798.375 807.562 908.687 1093.156 1508.625 1522.281 1522.968 1746.531 1859.843 1862.781 1978.687 3183.187 
317.093 352.500 430.812 433.406 450.125 769.593 784.781 801.437 937.812 1035.125 1744.937 1849.125 1861.531 3741.062 
319.187 324.531 784.406 795.437 806.406 815.437 1088.218 1157.625 1209.187 1482.031 1492.437 1509.500 1786.875 1848.250 1987.781 1991.125 2748.937 
319.656 470.625 1079.375 1090.625 1757.062 1787.625 1972.031 1982.187 1985.625 3390.062 3533.187 
319.687 645.218 767.187 771.062 821.062 825.843 938.562 1088.093 1784.968 1792.375 1863.781 1972.687 1990.593 3400.781 
319.593 322.437 767.437 768.406 826.500 937.468 1077.500 1788.750 2307.656 
131.750 192.812 318.281 480.500 481.687 482.281 785.250 813.468 895.781 1088.343 1508.562 1862.781 1981.281 
291.156 783.718 794.375 794.718 815.562 821.531 896.343 936.281 1085.031 1094.781 1509.437 1847.781 1859.000 1967.468 2519.250 3184.593 3830.531 
