14.968 25.281 30.593 34.500 59.625 65.500 93.250 113.000 133.843 154.375 283.187 320.125 351.468 393.281 492.437 616.250 625.375 682.062 810.281 895.625 979.656 1119.125 1150.781 1274.750 1276.156 1289.281 1312.593 1521.093 1529.218 1604.812 1615.750 1715.531 1718.656 1739.093 1746.937 1749.187 1856.031 1884.125 1895.062 1912.812 1918.687 3732.062 
251.437 313.937 341.437 441.250 488.875 493.218 494.468 501.593 526.281 556.468 557.500 560.125 565.031 612.687 714.406 769.906 898.718 1308.062 1424.625 1599.875 1752.625 1884.875 1908.687 1915.437 2386.156 2450.218 
39.125 93.187 101.312 102.281 311.718 344.000 344.656 374.968 425.687 442.843 474.093 528.187 1168.625 1292.906 1352.875 1385.500 1531.312 1552.906 1696.812 1725.125 1852.562 1888.093 1995.875 
100.218 125.093 135.218 306.687 346.781 492.093 494.000 514.593 1190.187 1225.000 1443.593 1491.750 1527.593 1722.875 1724.906 1886.406 2004.156 
20.406 42.812 311.437 341.656 345.031 512.312 557.812 644.468 691.781 700.281 1114.468 1181.937 1287.656 1473.437 1594.968 1722.000 1722.906 1830.281 1885.187 1886.281 1897.687 1985.250 
19.781 117.625 129.187 170.531 219.000 259.218 303.281 473.500 502.500 532.031 566.250 787.718 1259.812 1274.687 1346.562 1892.906 1900.375 1906.531 
19.906 346.906 464.093 493.062 494.000 494.468 495.093 587.718 1167.718 1373.343 1375.593 1646.093 1694.968 1723.906 1726.500 1888.468 2041.750 
20.531 172.875 310.812 348.218 427.656 437.000 491.812 527.562 530.406 609.625 699.406 805.718 1092.093 1492.437 1528.656 1598.312 3769.468 
15.062 19.625 85.718 309.437 494.000 499.750 517.000 525.031 557.375 769.656 873.312 913.281 1259.781 1274.593 1438.250 1891.562 
19.875 25.812 59.093 92.156 93.375 93.843 151.812 158.531 202.125 203.906 308.593 526.156 556.156 716.031 1058.125 1172.500 1274.500 1277.468 1283.187 1296.250 1314.156 1355.906 1411.500 1535.093 1682.375 1855.812 
