-1667.594 -1040.250 251.156 511.312 1632.843 1825.625 3602.625 
-73.094 626.718 1294.531 1660.031 
-1171.375 -392.625 -75.344 56.312 339.781 1238.656 1368.156 1656.687 1659.468 3129.468 
-1576.782 255.750 333.187 825.125 
-804.282 260.000 429.656 1238.750 1348.093 1413.625 
358.343 363.250 1322.156 1370.343 1697.562 2518.906 2640.625 2665.687 
-1282.688 73.843 161.406 266.531 339.937 823.125 825.531 967.000 1376.093 1421.250 1843.968 2076.937 2156.843 2446.812 2710.000 3215.750 3972.468 
-1086.938 -179.344 449.062 825.062 1310.281 1376.031 1649.406 1665.156 3329.812 
-1986.750 -1979.250 -253.532 271.437 475.750 588.625 950.937 
-706.532 1145.156 1298.312 
