-1084.313 48.156 333.625 407.187 714.312 935.343 1626.375 3937.218 
41.843 280.000 295.250 1234.843 1285.531 2219.125 2251.406 
552.437 1282.968 1806.625 2224.218 2399.375 3767.031 
315.468 599.406 718.468 831.093 962.093 1764.500 2496.468 3932.531 
61.437 290.937 402.656 1996.562 2596.812 
188.562 204.687 503.000 1121.718 1181.062 1364.937 2030.500 2232.968 2396.687 2404.781 2560.812 2894.843 3167.937 
412.125 495.125 1376.437 1872.687 1945.343 2111.281 2141.406 2240.406 2660.000 3142.656 3399.406 
69.375 299.437 654.312 813.312 1099.250 1187.968 1759.406 1851.031 
-452.532 34.656 42.843 154.187 1330.812 2536.375 
-1262.844 -1253.219 -915.938 493.718 790.187 861.000 1187.718 1682.312 1904.937 2013.937 2038.500 2083.281 2273.562 3465.625 
