73.656 97.468 116.812 136.281 148.937 177.500 212.343 322.687 411.375 1911.687 1935.218 2004.781 2106.000 2111.531 2122.312 2126.531 2705.750 2730.718 2751.625 2771.625 3020.343 3288.968 3325.062 3357.687 3383.812 
227.625 413.781 441.281 704.250 987.031 1624.281 1698.437 1849.187 2965.937 2983.656 3114.125 3118.625 3525.187 3544.375 
11.187 29.843 32.750 34.812 265.218 532.375 855.375 980.093 1311.406 1339.093 1359.625 1374.125 1391.531 1414.062 3317.718 3347.531 3348.187 3364.781 3509.062 3641.062 3898.906 3950.156 3967.875 3983.031 
190.375 426.937 839.906 1551.968 1852.187 1864.625 1875.062 1876.843 3268.156 3296.062 3358.875 3374.937 3869.437 3877.406 3886.437 3933.843 
58.125 136.906 142.625 152.343 159.031 180.343 187.093 203.406 232.375 253.437 254.062 271.781 298.531 304.937 422.531 481.531 487.718 501.468 519.937 745.843 1326.437 1347.968 1351.218 1366.968 1399.937 3391.937 3395.625 3398.500 3402.875 3405.687 3419.375 3436.468 3558.843 3573.875 3601.531 3606.750 3608.406 3709.218 3721.531 
44.468 64.406 147.218 179.031 196.156 196.781 221.875 357.687 381.531 385.937 421.062 422.187 622.781 657.687 690.250 704.375 1269.781 1284.593 1285.906 1336.031 1336.718 1350.781 1364.875 1378.062 1384.437 1395.625 2834.250 2852.593 2866.343 2892.187 2903.312 2916.062 2922.125 2941.593 3414.281 3414.875 
78.843 300.843 488.593 716.968 1031.937 1057.687 1257.031 1258.687 1272.468 1291.250 1293.500 1305.031 1306.468 1314.843 3121.593 3140.781 3145.437 3151.937 3160.718 3168.781 3170.000 3180.500 3199.031 
40.312 75.375 141.812 173.281 185.937 212.343 240.156 260.968 275.593 306.968 308.562 325.437 357.968 367.062 378.281 402.187 503.156 1991.656 1995.187 2010.875 2016.531 2017.593 2029.687 2035.156 2628.750 2639.187 2652.093 2657.187 2657.968 2660.437 2663.812 2668.781 3344.750 3347.062 3361.687 3371.906 3383.406 3388.437 
44.281 133.312 141.968 171.093 189.937 212.218 242.156 256.375 257.093 304.031 337.062 360.937 371.031 385.125 391.593 403.718 411.906 419.281 617.812 625.375 647.531 656.781 664.750 674.875 675.531 687.437 689.906 699.937 700.625 705.781 707.437 715.437 723.937 725.375 751.718 1005.500 1343.843 1354.906 1367.687 1377.656 1388.062 1389.125 1393.562 1419.687 1427.093 1436.687 1983.500 1998.312 2016.343 2751.625 2755.843 3626.187 3658.187 3666.968 3680.062 3695.625 3893.062 3902.531 3904.812 3922.687 3942.718 3951.625 3953.468 3967.218 3971.625 3982.843 
49.593 77.843 152.343 182.125 204.156 244.250 284.156 295.843 358.250 369.125 392.625 409.687 417.281 445.312 466.406 469.281 475.250 496.343 500.250 513.500 535.125 859.906 976.031 1051.812 1088.250 1316.500 1338.625 1354.968 1365.281 1368.531 1385.812 1386.468 1504.750 1520.062 1528.562 1529.468 2638.375 2645.593 2661.156 2671.500 2672.500 2692.125 2704.437 2717.750 3645.968 3658.812 3659.812 3672.781 3673.687 3685.375 3686.156 3697.843 3705.437 3718.187 3722.562 
