516.375 520.281 524.687 531.031 537.750 548.125 565.843 827.656 831.281 836.281 1548.968 1555.468 3434.437 3610.281 
310.906 513.625 534.406 819.500 827.500 850.343 876.843 895.156 1238.750 1248.562 1266.406 1344.937 1473.125 1547.437 1555.968 
95.375 515.156 529.312 533.312 549.656 613.437 837.812 1241.718 1542.406 1552.375 1559.687 1599.468 
459.750 515.312 522.062 528.843 548.968 830.218 848.750 1236.156 1245.343 1262.250 1278.468 1546.562 1549.843 1562.781 1571.375 
468.500 511.906 517.562 518.437 534.687 547.968 822.562 828.781 845.968 856.593 1234.687 1239.843 1264.062 1544.656 
464.250 515.281 527.437 829.468 1243.250 1556.718 1972.218 
481.937 509.531 522.406 523.781 533.437 837.125 1256.687 1547.031 
514.031 526.562 538.062 539.218 631.843 829.625 834.437 843.687 844.812 1239.218 1256.906 1552.406 3865.187 
519.781 531.218 536.843 537.281 555.375 824.000 848.093 1238.156 1262.062 1553.906 
108.625 513.312 642.468 700.781 708.031 829.875 847.468 1237.687 1258.187 1552.812 1564.093 2493.875 2511.468 
