51.375 56.343 81.656 143.625 147.843 306.468 394.125 737.750 1347.093 1358.718 1392.843 1406.562 1422.000 1772.000 1780.843 
50.562 81.218 89.500 142.218 151.968 229.218 239.625 265.593 304.000 375.031 497.500 507.812 717.750 1305.906 1309.718 1339.187 1343.000 1347.656 1423.531 1427.156 1533.093 1537.937 1769.187 1780.843 
50.625 61.781 142.718 268.437 299.437 302.093 303.250 1131.812 1306.812 1319.156 1346.937 1348.750 1390.000 1545.500 1765.687 1769.875 
86.500 143.593 171.093 264.906 303.000 306.968 489.968 542.312 678.531 715.593 736.187 1311.812 1347.625 1353.843 1398.843 1530.750 1536.750 1776.312 1776.906 1789.781 
140.781 146.562 304.281 305.000 392.375 488.062 719.187 853.281 858.406 1330.031 1341.500 1344.937 1347.375 1388.218 1538.750 1773.125 
50.093 59.062 865.843 1286.500 1347.093 1349.500 1351.812 1772.093 1773.531 1776.218 
61.312 118.875 142.812 302.468 306.375 489.593 493.656 725.281 727.625 748.250 1307.593 1312.250 1338.468 1537.812 1763.187 1772.000 1772.875 1776.750 1785.781 1826.968 
83.375 142.968 307.000 494.156 713.593 1246.406 1351.468 1360.812 1778.625 1926.062 1933.000 3628.218 3679.968 3682.656 
51.937 149.531 159.625 310.906 493.656 718.843 731.593 1348.687 1353.843 1414.343 1419.187 1767.906 3270.906 
143.125 145.812 154.281 271.000 488.187 496.375 667.843 722.437 733.312 742.031 1305.718 1344.187 1347.500 1426.218 1531.875 1536.375 1546.718 2557.906 
