499.093 602.125 1272.375 2499.531 
3071.437 3085.031 3445.468 3871.562 3875.625 3982.937 
2549.687 2550.562 2565.031 3235.500 
194.875 518.062 2397.968 2399.250 2414.718 2555.656 2624.656 3283.281 3301.281 3308.468 3324.875 3326.281 
66.593 172.281 1281.312 2797.531 2807.968 2861.906 3082.718 3162.375 3738.250 3826.468 
316.218 619.843 1276.750 3129.687 3295.437 
22.968 747.375 1681.000 2490.875 2632.781 2749.218 
474.125 1265.531 2461.250 2468.625 2483.812 2490.593 2574.687 3504.000 
167.375 2265.000 2527.312 3355.625 
98.093 103.750 185.937 2451.375 3344.562 3507.312 
