19.406 21.718 24.031 69.312 69.906 237.125 239.937 291.781 519.187 877.781 1222.562 1363.093 1413.343 1702.000 1714.125 1727.156 1729.906 1732.968 1734.406 1738.812 1920.218 1939.812 
18.218 19.468 19.875 69.406 124.343 420.812 422.750 508.531 517.843 610.656 636.687 665.000 1148.593 1210.062 1243.468 1248.156 1366.437 1405.093 1730.250 1734.468 1738.843 1832.250 1853.937 1856.156 1863.750 1966.562 
17.656 18.562 29.562 337.281 340.750 612.187 697.625 968.781 1062.093 1363.437 1912.000 
18.343 19.531 274.031 355.656 365.218 422.843 504.843 609.875 782.781 1003.562 1159.875 1225.750 1239.125 1369.812 1692.343 1725.875 1743.031 
69.156 147.718 271.562 326.875 337.187 348.218 518.718 537.843 611.312 691.125 1064.656 1138.187 1155.875 1249.187 1732.718 1824.687 
18.625 21.468 158.031 235.718 237.468 238.093 268.031 287.843 341.468 422.968 634.843 673.281 1001.468 1058.437 1238.937 1369.968 1377.500 1707.468 1904.937 1945.250 
18.656 22.093 138.437 238.156 240.062 285.531 337.156 383.031 548.531 639.968 644.156 647.562 771.531 869.843 872.281 972.843 1060.656 1153.500 1228.312 1238.906 1362.906 1363.187 1721.312 1724.375 1904.500 1915.437 
19.437 22.312 138.312 147.656 238.343 239.281 265.937 513.656 631.718 634.906 649.468 693.968 879.000 880.562 882.531 1062.250 1222.125 1708.937 1721.218 1795.562 1904.875 1912.218 
18.093 19.312 75.250 91.375 124.312 155.562 238.406 258.125 260.031 328.375 337.000 342.562 420.375 423.875 513.093 705.000 724.468 870.593 879.187 891.531 1003.562 1070.625 1094.031 1096.281 1363.312 1413.312 1732.968 1831.500 1903.593 1905.500 1941.437 1942.656 1959.593 3019.031 
23.625 52.718 68.968 81.031 324.156 337.062 362.187 507.906 513.250 617.250 632.000 634.812 701.562 935.937 938.125 940.468 971.656 1239.406 1246.906 1277.781 1413.312 1915.250 1922.062 1967.250 
