82.718 91.968 259.062 565.437 1915.281 
112.687 629.562 946.687 971.000 1761.750 1794.500 2087.312 2177.781 2188.250 2303.781 
47.875 117.687 224.281 815.031 947.218 1097.343 1123.843 1187.343 1224.343 
559.218 853.718 867.968 884.937 1096.281 1245.843 1374.093 1391.718 1690.562 2163.781 2236.687 2311.843 
258.250 487.125 767.468 1103.500 1853.750 1929.593 2087.000 
763.031 3165.500 
1092.875 1229.875 1374.625 1634.750 1912.468 
227.187 563.937 2308.968 2332.750 
506.625 893.906 996.656 1384.593 1924.281 1987.437 2037.156 2042.031 2237.281 
527.656 805.437 1164.937 1836.500 1894.968 1981.343 2077.562 
22.656 93.156 806.437 2266.500 2288.593 
105.562 181.687 748.843 805.250 1133.093 1155.312 1580.656 2009.250 2063.718 2263.625 
222.187 246.156 629.843 739.875 1628.562 1945.343 2252.718 2311.468 
96.656 479.093 500.468 952.937 1228.843 1373.875 1590.781 1619.031 1763.875 1895.531 2162.125 
