18.750 85.156 109.187 288.437 379.500 438.468 556.312 652.625 719.250 816.687 1047.250 1140.343 1185.875 1559.031 1742.312 1788.781 1911.656 1912.875 
21.937 64.187 71.687 87.687 132.718 281.031 380.875 706.250 814.406 825.562 833.625 873.687 931.375 1124.125 1216.937 1236.500 1466.812 1564.968 1593.312 1638.375 1655.468 1686.812 1958.093 
16.750 65.531 107.375 122.187 280.812 380.843 434.500 731.437 823.125 935.875 945.437 1034.500 1038.000 1044.718 1125.187 1633.187 1742.718 1910.187 1914.437 
280.781 408.093 652.468 672.750 738.500 813.281 830.437 859.218 1044.406 1214.937 1562.125 1592.656 1694.687 1757.500 1943.781 
17.875 272.593 281.187 548.437 551.562 653.187 655.250 705.718 732.625 752.187 1041.156 1044.593 1122.812 1144.093 1233.906 1520.031 1556.281 1915.406 
20.437 21.875 67.625 77.000 140.593 277.187 384.937 406.656 408.593 665.468 750.875 817.218 827.750 844.000 932.562 1128.343 1143.656 1148.906 1171.468 1211.031 1216.281 1228.937 1246.312 1282.593 1430.218 1478.156 1558.500 1742.031 1784.281 1912.812 1957.437 
18.500 21.375 87.156 90.718 132.500 213.468 283.531 438.125 547.281 704.468 751.781 949.000 958.406 1053.468 1123.875 1143.468 1218.593 1410.500 1411.406 1450.781 1522.375 1526.687 1586.937 1592.500 1665.343 1742.375 1743.562 1796.531 1913.250 1928.906 1945.531 
18.687 20.937 138.218 165.843 203.562 547.593 653.468 654.312 656.031 704.906 972.843 1046.562 1178.500 1249.812 1409.562 1637.156 1638.750 1644.531 1685.625 1786.937 1915.437 1941.343 
17.343 23.375 68.656 70.937 110.156 164.843 211.218 300.312 382.406 393.125 433.687 545.343 550.406 825.812 1039.312 1245.625 1270.468 1408.968 1526.156 1553.000 1556.781 1587.656 1656.500 1667.031 1910.312 
101.843 277.500 302.093 381.968 439.750 562.687 649.906 731.281 936.593 1036.375 1046.531 1065.656 1078.687 1121.500 1123.750 1408.000 1409.625 1414.968 1523.375 1553.406 1554.906 1786.593 1909.968 1911.593 
