69.843 87.718 308.750 326.656 421.312 651.062 696.093 713.500 741.562 762.062 769.468 932.093 998.531 1011.562 1045.187 1057.500 1079.062 1395.156 1543.031 1608.593 1744.093 1758.062 1947.437 3535.281 3558.406 3571.750 3602.562 3657.187 3665.937 
14.906 43.281 297.843 312.406 325.500 459.437 757.250 958.562 1014.437 1062.250 1514.781 1553.468 1571.843 1758.937 1839.000 2048.281 2060.875 2897.562 2943.312 2966.218 2982.000 3013.468 3912.156 3927.687 3961.031 3967.843 
74.875 89.031 204.093 314.343 345.781 706.906 733.968 1286.781 1495.093 1534.500 1753.187 2065.500 2436.781 2857.406 2874.906 2918.687 3770.625 3804.000 
80.812 572.781 642.406 996.281 1058.656 1768.593 1811.031 1892.375 3161.593 
70.187 198.968 219.031 338.250 593.218 801.531 1124.593 1384.937 1570.468 1889.000 1902.406 1944.406 2055.093 2064.531 2862.375 3311.250 3410.125 
71.781 311.656 725.312 786.468 1086.187 1618.656 2060.718 3120.781 3161.437 3921.437 3979.718 
73.687 311.781 950.250 1548.281 1747.468 2790.562 3488.468 
81.843 323.125 415.531 426.375 584.718 942.750 1061.218 1547.500 1747.281 2064.187 2075.343 3272.718 3280.781 3354.406 
100.687 204.468 205.156 337.093 714.562 735.718 926.093 940.312 1063.468 1479.812 1535.312 1547.843 2069.656 3157.750 
62.562 191.343 316.687 1050.906 1528.062 1738.968 1754.437 1909.687 2056.843 3249.062 3268.312 3919.906 
