133.218 397.531 649.281 670.781 681.187 918.656 1003.187 1171.656 1178.468 1179.718 1187.656 1269.875 1500.281 1520.062 1907.250 2125.343 2166.531 2298.562 2305.906 2313.156 2320.000 2335.125 2348.468 3347.906 3355.093 3375.875 
197.218 243.750 862.218 885.156 989.718 1001.187 1162.156 1169.500 1177.437 1179.031 1521.812 1996.625 2174.812 2344.093 2371.156 2379.375 3515.718 3523.218 
850.187 929.812 1166.406 1185.312 1196.312 1925.593 2157.156 2173.843 2181.531 2336.406 2349.875 2362.562 3051.375 3056.218 3975.812 3983.625 
104.781 230.062 239.312 662.625 865.593 1216.250 1231.500 1499.375 1521.812 2161.906 2177.875 2306.187 2340.656 2360.625 3609.937 3664.500 
271.093 287.875 568.781 959.468 1162.593 1168.875 1204.625 1222.343 1921.250 2133.250 2158.687 2375.125 3085.500 3122.156 3140.718 3172.000 
91.781 99.656 139.843 223.812 261.281 986.875 1200.250 1227.906 1533.000 2084.812 2128.062 2161.687 2310.156 2327.687 
875.687 1157.875 1503.468 2002.187 2171.906 2299.937 
522.937 957.843 985.218 1039.718 1162.062 1197.125 1206.906 1388.250 1390.312 1392.156 2307.093 2318.718 2323.781 3408.406 
771.656 1000.906 1176.156 1213.343 1317.312 1464.843 2143.281 2186.156 2313.562 2344.281 3262.187 3320.000 
683.093 861.875 2315.031 3389.281 
