75.625 79.281 89.562 104.312 127.375 129.625 173.968 296.062 323.625 362.968 412.875 855.281 872.593 962.968 1379.843 1967.531 2296.031 2929.500 
-1190.032 -1141.875 49.156 110.750 294.250 804.625 880.843 927.906 1526.937 1665.812 1710.843 2944.968 
-827.063 77.437 78.750 86.156 112.375 195.218 236.125 286.125 528.437 550.687 961.843 994.968 1125.218 1930.625 
-1149.375 182.531 238.437 277.093 349.437 519.593 940.625 1244.562 1289.875 1344.906 1499.062 1598.531 1787.656 
-1532.563 38.218 77.500 285.031 325.656 384.593 1077.937 1372.812 1693.968 1801.375 1939.031 1965.750 
79.968 175.406 
58.000 348.187 590.281 870.593 1190.656 1379.375 1820.125 
75.687 1485.968 1819.687 
157.687 222.093 225.281 267.468 283.968 1566.562 1633.250 1711.343 
546.062 1305.000 
26.218 87.593 237.812 1529.625 1642.062 3313.812 3337.000 3780.250 
-764.438 348.468 373.656 441.093 490.531 1456.468 1914.343 
286.968 1056.187 1065.062 
81.125 289.812 1073.937 
