-438.063 -192.875 23.937 407.437 457.843 681.437 747.500 1078.843 1462.031 1741.156 1889.906 
-1834.750 32.531 70.031 165.718 299.875 489.500 564.906 663.531 1723.000 
-1649.063 102.281 152.031 550.718 701.625 1158.468 1335.906 1867.437 
-1232.875 -815.469 167.625 412.250 557.656 823.250 838.406 1042.406 2025.531 
-739.594 70.218 195.687 229.843 320.468 682.000 896.625 1446.250 1895.718 
70.531 427.937 444.343 565.312 577.906 694.250 703.312 744.906 1237.781 1861.312 1969.875 2053.343 
-1165.532 143.562 176.531 326.093 400.812 693.843 1209.343 1517.437 3784.375 
33.937 69.875 99.156 117.375 167.406 442.812 1293.562 1471.093 1495.343 3568.406 
54.937 77.156 86.625 102.812 344.093 531.750 552.968 580.968 693.812 1869.968 2231.062 3063.093 
470.500 524.843 707.343 746.437 873.125 1711.312 2327.843 
77.968 244.843 423.218 3992.500 
-1888.938 28.968 55.750 76.062 176.125 443.406 538.468 694.187 1471.718 2476.375 
29.187 319.968 336.812 
69.906 118.937 664.218 776.031 874.937 1497.656 1650.937 3220.750 
