308.968 350.968 390.093 391.531 804.531 828.093 832.187 844.625 917.062 922.312 1326.531 1748.875 1772.156 1776.000 1785.437 1867.500 2217.218 2285.031 
393.468 685.937 806.218 821.687 828.093 830.906 833.093 834.531 835.406 886.468 926.750 957.187 1826.875 1871.062 1879.156 2252.312 2252.937 
29.937 330.656 341.656 343.250 366.156 369.156 387.593 424.187 797.531 803.218 827.000 827.218 842.156 923.531 930.906 958.843 1040.062 1253.468 1464.062 1766.531 1774.843 2062.781 2108.593 2182.062 2769.437 
31.468 351.437 362.843 389.625 531.843 803.781 827.843 828.093 832.375 833.031 834.687 834.937 1174.906 1668.093 1709.468 1775.093 1793.218 1822.812 1859.093 1861.250 1963.968 2142.687 2225.500 
29.281 66.187 82.718 85.593 150.125 339.250 344.125 359.812 360.250 378.593 404.312 407.500 802.312 813.781 826.687 828.062 841.750 945.750 1273.562 1481.875 1577.531 1777.656 3334.312 
32.125 276.218 305.375 821.906 827.843 831.250 832.375 842.968 895.468 948.687 952.718 1756.093 1858.593 2237.093 3455.625 
324.781 361.593 405.250 408.750 410.593 826.687 828.093 832.375 849.500 878.750 937.687 952.031 954.000 954.187 998.562 1216.531 1584.125 1776.281 1776.593 1787.593 1790.593 1816.750 1837.562 1898.750 2289.656 
29.593 30.062 335.437 343.000 353.750 361.437 362.375 371.656 373.812 374.843 384.843 386.406 398.062 401.125 428.593 562.718 688.562 798.406 805.375 809.156 828.812 829.312 832.375 848.125 969.125 1104.250 1464.343 1464.562 1472.968 1776.968 1779.093 1798.687 1819.062 1828.531 1832.625 1865.281 1881.875 2086.593 2109.125 2113.125 2357.218 3045.000 3053.500 3255.468 3916.375 
66.250 362.718 375.718 408.656 805.687 826.687 828.093 832.406 836.531 837.156 949.312 972.781 1253.562 1322.812 1634.656 1774.437 1790.812 1817.312 1852.937 1857.375 
304.312 373.562 398.375 801.718 825.250 826.687 827.843 828.093 830.437 832.187 832.843 838.906 950.343 958.531 1559.125 1640.031 1767.031 1775.062 1789.125 1811.187 1814.343 2076.000 2101.656 
