272.968 303.062 352.406 365.218 603.593 612.406 1079.812 1247.750 1285.781 1867.468 
130.000 280.406 372.031 513.781 573.156 585.062 640.968 986.218 990.406 1004.468 1110.375 
365.375 612.625 1338.625 1365.406 
272.500 279.562 563.375 638.750 979.156 990.531 1077.812 1365.375 
531.625 565.031 920.343 979.687 
352.125 1295.125 
261.343 568.781 664.375 1075.625 1284.843 
274.437 562.875 612.156 663.156 1075.875 1217.562 1365.843 3145.156 
262.843 293.062 583.843 
254.062 567.062 612.062 995.156 1292.937 1364.343 
