601.937 605.125 1017.812 
274.656 1351.343 1354.937 
400.656 646.812 1297.250 2694.218 2715.875 
494.187 598.437 689.281 1007.281 1075.312 1252.218 
74.906 85.656 3462.843 
400.906 414.375 506.500 509.812 646.531 1138.656 1152.375 1230.531 1231.687 1325.437 1327.656 1331.312 1776.406 
263.250 496.687 1230.906 1231.343 1317.250 
37.968 502.718 647.468 1217.750 1229.343 1417.750 2192.625 2194.437 
75.968 141.562 507.031 567.718 597.593 647.343 989.281 1230.468 1371.312 3896.187 
33.718 282.125 401.906 403.375 555.437 585.250 603.625 643.125 645.687 690.718 1109.156 1135.843 1234.968 1236.437 1238.187 1300.218 1366.500 1380.000 1457.406 3598.437 
