579.687 982.375 1023.062 1089.406 1117.562 1117.843 1126.406 1127.437 1675.031 1682.000 1865.812 1921.062 1939.750 1950.125 
164.968 172.031 312.687 365.812 580.062 741.625 982.781 983.125 1117.843 1122.687 1124.968 1922.156 1947.093 1950.156 
391.062 973.468 1105.343 1117.843 1123.218 1127.937 1646.843 1929.062 1934.593 1939.718 1947.125 1950.125 
58.843 144.406 478.468 975.593 1917.406 1942.406 1950.125 
59.843 223.281 374.625 1120.875 1126.781 1909.625 1947.093 1950.156 
58.937 151.968 301.250 383.062 663.437 960.687 1109.250 1117.843 1123.218 1125.500 1127.937 1681.687 1942.093 
55.218 300.375 571.750 1123.187 1388.750 1664.062 1671.281 1888.500 1934.593 1942.718 1947.093 1950.156 1956.968 1959.750 
311.875 576.531 584.437 593.437 726.656 1023.062 1105.468 1123.218 1129.343 1547.656 1654.125 1876.687 1888.031 1922.156 1947.125 1950.125 1953.781 
58.968 219.250 369.906 571.781 672.312 966.031 1103.937 1104.812 1119.937 1123.968 1265.437 1414.281 1436.531 1663.843 1869.562 1888.562 1916.937 1920.093 1934.281 1936.656 1950.156 1951.875 1953.093 1953.718 
315.406 578.250 579.281 586.156 812.812 1111.906 1117.562 1667.062 1674.187 1920.093 1922.156 1940.156 1947.093 1948.843 1951.031 1953.781 
