22.531 25.656 1027.562 1820.250 
84.781 283.343 405.093 425.250 705.468 1111.781 1903.500 1961.562 3211.343 
24.250 292.593 330.875 360.187 671.000 971.375 1899.625 1967.781 3333.937 
84.250 388.875 422.500 435.718 653.281 708.187 1106.093 1205.625 1622.687 1815.750 1961.375 3209.156 3346.656 3752.468 
1.406 26.250 233.437 293.593 374.968 394.468 444.968 1015.531 1433.250 1965.031 2718.625 3216.937 
1266.187 1974.156 3149.750 3423.593 3574.218 3575.375 3596.875 
25.250 98.062 190.875 204.406 465.781 600.593 820.968 990.781 1023.125 1049.750 1203.250 1533.156 1610.062 1665.093 1669.656 1706.750 2084.281 2575.906 2579.250 2988.437 3248.437 3459.656 3471.468 3480.718 3542.718 
441.093 1020.906 1203.625 1611.125 1727.750 1853.718 2125.062 2175.812 2426.375 2457.968 2662.125 3733.781 3735.343 3739.000 
457.562 548.375 1003.906 1309.812 1525.593 1858.187 2249.125 2447.843 2964.093 3133.500 3188.156 3785.843 
25.437 504.437 992.343 1003.781 1009.718 1024.718 1580.375 2071.218 2196.062 2203.781 2218.156 2247.875 2857.718 3057.500 3063.718 3069.343 3524.375 3565.031 3570.000 3575.718 3849.156 3856.000 
