22.437 266.125 287.125 717.437 927.531 1082.437 
182.031 288.250 559.750 684.187 710.187 1454.718 1586.156 1806.375 2592.281 2604.625 
22.812 24.781 105.312 284.843 727.906 1080.500 1615.593 1625.625 3349.781 
181.218 280.875 530.281 702.250 1118.437 1592.937 3368.437 3386.843 3622.937 3623.750 
108.812 182.968 262.781 462.000 842.312 1216.781 1358.031 3327.406 3793.718 
100.062 260.312 395.656 1379.156 
23.406 25.906 31.062 113.062 264.125 448.000 689.531 1207.781 1733.093 1835.312 2195.125 2576.062 2798.687 2829.281 2858.250 2954.531 3124.687 3132.656 3570.937 3642.312 
24.125 581.718 593.406 676.156 853.781 1344.781 1351.437 1517.781 2410.156 2429.250 3008.437 3506.812 3925.031 
773.343 903.937 1057.000 1329.218 1494.781 1679.562 1691.687 2062.781 2160.500 2356.750 2591.468 2598.125 2608.093 2707.187 2783.000 3194.531 3666.937 3723.468 3848.156 
27.218 261.750 274.218 396.625 408.281 602.468 1063.875 1338.406 1463.156 2324.781 2325.937 2327.437 2331.218 2338.906 2344.125 2952.125 3022.156 3155.218 3307.343 3600.562 3604.562 3759.312 3763.218 3768.906 3930.031 
