-1738.594 -1550.657 -523.188 -208.969 1403.781 1418.875 1495.781 1761.250 1967.906 2920.156 2988.968 3085.375 3261.093 3418.375 3519.406 
-1364.125 -447.344 680.500 945.281 1388.843 1413.718 2009.937 2105.812 2135.500 2275.125 2886.937 3619.125 3694.406 
-1940.594 -1196.063 -1124.813 -785.625 -689.438 -569.375 1097.750 1101.093 1997.750 2159.000 2518.218 2604.781 2842.656 2958.406 2961.406 3456.906 3488.593 
-1914.938 -1095.813 -1067.657 -913.532 -322.250 1027.656 1045.093 1147.093 1871.968 2008.031 2770.156 3334.312 3528.093 
-1968.938 -1428.844 -1295.094 -1199.563 -879.282 -597.969 -521.750 221.062 315.968 553.375 646.343 791.812 1744.843 1792.750 1927.250 1928.125 2261.625 2951.312 3018.625 3448.281 3761.312 3894.781 3923.718 
-1844.875 -1136.094 -1002.188 -911.375 -514.157 -275.063 -95.219 -50.282 136.781 379.843 623.343 1120.125 2967.406 3126.156 3683.062 
-1886.500 -1548.532 -1223.094 -1054.375 -882.657 -321.375 -254.032 422.750 552.625 1011.531 1057.750 1146.406 1329.093 1497.750 1501.437 1738.750 2105.750 2657.718 2839.375 3229.343 3340.250 3430.812 3709.375 3984.531 
-1683.125 -1256.594 610.781 1052.062 1207.687 1309.500 1635.593 1844.843 1858.312 3223.218 3565.281 3781.812 
-1434.875 -1406.219 -1036.594 -724.594 -664.750 -609.594 -372.063 -62.250 252.031 606.562 1114.687 1198.187 2761.593 2952.187 3084.125 3646.281 3812.781 3944.718 
-1703.875 -1370.219 -1143.844 -187.000 -179.375 20.593 37.000 71.593 213.156 322.593 807.968 919.312 1079.375 1231.218 1882.937 2531.625 
