71.562 471.781 940.500 1030.343 1939.656 2329.843 
41.687 71.718 216.937 708.281 852.312 1237.156 1596.093 1747.031 
370.031 471.125 471.750 940.718 1745.437 2046.093 2294.125 
471.062 629.531 813.437 940.625 948.562 1349.968 1892.437 2070.750 2384.781 
71.125 73.062 471.906 1149.625 1349.750 1578.781 1778.062 2360.718 
71.250 203.843 471.781 822.312 1150.968 1350.031 1578.968 1882.125 1937.562 2083.156 2210.781 2220.062 
71.125 1143.062 1181.843 1894.093 2163.375 2276.593 
71.312 708.125 1349.406 1397.125 2130.375 2332.250 
70.500 87.750 627.343 707.906 1350.000 1578.812 1751.375 2023.218 
104.187 471.937 940.093 972.281 1111.812 1234.125 1302.500 1345.093 1350.093 1578.656 1751.281 1882.656 2064.156 2344.406 2406.718 
