11.968 13.187 360.000 373.218 427.687 488.656 649.218 1047.968 1114.718 1355.375 1500.187 1590.187 1941.156 1992.437 2030.187 2046.062 2052.375 2182.843 
11.937 12.718 62.437 726.937 822.656 1259.062 1887.968 2345.593 
13.437 623.062 651.625 1497.562 
20.843 428.000 2101.593 
622.593 725.312 1401.406 1703.968 1814.937 1889.281 2233.156 2345.750 2417.906 2465.812 
615.437 1309.812 1404.625 1600.937 2054.093 
24.875 49.031 254.531 816.718 1244.593 1439.937 1888.500 2043.562 2048.843 2437.156 
374.312 623.250 726.500 731.000 1245.375 1308.937 1889.343 2299.593 
371.531 623.687 907.218 1245.875 1290.875 1353.625 1753.218 
12.968 20.781 166.062 374.187 622.375 623.593 727.250 824.343 1705.312 2148.156 2234.343 2346.062 2348.906 2497.312 
