-780.688 -304.063 -297.000 -4.782 2.437 29.000 50.281 145.843 239.500 244.875 246.437 255.375 269.968 290.531 323.000 329.625 411.250 594.468 639.375 735.593 778.312 961.500 1012.000 1068.937 1535.343 1561.093 1585.875 1633.406 1894.437 3251.937 3984.843 
-1873.313 -1674.500 -1196.313 -963.313 -940.657 -916.719 -500.125 32.812 46.875 82.656 193.812 216.656 516.156 703.187 742.843 1265.812 1607.968 1608.968 1665.468 1702.625 1724.843 1732.437 1849.000 1858.750 2498.843 2509.093 3165.468 3581.906 3758.156 
-1647.000 -1598.032 -418.157 -375.313 -325.532 -251.157 15.218 34.062 57.437 98.593 215.406 291.281 565.437 581.906 591.625 598.281 603.187 648.625 707.562 724.968 774.968 815.312 841.593 958.750 1015.281 1315.500 1409.750 1432.031 1465.437 1490.750 1635.125 1841.468 1848.906 1975.281 2374.375 2457.656 2615.718 2623.906 2632.375 2632.593 2749.843 3315.937 3499.125 3824.968 
-1875.219 -1716.813 -1659.032 -1377.594 -1309.813 -809.657 -700.938 -689.969 -417.844 -290.094 -226.782 81.625 94.031 106.687 115.187 119.656 172.812 282.062 298.218 373.156 399.968 598.281 615.593 747.968 766.718 865.156 898.718 998.062 1010.000 1181.312 1241.000 1422.562 1589.500 1725.781 1776.937 1872.281 2188.718 2238.593 2243.750 2398.406 2430.687 2614.593 2968.812 3264.062 3309.437 3588.031 3764.062 
-1854.844 -1213.844 -1205.094 -846.625 -653.782 -521.000 -438.219 -287.875 20.250 36.312 61.625 69.500 197.656 229.218 519.375 593.468 636.281 636.718 769.906 812.375 847.343 962.562 996.687 1345.531 1479.375 1545.406 1552.718 1628.468 1733.906 1778.437 1786.718 1803.062 1812.593 1869.531 1869.843 1945.500 2373.562 3412.500 3430.125 3650.593 
-1796.907 -1346.875 -860.282 -642.969 -620.719 -487.469 -37.469 55.218 103.906 136.531 424.968 446.843 563.437 566.781 691.187 746.250 762.500 970.218 1096.468 1170.250 1187.062 1306.906 1313.687 1320.437 1404.187 1450.593 1529.593 1946.437 1970.562 2046.687 2070.468 2203.937 2341.750 3185.937 3571.406 3670.843 3929.687 3954.156 
-1457.907 -1348.813 -757.250 -592.750 -436.563 -332.157 -148.469 -131.719 122.968 245.937 267.593 289.125 329.312 375.593 451.656 468.437 472.937 519.093 625.500 667.500 685.375 779.312 912.406 1084.843 1151.687 1263.062 1408.656 1442.437 1475.250 1558.687 1708.656 1725.343 1875.281 2318.500 2367.718 2534.000 2575.406 2717.500 2842.031 3434.187 3875.187 
-1708.875 -1614.844 -1409.063 -1009.657 -285.125 -125.438 -1.782 36.468 40.625 57.281 81.562 102.968 131.562 176.125 190.781 281.531 284.781 298.656 315.250 324.062 381.562 441.000 518.781 565.156 607.468 1023.750 1208.125 1237.406 1240.625 1279.062 1532.375 1679.500 1751.375 1765.281 1857.625 1932.031 1982.531 2498.843 3291.031 3598.968 3624.312 3769.593 
-1071.250 45.625 132.625 138.656 179.062 288.531 305.406 329.218 379.125 473.500 479.093 482.593 590.875 685.250 871.406 912.562 916.437 962.562 966.625 971.687 1022.187 1029.062 1080.062 1149.312 1222.250 1262.531 1266.000 1288.500 1321.687 1329.343 1529.906 1579.218 1642.375 1646.500 1782.812 1966.437 2038.500 2522.218 2646.375 2950.093 3055.843 3472.125 3529.687 3583.468 
-1838.719 -1722.282 -1475.594 -1254.438 -309.063 -182.688 -21.750 100.968 141.281 174.562 234.281 235.375 425.000 461.093 467.437 524.687 624.375 807.968 834.937 918.562 957.781 1024.843 1084.343 1134.000 1168.531 1377.593 1674.906 1733.562 1841.437 1857.750 1901.843 1968.343 2317.343 2359.187 3607.781 3874.437 
-1902.782 -1768.969 -1761.063 -1484.625 -1334.563 -957.750 -952.125 -885.282 -802.282 -544.438 -501.782 -474.219 -464.844 -227.875 39.000 98.156 314.187 331.187 448.500 542.750 632.125 665.187 698.406 731.687 776.406 871.187 872.625 1075.812 1135.312 1164.093 1205.781 1216.031 1255.531 1298.562 1305.687 1376.312 1531.187 1631.375 1664.562 1731.593 1755.625 1758.281 1771.437 1864.906 2049.312 2147.906 2152.437 2347.593 2465.531 2482.343 2956.156 3076.312 3089.218 3231.437 3656.531 3697.937 
-1450.313 -1333.625 -140.688 -90.469 108.781 157.250 159.375 248.531 303.593 476.218 566.750 583.281 649.718 908.750 950.750 1076.000 1109.625 1183.406 1233.593 1260.187 1466.718 1558.781 1716.625 1800.562 1893.093 1903.406 2159.625 2170.656 2542.968 3066.968 3226.437 3484.062 3693.812 
-1490.844 -1457.313 -1113.313 -889.000 -840.625 -483.375 -73.844 -24.407 40.812 50.218 59.531 60.562 176.062 200.062 203.875 219.906 242.343 361.250 467.562 475.906 503.031 532.906 616.562 659.406 675.343 692.656 742.687 866.500 1166.312 1359.500 1581.468 1616.406 1703.468 1753.406 2183.750 2258.812 2466.437 2850.125 3109.156 3116.375 3177.312 3475.968 3859.187 3933.187 
-1967.157 -1817.875 -1600.750 -1298.907 -967.157 -633.782 32.250 33.000 105.593 173.187 206.406 248.531 299.093 339.750 606.812 732.062 782.500 1048.375 1099.250 1193.968 1209.343 1556.437 1615.781 1723.093 1781.781 1865.125 1949.375 1966.031 1989.125 2089.406 2589.718 2632.125 2698.250 3364.562 3417.281 
