23.375 36.343 39.531 80.500 94.156 98.812 258.250 259.656 295.593 379.500 469.968 548.843 735.718 870.781 1123.312 1124.562 1144.187 1209.468 1384.000 1406.375 1435.156 1526.187 1601.093 1628.656 1754.562 1786.156 1881.781 1928.718 1996.218 
50.531 112.187 137.187 150.062 206.156 228.593 274.687 333.343 476.531 477.718 493.875 601.562 603.406 637.781 787.718 893.968 1071.093 1087.156 1131.500 1219.250 1398.406 1886.250 
16.531 52.000 92.406 93.218 94.812 95.375 108.562 132.343 225.750 271.500 306.687 307.718 448.937 614.375 685.843 769.093 827.593 870.343 1033.312 1122.500 1123.718 1126.343 1141.187 1163.781 1383.875 1504.843 1716.000 1838.812 1993.218 
36.531 71.562 112.812 305.500 335.468 395.125 437.125 529.312 604.156 737.968 747.406 975.593 1191.093 1256.968 1312.281 1509.968 1875.968 3813.437 
-1980.375 -704.375 18.000 42.000 52.062 82.406 107.343 167.218 225.375 242.468 334.937 363.531 471.250 762.656 781.968 994.531 1170.531 1264.031 1407.968 1410.281 1444.687 1490.625 1527.468 1594.906 1678.031 1755.906 1843.625 1944.281 
10.187 16.468 23.531 106.375 119.281 150.343 180.187 233.781 245.343 270.343 276.406 495.406 619.000 893.156 1029.125 1085.437 1124.062 1170.718 1257.812 1365.875 1388.000 1527.000 1539.687 1594.562 1661.187 1703.187 
25.781 79.656 83.812 123.031 125.500 125.718 145.062 168.031 173.093 183.250 227.281 386.218 481.625 496.187 507.218 552.312 630.468 636.218 733.187 836.031 852.843 871.281 889.843 898.156 1162.843 1185.593 1258.812 1372.781 1400.562 1401.625 1522.968 1618.437 1997.500 
15.968 65.937 125.750 155.468 360.468 368.718 441.375 441.843 500.343 580.281 865.875 1027.312 1028.375 1029.156 1158.250 1208.156 1232.437 1271.875 1406.093 1437.000 1609.812 1986.875 
-1359.500 -999.094 132.500 139.000 274.343 306.375 637.906 789.437 1082.000 1122.125 1142.062 1193.031 1405.593 1407.156 1546.781 1774.968 1854.750 2320.437 
17.750 78.781 147.031 186.875 243.281 265.625 278.718 285.531 361.656 369.625 424.125 428.656 467.218 500.562 502.000 522.031 632.093 659.312 790.531 796.250 993.125 1036.156 1142.812 1172.593 1218.343 1312.250 1379.781 1401.468 1544.218 1703.968 1958.031 
