23.062 88.031 88.718 99.375 113.187 116.656 131.468 132.375 170.062 179.375 180.375 187.593 345.000 501.687 1205.968 1342.562 1395.500 1605.281 
25.031 73.906 101.843 143.187 701.281 1912.187 
25.343 119.500 915.687 1097.250 1750.843 1781.343 1791.531 
83.031 440.375 1298.312 1920.625 
25.062 74.437 160.250 910.437 1397.000 1667.156 1759.562 1777.468 1902.156 
31.562 36.468 88.875 113.406 380.687 705.000 954.968 1121.375 1504.968 1627.656 1693.843 1719.000 1923.500 
18.250 53.968 63.656 94.093 296.250 638.187 734.468 942.031 1015.156 1282.437 1397.031 1480.437 1751.656 1909.687 1938.781 1949.281 
24.500 67.187 75.781 88.625 105.406 160.500 509.125 1934.250 1937.437 
53.031 68.625 454.718 1299.968 1418.125 1661.812 1909.781 
18.843 37.156 163.468 1766.531 1797.000 1922.718 
