154.781 221.718 510.812 526.968 544.593 556.031 602.187 704.031 712.625 740.031 752.000 760.250 772.281 877.031 888.750 902.781 941.843 1077.031 1121.187 1250.000 1372.375 1613.562 1628.500 1677.718 1828.625 1838.125 1857.031 1928.781 1940.687 1955.000 2144.718 2165.312 2193.718 2214.343 3134.625 3395.406 3821.281 3837.625 
76.218 92.156 117.125 157.968 212.937 514.406 525.750 552.812 580.625 595.062 620.781 733.843 857.187 894.500 909.468 1103.531 1318.875 1377.468 1510.218 1652.062 1853.343 1931.968 1952.187 1981.031 2135.156 2532.781 2668.843 2787.718 3140.156 3200.343 3212.281 3219.625 3229.875 3262.593 3411.875 3586.125 3604.375 3636.468 
84.625 228.750 239.625 255.406 266.187 272.156 283.187 410.156 503.656 545.406 550.812 558.125 571.000 734.625 746.406 947.718 976.406 1106.843 1233.531 1282.593 1300.562 1354.281 1400.687 1626.781 1786.187 1837.343 1850.375 2141.312 2168.062 2946.593 2956.062 3355.187 3444.718 3451.093 3724.062 3745.156 3801.312 3820.281 3996.312 
85.156 115.781 136.343 148.468 249.625 267.000 361.968 511.687 528.968 556.625 575.718 718.812 734.437 747.343 759.218 800.875 885.687 1083.406 1103.406 1231.218 1277.687 1298.687 1341.312 1374.250 1437.250 1614.093 1785.000 1811.312 1822.593 1862.062 1906.781 1916.625 1928.437 2108.687 2117.375 2128.375 2160.312 2268.281 3978.843 
263.156 392.312 537.062 569.500 735.218 740.781 845.312 914.468 928.218 958.468 1034.468 1124.125 1128.281 1134.312 1314.437 1349.750 1384.500 1396.468 1644.375 1681.281 1691.531 2384.812 2399.968 2937.531 3158.906 3363.312 
132.687 152.531 159.156 254.750 262.656 291.343 403.843 501.656 518.625 556.468 582.781 607.843 729.375 743.125 753.593 778.187 802.625 1250.281 1266.125 1289.218 1384.156 1686.531 1808.093 1824.500 2163.031 2167.937 2173.437 2221.000 2370.156 2728.562 2871.000 3147.500 3690.312 
82.906 154.281 247.875 265.687 299.062 315.312 433.312 441.875 451.437 462.218 474.843 554.625 572.062 590.218 751.437 847.187 884.437 1062.656 1077.281 1100.281 1122.375 1140.656 1270.468 1275.812 1349.750 1667.375 1703.156 1832.437 1851.906 1932.687 1969.312 2072.062 2645.687 2701.500 2729.812 2747.375 2775.468 2816.468 2842.718 2889.375 3659.531 3697.500 3741.625 3772.406 3797.187 3814.593 3823.906 3838.812 
115.625 127.750 143.156 245.281 302.156 336.906 396.500 514.531 533.187 557.031 614.218 645.031 698.718 705.593 741.343 789.875 797.968 821.656 874.500 996.843 1251.000 1256.562 1324.718 1370.750 1380.531 1579.875 1833.000 1922.562 2161.218 2183.000 2199.875 2217.250 2245.125 2405.500 2413.281 2627.343 2666.625 2695.031 3338.843 3397.375 
94.000 112.437 152.781 220.312 275.937 515.375 541.875 703.593 942.218 968.375 1303.812 1350.468 1377.156 1469.375 1476.406 1777.406 1971.531 2002.062 2046.843 3101.718 3161.312 3756.468 3790.593 3897.375 
249.312 266.406 286.468 487.781 542.343 549.312 563.718 589.343 649.062 656.656 902.937 962.031 1008.625 1017.562 1113.093 1252.625 1268.906 1296.812 1311.718 1499.343 1963.906 2340.218 2374.468 3589.656 3599.562 
