15.937 31.375 69.312 85.843 95.531 221.687 349.906 380.000 395.187 499.875 544.468 584.375 595.468 688.000 750.281 779.125 814.281 849.750 913.718 1133.531 1282.687 1340.125 1442.906 1550.187 1619.531 1633.250 1697.875 1714.718 1755.718 1771.718 1792.031 1864.562 
16.312 29.500 64.000 70.750 84.281 96.625 241.812 332.375 354.937 381.750 426.156 499.562 528.750 585.500 603.625 723.406 767.500 780.812 792.250 814.843 827.031 845.250 916.093 1183.000 1278.156 1441.250 1539.531 1620.875 1712.187 1725.750 1751.906 1770.937 1836.468 1863.906 
33.375 51.718 65.625 95.750 205.437 223.093 232.343 333.937 379.656 499.125 575.812 602.781 722.625 769.406 780.562 807.875 892.875 915.187 1282.062 1443.250 1529.500 1618.781 1636.125 1672.000 1688.156 1711.343 1757.406 1784.562 1791.437 1827.437 1862.125 
51.812 70.031 86.593 96.687 201.187 232.937 351.781 380.000 501.093 568.062 595.187 670.406 747.718 783.593 803.593 845.406 892.843 914.000 918.187 1154.437 1446.250 1618.062 1634.187 1687.687 1713.437 1790.625 1825.562 1836.156 1862.906 
26.500 51.406 66.156 87.281 96.156 222.750 241.656 308.062 378.093 394.031 490.593 567.031 576.375 595.687 670.031 684.968 719.906 749.125 781.562 801.843 814.500 846.406 861.718 1295.593 1329.125 1340.593 1368.093 1443.062 1516.625 1539.062 1619.406 1657.843 1695.875 1714.968 1781.500 1837.093 1856.718 
15.937 29.906 86.843 97.593 210.531 242.250 348.718 380.562 394.875 501.000 602.906 667.281 685.781 748.375 768.156 780.281 802.343 831.437 915.250 1287.281 1326.843 1537.406 1619.281 1635.093 1753.687 1761.593 1787.250 1836.812 1865.031 
15.562 32.093 55.000 95.593 230.031 379.093 396.437 499.125 584.156 608.031 685.656 736.843 782.031 805.593 834.625 864.437 1132.437 1271.656 1435.343 1542.125 1621.281 1645.437 1753.125 1771.031 1835.531 
32.156 66.031 96.625 242.312 394.718 502.656 529.656 576.125 599.218 747.437 780.125 812.625 821.656 879.000 1149.375 1296.187 1327.000 1539.187 1620.250 1635.875 1686.562 1712.593 1791.468 1867.625 
15.906 88.437 96.062 215.312 242.375 331.750 353.375 601.937 769.125 804.968 832.406 890.875 1184.812 1327.218 1340.125 1429.968 1619.156 1644.968 1864.156 
51.781 65.781 96.968 210.656 232.031 241.093 380.937 489.781 544.125 583.250 671.187 734.375 750.093 822.875 835.343 1329.375 1757.156 1856.125 1865.062 
