31.125 64.125 85.437 96.125 121.031 134.937 172.593 181.593 192.656 216.000 253.468 288.812 297.218 407.187 436.843 451.218 461.906 531.937 541.968 553.031 580.843 603.031 687.843 705.187 741.906 762.281 996.218 1225.312 1254.718 1327.812 1381.812 1397.562 1421.218 1438.750 
73.625 82.750 117.562 133.531 182.875 191.812 213.781 229.687 263.562 297.843 423.156 437.125 460.250 539.437 547.906 581.593 682.093 702.156 744.375 1242.343 1284.562 1310.375 1384.656 1401.437 1410.656 1446.468 1457.343 
32.718 72.000 82.562 99.937 134.937 172.812 181.906 190.875 204.593 215.468 240.343 252.906 290.031 425.218 437.343 451.812 488.593 541.781 582.218 613.093 628.281 669.625 719.968 729.875 1246.250 1267.500 1310.843 1397.500 1409.468 1447.531 1472.843 1486.812 
32.218 85.750 92.718 150.812 181.312 190.312 204.781 230.843 251.468 408.468 437.781 474.500 513.843 533.062 543.625 558.968 583.000 603.281 669.812 705.062 764.843 783.375 1216.500 1243.656 1256.312 1285.750 1312.343 1382.500 1397.906 1485.781 
22.218 32.437 84.968 94.406 115.750 149.968 182.968 204.281 230.531 263.437 298.343 412.125 437.031 460.687 539.000 554.625 581.437 604.593 627.625 676.593 696.093 706.562 743.250 774.343 997.031 1120.187 1237.531 1258.156 1286.281 1311.562 1382.406 1399.125 1447.218 1485.312 1488.656 
31.843 83.781 132.625 192.625 216.218 241.312 263.656 436.312 528.000 543.031 568.312 582.593 602.750 625.968 670.437 694.468 743.875 765.593 789.500 984.718 1116.375 1235.437 1253.031 1284.031 1310.875 1325.281 1371.625 1400.437 1410.437 
32.562 79.437 87.937 94.656 109.343 135.343 149.843 181.593 190.812 213.812 230.000 253.968 288.437 297.500 413.687 431.218 452.937 525.875 557.062 676.312 702.437 743.875 780.312 985.812 1232.437 1259.468 1310.531 1480.531 
32.843 84.250 93.750 102.281 135.468 182.437 190.281 230.250 264.156 289.312 438.000 461.000 473.500 543.343 567.812 627.281 743.937 996.468 1246.250 1285.531 1328.062 1397.656 1409.812 1438.718 1475.531 
33.468 84.156 111.000 189.312 202.156 228.968 253.843 297.593 436.312 531.968 583.781 604.593 628.218 697.500 706.062 754.343 984.656 1120.125 1299.500 1398.312 1420.875 1447.000 1487.093 
22.125 32.406 184.406 192.531 215.218 435.718 452.718 462.437 605.156 625.281 743.750 761.562 776.750 985.531 1091.687 1327.656 1448.718 1474.187 1488.750 
