-824.719 49.906 179.406 776.718 791.406 817.093 1142.656 1622.781 2160.000 
-333.094 58.375 99.437 297.406 339.312 966.437 1100.343 1366.218 1433.500 1483.406 
-712.719 414.656 602.687 704.312 801.750 899.437 978.218 1081.968 1322.812 1438.218 1916.968 1940.437 1978.156 2040.281 3485.093 
198.343 280.218 419.687 438.281 506.781 536.343 756.562 797.187 973.968 1086.750 1169.500 1404.062 2310.125 3096.218 
-1056.719 -134.250 40.875 77.687 331.875 414.687 694.218 1731.031 1873.375 1993.812 2138.062 2268.437 2510.531 2687.343 3448.093 3511.968 
-1967.438 -1345.594 -1166.219 16.187 865.062 1048.031 1184.281 2082.968 2130.812 2183.687 3083.406 3621.812 3682.531 
95.750 197.437 290.687 333.406 704.625 770.656 902.750 959.875 984.312 1081.250 1087.531 1151.031 1237.468 1357.875 1440.750 1514.000 1545.968 1737.468 1831.718 1974.937 1995.312 2045.937 2072.218 2085.718 2162.156 2269.093 
20.312 82.312 196.750 202.375 344.937 568.312 605.125 702.406 1072.562 1143.625 1167.843 1522.875 1841.500 1875.187 1976.656 2166.000 2484.875 2598.968 3152.843 
39.812 92.843 197.093 198.812 441.562 450.843 619.437 682.937 705.656 706.625 904.406 992.187 1129.656 1144.625 1162.468 1288.125 1412.656 1596.468 1754.875 1833.687 1918.187 1998.125 2193.031 2225.281 2297.625 2346.218 2618.906 2782.968 3269.718 
51.625 76.218 200.656 305.343 440.281 555.593 702.656 791.437 905.531 971.593 1128.125 1239.500 1399.281 1432.843 1624.218 2160.031 
