17.031 18.687 21.187 46.375 117.968 124.718 261.750 265.812 266.562 298.593 318.750 342.125 462.000 525.625 540.093 575.937 641.437 692.218 715.468 839.093 893.968 904.156 942.218 975.843 1011.875 1079.093 1088.312 1100.937 1118.562 1121.218 1134.406 1185.406 1196.656 1238.156 1273.343 1391.062 1391.312 1481.562 1483.343 1493.468 1571.375 1579.187 1825.437 1840.812 1884.093 1994.125 
16.531 18.562 125.062 175.093 232.375 252.187 263.500 265.250 304.968 330.406 351.593 352.500 387.312 392.562 403.437 418.031 428.218 439.906 441.468 456.656 481.750 536.093 642.187 642.875 655.218 815.906 850.156 858.156 863.125 870.218 904.187 934.687 963.187 1116.968 1219.187 1264.812 1340.656 1343.718 1350.000 1489.562 1499.468 1536.718 1580.250 1642.125 1673.062 1676.093 1680.281 1767.437 1792.406 1979.906 1980.937 1986.406 
19.125 124.125 146.906 149.093 200.843 232.062 238.531 273.218 284.406 298.437 334.875 348.875 373.843 391.156 416.937 435.156 446.718 589.812 641.750 710.250 818.281 845.312 849.718 865.218 873.812 894.218 922.968 945.875 963.062 998.218 1002.187 1012.906 1043.718 1044.718 1144.500 1203.500 1220.500 1332.906 1339.437 1368.812 1388.656 1606.343 1656.968 1769.937 1803.250 1843.031 
18.156 31.375 33.593 34.906 114.937 298.281 434.156 482.156 855.312 905.656 942.281 975.218 1081.500 1388.250 1680.750 1804.593 1814.281 
15.437 28.781 33.656 112.968 138.593 144.250 254.812 301.781 307.781 349.906 362.187 376.843 378.156 420.875 436.750 569.812 644.812 687.406 701.437 864.031 870.625 961.593 1219.812 1264.500 1350.062 1499.375 1504.625 1641.718 1653.437 1681.531 1773.906 1819.156 1873.375 
18.937 118.906 124.218 241.687 261.281 265.468 321.156 714.406 785.562 823.750 940.031 987.281 1086.187 1181.656 1188.093 1249.968 1265.187 1283.062 1352.500 1360.375 1521.906 1612.281 
28.437 36.406 125.156 126.156 129.187 155.812 241.468 266.093 309.875 378.781 389.156 434.343 466.187 489.718 538.031 563.343 708.031 859.218 870.062 904.781 956.437 978.937 983.375 984.000 1095.625 1177.250 1796.218 
24.718 125.687 133.843 156.906 179.125 199.718 202.531 309.781 339.687 360.656 416.156 524.093 636.406 668.468 786.062 933.718 960.843 1124.656 1261.437 1501.187 1625.312 1679.812 1845.562 1875.125 
91.500 123.468 126.593 268.843 282.343 315.875 379.000 387.812 492.656 525.312 565.781 642.062 832.218 935.875 954.312 958.468 960.281 975.937 1112.593 1266.625 1343.750 1389.843 1485.468 1564.937 1639.906 1651.843 1652.281 1749.500 1751.125 
35.750 60.687 127.031 257.156 277.437 332.937 403.312 521.593 858.718 1229.593 1803.781 1836.687 1870.687 
