160.843 161.687 205.250 304.062 322.593 342.812 344.281 451.218 734.468 902.843 925.312 1212.843 1530.156 1813.531 1865.656 1923.187 1936.125 1938.968 1948.312 
45.031 115.656 125.968 145.031 171.093 178.687 262.843 265.312 390.531 420.000 464.156 714.562 790.437 823.406 865.937 913.468 1014.937 1107.656 1393.875 1428.875 1512.343 1647.656 1813.875 1923.750 1952.875 1971.218 1979.375 
21.437 43.250 177.281 380.125 456.781 882.343 1200.281 1660.718 1805.375 
21.437 51.625 74.031 96.031 164.781 178.437 456.000 463.218 466.437 561.468 775.968 827.625 987.531 993.375 1378.343 1391.562 1392.968 1791.375 1978.531 
64.062 98.406 189.125 203.625 206.312 219.031 274.343 297.312 301.250 387.031 524.250 563.093 823.781 1031.406 1727.968 1758.343 1936.093 
148.031 294.687 380.187 388.937 455.437 714.812 766.718 778.406 827.750 898.468 1349.968 1394.031 1434.156 1795.062 1971.281 
420.531 422.750 449.562 469.812 526.906 646.500 818.812 824.156 934.281 964.062 983.437 1206.437 1361.531 1435.625 1807.593 1916.781 1920.781 1955.625 
43.718 51.687 120.468 267.750 268.000 304.250 380.937 422.468 435.562 646.468 713.218 830.968 896.937 960.656 1035.437 1056.156 1316.281 1391.750 1778.750 1913.750 
41.625 44.656 75.312 96.281 154.750 188.875 195.218 207.093 286.312 527.656 807.750 812.625 1162.125 1207.281 1261.156 1433.312 1766.500 
43.437 67.562 96.156 295.343 780.312 784.125 833.250 878.937 1947.375 1968.562 
