-792.813 -488.625 -261.813 89.406 206.812 500.968 617.625 632.125 709.875 825.187 1098.312 1204.375 1276.937 1301.656 1439.031 1489.406 1503.156 1625.218 1865.593 2862.843 3021.437 3182.781 
-1002.688 -869.282 -487.875 -212.344 31.937 32.875 397.312 427.187 467.000 568.531 619.906 711.312 906.812 1191.531 1296.218 1316.531 1466.937 1596.937 1598.312 1620.000 1670.875 1751.656 1768.656 1907.750 2157.906 2159.937 2181.125 2246.625 2548.718 2938.375 2953.093 2965.656 3295.968 3750.593 3962.687 
-1892.782 -1775.625 -1531.000 -1443.188 -1080.282 -690.469 -195.875 42.718 72.406 86.531 177.531 179.187 310.125 337.343 497.812 597.156 713.500 739.656 858.437 883.656 899.218 1264.312 1348.843 1385.875 1465.125 1535.718 1597.343 2132.562 2153.312 2172.093 2249.375 2464.281 2639.343 2767.875 3570.718 3608.906 3785.218 3913.500 
-1824.469 -1752.344 -1642.688 -1639.782 -1582.157 -1079.032 -950.657 -821.032 -575.188 -495.188 -172.657 90.812 817.625 903.781 961.656 1316.500 1351.031 1435.843 1608.718 1668.781 2188.718 2211.406 2232.906 2369.593 2388.406 2470.343 2507.656 2697.437 2885.218 2930.500 2973.656 3279.593 3324.031 3546.312 3698.812 3754.343 3773.531 
-1539.782 -1299.250 -1215.375 -994.657 -917.688 -906.063 -357.688 -302.438 -289.594 -282.907 -83.219 62.000 135.250 230.000 630.187 634.562 992.250 1197.937 1411.968 2013.812 2047.625 2179.000 2204.312 2243.406 2534.656 2643.000 2800.406 3122.468 3304.562 3310.000 3786.812 3889.625 3948.031 
-1677.657 -1197.032 -1132.969 -771.657 -488.032 487.343 816.500 961.343 1259.250 1603.593 2000.406 2023.687 2024.218 2216.218 2310.343 2351.218 2355.187 2400.000 2435.406 2449.187 2454.156 2765.375 2920.093 2959.406 3073.531 
-1993.907 -1713.907 -1595.500 -1413.532 -1309.407 -618.750 -536.938 32.875 85.625 336.781 338.218 486.562 742.218 975.031 1195.000 1197.812 1455.343 1658.781 1871.531 2108.937 2323.937 2340.687 2346.468 2386.656 2398.781 2490.562 2513.375 2803.468 2813.875 2891.812 2914.812 3149.343 
-1935.844 -1870.657 -1676.532 -1218.282 -1216.500 -1179.000 -705.250 -517.844 -376.438 -191.688 207.375 635.687 857.968 1184.187 1192.656 1225.406 1265.281 1659.468 2017.187 2152.062 2254.781 2401.781 2619.156 2781.562 2993.750 3020.375 3208.562 3393.812 3599.218 3617.281 
-1893.938 -1561.000 -1191.625 148.312 483.562 803.031 1500.875 1511.656 1590.500 1619.531 1866.468 2093.375 2119.375 2225.843 2353.000 2472.687 2479.062 2583.687 2730.812 2852.531 3072.843 3159.500 3581.406 3634.156 
-1978.688 -1867.938 -1775.782 -1606.250 -1341.594 -684.750 -159.938 132.125 175.781 247.812 474.843 614.843 812.375 1114.687 1466.562 1669.062 2023.281 2064.875 2115.281 2124.156 2129.312 2284.968 2316.406 2994.906 3051.156 3064.718 3166.812 3193.343 3199.437 3338.187 3813.281 
