14.593 84.375 133.375 149.218 171.968 199.343 221.906 237.000 244.437 253.468 258.468 278.031 283.531 286.812 293.718 317.562 391.562 411.843 515.625 619.843 784.093 809.343 867.750 884.125 1084.281 1116.656 1134.125 1151.656 1332.218 1350.718 1455.000 1519.375 1561.937 1578.125 1646.312 1672.562 1729.843 1782.218 1869.500 1996.781 3549.562 
74.593 108.281 122.093 154.812 269.968 301.593 457.187 735.250 807.937 870.468 1032.843 1063.250 1160.062 1188.687 1420.187 1537.312 1565.437 1613.625 1716.906 1754.531 1776.437 1811.343 1872.625 1959.531 1997.125 2090.000 2194.187 2638.750 3071.062 3742.000 3746.500 3761.593 3769.218 3783.000 
40.343 72.187 87.250 108.937 121.906 137.343 168.656 189.812 213.843 243.281 269.750 305.500 345.437 378.843 487.187 600.250 865.500 1001.437 1039.406 1156.000 1169.875 1204.531 1247.750 1275.656 1328.812 1379.125 1402.125 1474.312 1494.187 1535.937 1554.281 1568.500 1687.187 1711.875 1742.062 1754.812 1796.468 1811.687 1941.718 1973.781 2090.687 2229.125 2243.281 2265.656 2381.000 2507.375 2629.250 2701.593 2935.062 2965.031 2980.593 2991.281 3001.437 
85.812 129.468 167.718 210.562 245.500 264.531 279.531 422.156 456.812 598.968 684.031 857.562 932.562 971.218 996.312 1019.750 1155.187 1260.437 1335.875 1369.875 1437.906 1480.031 1494.281 1545.843 1565.500 1582.093 1708.406 1726.937 1740.281 1741.343 1751.968 1953.656 2004.437 2039.593 2672.250 3715.812 3769.875 3835.906 3858.531 3867.843 
86.406 127.187 171.687 289.406 476.093 638.406 696.843 843.875 870.281 897.500 993.937 1034.593 1168.218 1243.125 1368.625 1457.656 1500.187 1551.437 1902.531 1966.906 2023.687 3078.593 
77.750 96.875 120.875 129.281 138.937 149.375 164.781 183.906 192.000 192.906 215.906 242.093 249.562 265.406 267.937 278.906 288.812 295.593 307.281 355.562 365.750 372.968 381.656 411.968 463.812 529.968 532.187 602.125 616.656 679.812 755.750 788.062 1011.781 1080.031 1129.187 1163.656 1207.968 1284.562 1324.031 1350.500 1357.968 1393.468 1440.656 1479.687 1505.968 1534.343 1553.687 1568.375 1710.281 1737.843 1755.156 1784.656 1906.406 1979.000 1995.062 2099.375 2122.812 2895.312 3765.250 
79.343 111.062 133.625 143.500 155.937 167.281 178.000 194.906 218.781 233.375 244.250 259.156 280.625 370.218 508.843 827.437 1012.593 1054.218 1412.687 1489.687 1547.562 1555.843 1573.875 1602.687 1948.718 1999.218 3830.843 
90.375 117.656 145.968 159.593 186.781 206.718 254.968 284.187 463.031 480.906 870.375 1007.906 1077.937 1175.000 1205.312 1431.500 1477.531 1495.531 1555.312 1640.593 1680.531 1744.781 1755.500 1762.250 1804.250 1810.718 1974.718 2007.156 2054.500 3970.875 
91.937 109.656 144.968 165.000 180.812 214.250 251.500 283.156 305.000 319.750 322.406 334.343 344.718 350.187 354.531 367.593 368.687 372.281 376.125 386.093 404.937 408.718 475.187 507.406 544.500 762.343 865.812 973.187 1208.718 1223.375 1230.031 1237.750 1241.750 1243.625 1244.375 1254.656 1265.000 1267.000 1356.843 1403.843 1535.406 1547.250 1556.031 2192.937 3491.093 3536.125 3561.250 3651.156 3707.718 
84.093 105.093 124.312 279.875 302.125 326.875 340.000 341.625 347.156 354.812 360.875 365.000 370.750 379.687 390.781 398.437 437.562 447.687 452.906 862.468 882.281 906.937 1001.375 1069.062 1083.156 1106.218 1112.437 1131.125 1166.875 1177.218 1179.468 1181.875 1197.125 1208.593 1228.250 1237.375 1246.437 1250.250 1253.312 1277.406 1287.343 1323.968 1341.593 1405.156 1431.000 1454.312 1548.906 1595.093 1640.375 1713.250 1739.843 1766.781 1786.656 1988.843 2011.031 3094.718 3266.687 
