20.062 27.187 33.531 35.062 39.312 40.312 53.281 59.343 68.218 185.062 192.156 429.468 446.437 455.062 514.250 516.062 521.687 524.687 545.718 556.281 569.218 628.468 628.843 636.593 645.812 668.218 700.968 740.750 778.625 855.906 864.906 869.437 1059.906 1066.156 1071.343 1072.500 1133.093 1168.187 1169.093 1208.750 1251.968 1286.843 1326.375 1437.000 
15.687 27.156 38.281 39.750 47.812 49.437 55.000 60.468 69.500 78.250 79.343 171.562 192.187 331.187 337.562 355.531 448.000 518.937 529.062 554.500 560.625 564.750 646.031 741.406 765.593 767.093 862.156 989.281 1050.687 1059.812 1133.312 1210.312 1328.687 1329.343 1404.937 1414.406 1448.312 
26.343 46.218 60.687 67.312 71.281 79.375 89.375 183.187 285.406 309.406 318.468 423.062 446.625 513.937 520.937 522.687 540.656 595.468 600.062 668.562 677.531 740.593 744.750 975.625 1052.718 1059.093 1059.843 1067.250 1072.062 1083.218 1178.812 1187.812 1214.562 1305.843 1405.187 1428.656 
27.125 48.718 53.562 56.718 68.968 77.562 177.656 215.437 330.656 337.437 432.343 516.218 525.937 552.375 570.187 628.218 630.656 645.812 658.750 668.218 688.625 701.718 742.375 745.656 763.468 855.875 863.593 876.437 1106.625 1167.562 1167.906 1224.718 1283.000 1406.718 1438.093 
25.250 26.625 35.718 51.156 53.218 60.437 66.781 73.500 75.875 189.500 193.000 316.937 337.375 504.531 509.125 524.531 534.937 536.531 560.312 574.593 574.875 598.218 646.406 674.312 681.406 738.156 745.656 765.968 786.718 854.687 1168.031 1206.156 1213.562 1295.093 1316.406 1333.812 1437.468 
14.406 28.468 28.781 39.156 52.218 54.750 60.656 68.593 69.156 173.406 330.343 419.562 447.531 506.687 515.968 524.406 558.718 574.125 595.906 598.125 599.906 628.281 644.812 650.937 659.281 667.187 737.843 756.031 765.718 766.375 784.531 893.093 959.812 973.406 1053.218 1082.312 1090.500 1133.375 1167.750 1182.781 1184.062 1213.000 1327.562 1331.750 1340.312 1409.343 1421.750 
58.687 191.531 446.468 505.093 507.593 525.718 545.093 559.062 595.218 630.656 678.312 689.968 738.406 739.843 765.250 767.062 1053.437 1107.531 1280.406 1430.031 
15.500 29.125 33.250 40.343 46.781 59.812 77.968 506.312 516.281 553.343 598.312 638.718 661.062 675.812 797.687 880.281 1141.781 1183.093 1210.218 1288.125 1331.687 1337.375 1426.843 
26.593 39.843 66.843 67.062 75.812 294.531 345.125 346.406 432.562 521.000 535.937 556.968 558.906 567.468 594.875 601.062 628.531 636.468 658.593 687.656 688.406 702.843 755.500 889.281 962.406 982.250 1046.625 1098.718 1133.562 1145.125 1168.593 1204.531 1280.312 1328.656 1406.718 
28.281 331.656 435.906 515.437 524.437 539.593 560.375 649.125 657.656 658.687 668.937 669.625 702.281 756.125 757.625 874.312 881.906 1053.000 1067.250 1096.343 1169.437 1170.625 1198.562 1211.187 1308.531 1423.437 
