-974.563 80.937 87.187 401.625 555.687 575.218 710.031 732.187 775.375 860.000 1108.218 1111.218 1322.531 1601.375 1646.906 1781.468 1904.062 1980.218 1997.562 2080.968 2136.000 2162.343 2206.312 2342.062 2380.937 2592.000 
-1745.844 -1179.375 -937.188 -62.657 133.343 328.375 458.562 461.687 570.687 575.218 578.468 637.781 661.406 878.937 1011.000 1023.281 1054.312 1075.656 1096.312 1111.531 1122.937 1138.562 1139.593 1148.781 1164.375 1197.156 1224.812 1291.625 1354.031 1358.781 1527.593 1882.187 1888.468 1937.468 1955.000 2061.093 2195.156 2251.468 2503.875 
-1213.657 -954.438 -837.407 -441.438 48.531 55.000 113.781 174.593 240.625 258.843 285.781 437.000 486.468 635.187 829.281 848.218 864.406 907.343 966.468 1013.906 1023.093 1085.843 1122.562 1186.500 1195.343 1278.687 1393.406 1505.812 1580.656 1690.062 1782.437 1824.156 1897.750 1979.250 2003.937 2154.781 2178.781 2207.218 2208.812 2212.687 2248.093 2361.218 2745.062 
-1870.469 -1847.250 -1830.500 -380.782 114.343 264.281 326.250 468.093 570.125 638.781 893.531 905.343 983.968 1055.500 1136.281 1307.812 1347.968 1393.375 1760.187 1763.968 1880.593 1888.500 1898.781 2003.062 2319.687 2336.843 2355.281 2380.531 2436.437 2552.375 3160.937 3903.562 
-1882.469 210.468 239.156 291.250 480.593 521.312 556.937 569.000 731.562 784.031 1124.812 1152.437 1212.093 1232.781 1298.656 1368.125 1530.625 1817.343 1953.500 1991.125 2081.906 2094.187 2382.000 2464.531 2611.031 
-1532.719 -1220.032 -199.688 -2.282 24.156 76.468 100.250 443.312 533.156 556.625 626.968 726.625 982.093 1070.406 1072.406 1116.343 1178.750 1221.000 1226.625 1318.281 1646.906 1947.312 2157.156 2251.187 2309.875 3672.937 3917.687 
-1619.032 -967.344 -155.532 333.312 458.406 488.343 494.062 611.093 777.718 1027.812 1049.875 1123.062 1221.218 1299.531 1656.437 1742.968 1770.656 1889.343 1948.937 2146.562 2163.093 2171.968 2414.937 2748.375 2828.000 3869.968 
-681.407 -242.657 18.437 88.312 116.562 266.468 386.500 488.531 569.187 655.156 819.531 869.281 990.312 1065.437 1072.437 1073.000 1139.500 1150.000 1327.906 1577.125 1645.406 1948.593 2003.062 2004.062 2129.437 2178.875 2195.531 2228.031 2353.750 2407.812 2889.937 3481.281 
-693.750 128.031 192.187 210.437 222.750 277.000 384.750 482.156 491.781 530.781 579.656 657.687 738.906 902.468 922.875 959.531 1048.437 1065.562 1068.687 1110.750 1231.531 1244.062 1394.781 1477.562 1643.968 1666.937 1744.062 1748.062 1783.437 1800.437 1801.562 1897.781 2075.937 2118.656 2176.500 2250.968 2396.093 2467.843 2840.625 2901.312 3394.406 
-1869.657 -1456.063 17.093 262.906 432.562 509.625 582.937 655.000 659.531 712.281 757.468 823.687 833.531 842.937 848.125 859.437 885.125 1066.718 1072.281 1289.781 1380.031 1390.062 1601.718 1667.093 1923.437 1954.468 1970.000 1997.468 2010.281 2042.500 2112.375 2189.375 2295.500 3304.500 3310.437 
-1968.719 -1918.969 -885.688 -559.157 -502.782 80.593 108.875 219.406 326.000 384.906 401.968 494.625 508.250 575.937 587.187 773.437 833.718 836.781 902.718 981.062 990.312 1006.843 1023.156 1148.250 1178.593 1213.093 1245.593 1324.000 1390.031 1675.375 1676.500 1743.937 1781.281 1887.718 2051.468 2177.656 2189.875 2201.781 2210.718 2317.437 2340.437 
-1472.532 -144.469 122.031 212.875 285.406 602.343 761.843 902.375 907.656 959.125 1050.562 1065.500 1068.000 1478.437 1649.843 1678.625 1769.343 1978.968 2004.156 2022.062 2082.406 2113.437 2198.156 2346.156 2379.312 2415.812 3529.000 3807.062 3895.593 
-1481.907 -1045.188 -415.625 70.031 213.593 334.187 436.968 438.562 485.562 593.531 730.656 826.593 841.500 865.406 875.281 905.875 995.375 1030.250 1096.468 1305.906 1390.406 1395.125 1686.437 1852.437 1938.031 2006.562 2027.437 2144.812 2177.687 2190.687 2294.343 3935.812 
-1913.438 -583.500 48.750 75.812 117.656 212.437 257.500 287.093 398.500 654.843 831.093 954.531 959.625 967.531 993.093 1016.281 1186.750 1210.375 1377.218 1387.125 1390.281 1544.218 1560.406 1604.593 1743.156 1769.687 1782.531 2081.187 2175.062 2196.781 2207.625 2420.468 2543.781 3236.250 3310.812 
