-1005.157 -959.250 25.968 134.875 383.687 483.687 658.625 661.875 757.437 839.875 840.937 1144.500 1238.375 1257.781 1291.906 1390.750 1668.250 1801.875 1864.000 1884.562 2240.875 2834.812 
-368.657 -263.219 276.312 546.000 546.656 629.656 838.343 887.093 938.437 973.812 1103.968 1144.062 1182.937 1503.062 1562.343 1631.812 1765.625 1878.406 2462.843 3778.968 
-1936.969 -1903.469 -1846.344 -1486.125 -1199.157 -1137.625 -752.532 -524.250 -429.500 -13.063 12.750 30.031 167.312 413.500 644.562 699.156 959.375 974.062 1085.937 1494.750 1587.906 1774.843 1856.781 1936.687 1986.375 
-1753.594 -1530.719 -1374.782 -1104.000 -536.438 28.843 117.593 336.718 545.937 695.968 762.906 837.125 1026.062 1174.750 1296.437 1403.500 1561.875 1572.937 1711.312 1714.250 1839.093 2653.750 3231.437 3384.093 3687.218 3777.531 
-1209.875 31.093 127.968 153.187 519.593 660.500 698.593 751.843 769.218 924.750 956.375 973.750 1368.375 1501.312 1536.781 1702.718 1826.656 1837.312 1864.156 1935.187 2328.843 2961.875 3674.218 
-1529.688 -27.782 179.343 268.156 334.250 378.500 648.875 925.656 956.281 966.687 979.656 1026.875 1149.593 1265.656 1554.906 1853.562 1862.093 3055.156 3088.343 
-1061.188 -954.407 -161.938 55.968 111.156 168.937 382.968 389.187 404.468 651.406 756.656 838.156 879.406 1081.625 1171.593 1321.187 1386.031 1405.687 1415.250 1445.500 1552.093 1682.781 1771.156 1771.656 1857.375 1862.375 1879.656 2992.437 
-1800.032 -1778.782 -1133.782 -646.719 5.906 27.812 32.843 299.906 532.937 661.406 696.156 726.843 826.062 858.906 921.250 955.906 1105.906 1117.593 1213.625 1409.312 1846.562 1855.906 2392.281 
-1816.188 -211.907 23.968 35.468 276.531 344.031 661.250 663.687 830.031 883.468 920.750 978.437 1061.093 1153.718 1247.625 1254.125 1383.250 1405.031 1498.062 1552.343 1604.000 1739.562 1846.718 2241.062 2284.687 2357.000 2663.062 3583.187 
-1791.594 -1742.500 -695.813 -687.938 167.312 216.937 549.781 631.156 861.093 883.781 961.093 976.968 1004.312 1023.406 1149.531 1150.968 1180.500 1191.218 1210.937 1276.562 1385.031 1528.375 1562.718 1590.625 1717.000 1750.937 1878.531 2199.625 2373.812 2557.937 2816.843 3823.656 
-1453.344 -711.938 -257.907 84.562 213.156 272.406 358.781 405.812 696.000 752.281 755.968 1131.968 1139.687 1287.406 1338.468 1389.937 1409.968 1445.031 1592.750 1806.750 1864.500 2202.125 3345.937 
-1586.375 -200.188 -130.032 203.656 302.500 352.656 391.187 460.031 494.125 544.062 555.500 630.187 661.562 776.968 869.437 887.625 915.062 1509.937 1540.812 1637.000 1686.250 1739.875 1864.218 2623.750 3767.562 
-1938.282 -1415.032 -1318.719 -731.063 -391.875 14.843 18.000 30.500 372.468 391.406 500.312 646.562 691.562 808.156 839.031 952.187 1017.500 1063.937 1086.468 1151.000 1179.000 1278.281 1291.187 1579.156 2169.593 2745.750 
-1388.594 -1205.594 -81.282 -12.907 113.093 394.906 561.156 762.843 830.156 930.156 1095.093 1150.625 1246.718 1461.375 1565.906 1568.656 1739.281 1756.562 2266.218 
