-82.813 -32.125 37.187 169.156 195.281 269.250 317.656 454.500 457.781 481.093 531.343 541.625 558.437 576.593 681.687 720.656 763.843 775.000 805.656 942.375 1050.281 1108.031 1135.093 1195.468 1222.062 1324.968 1358.531 1408.375 1511.812 1608.562 2384.687 2718.375 3275.343 
-1190.375 -836.594 213.281 273.375 331.968 336.718 583.218 762.906 885.656 939.718 1104.656 1239.062 1315.812 1390.000 1458.656 1543.687 1726.093 2120.437 2619.125 
-1451.969 -1384.594 -1267.938 -1180.063 -1109.875 -994.438 -680.313 -339.063 88.968 173.625 175.968 342.625 348.750 457.500 530.406 539.375 836.000 905.500 1051.625 1067.187 1069.812 1092.000 1100.906 1117.406 1139.437 1242.843 1276.531 1457.093 1632.093 1665.750 1721.656 1995.750 3480.062 3532.156 3673.031 
-1928.469 -1416.282 -1358.407 -890.969 -191.375 33.656 38.812 50.218 158.906 213.156 444.812 475.281 532.968 541.937 562.250 582.875 627.437 642.562 683.125 716.406 733.062 859.187 961.031 1062.625 1116.031 1121.937 1276.187 1334.062 1366.312 1420.718 1483.093 1530.281 1597.062 1639.250 1803.937 1809.062 1859.250 2471.218 3116.625 3542.625 3728.718 
-1584.844 -462.969 -443.719 11.781 77.000 299.406 310.812 320.218 322.656 653.437 700.125 708.406 904.218 937.593 946.968 1111.781 1221.531 1239.000 1400.781 1419.625 1598.468 1636.312 1640.593 1719.562 2828.906 3203.812 3270.593 3548.437 3884.437 
-1524.563 -1230.063 -7.938 203.656 251.968 298.312 300.812 456.093 526.781 530.968 584.593 685.062 762.281 854.500 942.000 950.968 982.812 1121.531 1285.500 1334.843 1363.718 1474.500 1496.781 1541.750 1640.406 2305.500 3408.281 3474.875 3931.656 
-1845.407 -1508.969 -539.282 46.531 244.156 315.625 378.468 495.125 626.968 745.031 878.218 941.781 984.562 995.468 1115.656 1182.281 1215.125 1244.656 1305.562 1388.500 1428.562 2158.937 2171.156 2805.093 3091.875 
-1265.188 -1219.625 -1121.563 48.625 137.781 531.656 538.687 597.593 644.875 690.187 747.750 763.468 928.937 1119.125 1461.937 1515.625 2208.343 3653.187 
-1921.250 -301.219 26.718 27.625 80.656 159.437 178.062 329.906 338.062 376.687 504.968 531.937 594.937 619.781 635.312 706.562 713.968 757.718 885.281 945.406 1115.031 1209.625 1226.187 1239.406 1366.031 1381.937 1471.906 1597.906 1613.531 3334.968 
-1310.750 149.812 154.125 230.250 299.750 449.656 458.375 620.281 637.312 934.218 1001.375 1007.625 1116.343 1149.562 1428.593 1460.875 1471.343 1520.156 1725.656 2711.531 
-1835.032 -1304.375 -635.313 -218.313 -204.500 -109.563 36.875 299.312 379.093 482.000 635.500 709.156 724.062 785.062 929.687 937.718 946.062 947.937 990.906 1214.875 1219.531 1259.000 1359.437 1366.718 1408.437 1441.031 1494.468 1554.718 1628.875 3758.031 
-536.688 46.968 53.093 141.406 172.843 211.000 238.937 332.187 456.875 556.312 563.437 577.312 689.843 723.500 733.593 867.500 877.656 985.406 1120.750 1206.812 1260.750 1316.562 1462.843 1597.375 1639.656 1704.750 1720.968 2307.093 2664.375 3933.218 3990.187 
-885.813 -490.407 41.281 80.656 298.718 351.031 524.437 556.937 945.500 1012.000 1014.843 1050.812 1107.843 1258.406 1414.843 1601.062 1648.687 1658.593 2007.093 2679.718 3003.437 
-1937.500 -1287.875 -664.782 -514.313 -57.219 38.375 49.562 273.937 292.343 314.906 352.156 473.187 532.781 535.593 612.968 699.656 724.406 727.500 843.218 959.937 985.437 1086.187 1182.781 1245.937 1254.656 1459.656 1486.531 1497.250 1606.250 1658.093 2952.531 3468.906 3703.218 
