-1909.188 -1859.250 -1405.188 -968.969 252.906 264.281 359.500 496.312 552.718 554.062 581.062 727.937 756.312 938.375 941.125 953.437 1010.500 1032.062 1033.500 1071.250 1373.562 1386.406 1464.187 1480.500 1531.437 1620.781 1627.000 1753.593 1888.531 2799.250 3636.968 3674.781 
-1903.032 -1443.282 -803.313 27.531 134.343 255.437 306.437 355.906 384.531 480.968 494.593 496.093 581.468 596.343 607.562 628.406 763.750 859.875 865.125 900.250 1013.718 1134.718 1165.500 1173.406 1180.031 1227.281 1258.656 1278.281 1463.562 1487.968 1543.593 1549.437 1710.843 1752.906 1755.843 1756.875 1777.281 2874.687 3932.500 
-1594.500 206.062 256.968 343.937 383.937 477.937 494.750 563.500 618.531 680.218 735.031 1010.000 1090.625 1122.562 1471.687 1513.468 1668.625 2652.656 2730.187 3027.218 3688.937 
-1952.875 -1736.219 -959.344 -319.657 49.218 256.468 363.437 408.406 506.062 572.593 895.218 1042.500 1166.562 1180.968 1184.281 1273.718 1302.625 1471.218 1479.718 1586.812 1613.687 1636.375 1688.593 1753.125 1756.625 1773.500 1822.812 1851.687 1886.093 1897.187 1901.218 2797.250 
-1227.219 -562.344 -22.063 27.218 38.375 117.250 132.000 227.218 255.281 434.781 575.500 623.843 760.000 890.062 893.750 927.437 960.906 995.468 1010.875 1028.281 1070.468 1110.750 1134.875 1219.656 1259.968 1363.968 1464.906 1531.593 1553.062 1769.875 2136.281 2519.718 3077.343 3403.781 
-1688.313 -1390.657 -1326.250 -821.750 -521.750 75.156 139.187 166.875 178.781 504.187 563.750 577.843 902.687 915.531 933.468 945.062 974.406 1051.312 1099.500 1127.937 1134.718 1168.437 1237.906 1246.875 1251.875 1479.281 1521.031 1603.687 1617.312 1644.218 1744.281 1760.562 1896.000 2127.343 2513.125 2571.156 3097.312 
-1936.563 -1492.250 -508.344 -153.657 15.906 146.000 188.000 265.000 300.468 406.562 470.468 760.218 830.187 850.625 903.156 912.718 969.593 993.656 1301.031 1371.000 1419.593 1484.437 1546.093 1617.687 1752.468 1973.562 2506.937 3775.125 
-912.532 -736.500 -514.000 134.593 158.718 172.718 254.656 261.312 492.781 572.843 604.312 728.906 840.531 852.281 951.718 1136.968 1169.000 1260.093 1320.312 1529.156 1592.125 1646.687 1673.656 1745.156 1768.718 1865.468 2432.812 3892.656 
9.937 27.187 131.937 182.062 228.843 277.062 586.000 724.875 725.875 732.500 848.500 935.875 1026.812 1046.000 1066.718 1176.968 1198.812 1298.656 1463.468 1484.937 1545.625 1565.500 1614.781 1745.625 1752.625 1824.593 3025.062 
-364.719 82.062 98.625 155.125 266.468 295.000 536.218 560.500 682.500 742.156 826.531 859.781 894.000 906.125 969.062 981.843 1059.968 1109.656 1165.437 1231.968 1255.625 1382.187 1395.406 1558.312 1585.843 1598.812 1645.750 1742.531 1784.593 2215.687 2419.718 2508.218 2557.750 2559.968 3232.656 3367.812 
-1804.750 -1735.000 -1455.219 -1408.563 -728.032 103.312 116.312 167.750 237.843 445.468 488.125 539.812 560.718 604.156 654.156 711.343 787.031 837.812 889.750 899.031 1015.406 1020.406 1122.312 1177.125 1259.250 1353.906 1386.718 1461.500 1492.187 1537.593 1565.437 1598.968 1610.937 1613.906 1642.218 1661.218 1674.343 1745.406 1762.718 1785.406 1786.937 1811.750 2505.156 2554.781 3928.343 
-1969.844 -529.125 -412.375 31.937 54.343 57.531 75.312 149.093 170.687 187.750 397.218 408.687 470.843 616.531 682.687 694.812 737.437 915.625 994.875 1005.312 1005.687 1031.375 1072.343 1084.031 1094.625 1168.093 1244.343 1274.250 1300.906 1374.406 1516.281 1555.968 1573.187 1765.843 1828.156 1887.656 2104.281 2504.156 2671.281 
-1308.969 -571.907 -119.782 -68.625 3.968 44.250 185.343 189.500 488.468 540.687 578.156 634.625 731.093 969.250 999.281 1011.843 1014.906 1032.406 1135.375 1165.531 1337.625 1366.906 1370.937 1588.156 1647.156 1700.812 1737.593 
-572.532 63.656 119.156 145.406 163.718 168.187 170.906 262.875 303.125 324.875 362.562 400.468 434.718 443.375 480.250 546.531 582.843 783.031 989.687 1084.656 1090.062 1106.875 1137.406 1257.875 1316.218 1363.031 1406.187 1427.281 1549.250 1605.500 1644.687 1741.687 1752.875 1762.843 1766.906 1849.750 1863.437 2296.937 
