-1399.094 -24.844 29.406 170.500 381.125 434.562 444.156 537.937 555.281 625.593 714.687 881.562 948.281 986.281 1002.500 1096.968 1479.093 1544.750 1551.937 1808.531 1812.937 1834.625 1906.250 2063.031 2484.656 
-1032.063 167.687 214.125 554.812 634.656 808.687 1047.781 1053.718 1125.343 1484.093 1502.875 1884.843 1901.906 2029.500 3286.156 3312.968 3775.687 
-1813.188 -1686.063 71.468 103.406 265.500 305.062 347.187 385.781 468.062 724.187 743.906 763.468 881.250 952.656 1033.062 1043.406 1047.625 1114.375 1189.468 1219.593 1440.250 1452.468 1479.500 1577.093 1597.187 1703.000 1814.031 1847.875 1866.750 2069.375 2236.218 2660.218 3592.750 3763.687 
-1572.532 -1495.594 -1222.188 -1191.313 -532.094 -371.875 146.281 186.250 187.500 189.156 247.343 278.968 305.687 397.812 498.906 539.625 661.187 678.125 773.843 908.125 982.187 1077.406 1124.843 1405.687 1483.906 1577.843 1637.843 1807.875 1812.250 1837.500 1839.843 1843.968 1864.593 1924.281 1985.000 2061.656 2068.531 2458.750 3782.218 
-1193.657 -276.532 -33.125 54.218 206.125 268.437 311.625 516.125 621.718 631.437 639.437 683.500 723.125 748.562 805.156 811.875 1154.500 1203.500 1259.000 1295.750 1351.843 1554.000 1807.031 1838.625 1864.187 1887.593 1974.562 2022.375 2025.437 2037.562 2146.750 
70.031 97.343 143.312 172.468 265.343 270.062 427.406 637.625 888.531 930.781 963.062 1082.312 1093.187 1130.468 1225.156 1440.187 1496.656 1500.875 1554.062 1597.156 1603.531 1624.281 1714.250 1764.031 1797.875 1807.812 2065.656 2813.687 
-1416.469 -561.844 108.218 158.156 168.218 188.718 214.750 278.937 338.375 376.843 394.031 533.781 656.281 730.562 738.625 782.250 852.687 881.156 894.343 951.187 965.031 988.812 1014.031 1047.343 1391.656 1444.843 1479.625 1518.625 1527.375 1549.343 1760.625 1919.000 2014.031 2344.562 2585.031 
-1844.469 -32.907 54.000 101.875 141.750 188.343 269.937 284.625 324.437 432.531 685.906 690.062 734.343 757.531 782.187 784.500 851.843 888.531 930.968 957.875 1010.187 1032.687 1079.156 1126.000 1195.656 1257.687 1292.312 1315.718 1500.843 2018.906 2062.906 2374.843 3295.437 
-1408.532 -1239.063 -359.282 -339.125 -109.844 46.375 103.562 136.437 290.031 314.250 385.656 536.875 743.781 882.593 974.281 1002.062 1093.531 1106.937 1194.968 1217.406 1367.343 1397.906 1481.125 1501.718 1593.343 1694.125 1713.937 1727.843 1856.781 1868.843 1869.843 1903.093 3489.781 
-1877.407 -1040.938 -717.469 -478.500 -3.438 111.093 275.375 341.843 382.968 412.062 466.343 487.000 536.531 628.906 741.750 775.625 782.781 809.843 894.500 906.156 996.593 1032.062 1086.500 1147.500 1351.500 1392.375 1398.812 1503.218 1554.937 1606.437 1639.218 1720.250 1828.375 1855.187 1915.906 1955.343 2029.656 2267.781 3175.312 3972.812 
-1891.032 -1332.907 -867.625 95.562 110.625 162.906 169.937 175.968 283.843 311.218 315.843 324.375 410.718 425.062 582.406 626.500 692.968 718.718 805.812 882.562 982.312 999.000 1032.875 1046.562 1199.406 1281.843 1293.562 1419.468 1441.812 1518.812 1568.906 1578.125 1625.250 1749.093 2022.062 2038.093 2401.968 3102.625 3558.437 
-1843.188 -740.625 -335.844 25.875 75.468 76.656 181.187 206.437 248.031 631.406 712.343 879.968 1079.093 1080.218 1128.750 1214.031 1352.875 1391.875 1787.468 1853.781 1873.906 2014.687 2070.031 2152.781 2169.437 3205.031 
-1320.782 16.843 41.562 286.562 289.687 411.968 429.218 622.281 695.437 776.843 887.375 929.093 947.187 964.531 986.250 989.375 1041.437 1285.937 1339.281 1346.968 1445.343 1516.000 1553.875 1603.187 1720.093 1807.937 1866.968 1899.437 1904.593 1919.625 1962.625 2035.593 2148.125 3489.125 
-1842.782 -542.625 14.500 51.281 133.593 154.375 174.343 219.968 254.031 412.312 622.187 642.656 678.625 753.750 784.250 874.312 1052.937 1085.125 1274.531 1452.718 1557.656 1703.156 1798.093 1807.281 1867.281 1952.906 2067.625 3065.000 
