85.000 156.656 161.437 242.562 326.375 785.031 796.593 801.250 808.062 867.781 1003.031 1064.406 1148.250 1152.312 1492.093 1503.125 1544.437 1793.437 
157.062 178.218 307.156 337.687 737.593 790.093 803.906 1037.656 1112.062 1149.156 1416.031 1490.125 1510.687 1980.687 2600.687 3510.625 3558.781 3814.406 
180.000 219.375 324.468 389.500 586.375 668.781 867.468 1154.937 1323.593 1490.312 
177.906 744.437 1149.468 2576.593 3508.812 
26.781 160.937 1322.406 3348.437 
433.531 1490.250 
1150.000 
432.250 797.968 3560.250 
27.281 780.875 839.312 1150.562 1489.593 3220.343 
20.750 257.500 335.718 568.750 1491.187 3963.718 
