28.500 49.625 53.968 69.468 127.593 157.093 236.687 359.562 369.187 474.406 483.812 494.750 676.718 1021.687 1079.687 1159.250 1198.843 1375.125 1400.437 1590.125 2255.093 2338.875 
48.562 70.343 175.156 364.437 372.437 377.625 473.687 486.812 495.343 672.000 689.375 1151.031 1604.406 1630.031 1874.031 1950.562 3348.093 
48.750 65.343 96.500 361.906 493.031 673.531 1034.468 2246.750 
18.593 1263.656 1624.468 1701.062 2793.187 3739.875 
28.093 50.062 150.218 365.937 3045.593 3965.656 3965.968 
102.906 
3456.218 
486.406 1631.656 
495.218 500.250 615.375 3442.375 
2536.250 
