71.000 465.281 501.093 830.312 3450.343 3472.687 
117.343 360.281 362.187 364.468 366.562 389.812 401.406 801.906 808.906 1440.093 1442.750 1761.000 1766.250 1774.656 1788.718 2621.156 3421.937 
18.625 199.656 404.687 1565.906 3903.343 3905.625 
226.937 656.562 825.375 827.718 1723.500 
114.218 149.687 174.031 778.718 817.000 1423.687 1598.343 2851.281 3474.718 
1385.406 1451.000 1489.406 1842.156 1900.562 
24.593 1558.437 1792.250 1829.250 
272.718 551.781 565.781 
1103.812 3255.437 3326.687 
363.656 369.718 513.625 778.843 781.500 847.906 
