18.000 31.875 69.593 159.843 347.906 415.468 563.156 999.500 1001.125 1018.750 1037.343 1077.187 1325.281 1409.968 1726.250 2016.906 2107.250 2114.062 2397.062 3474.750 3581.062 3628.218 3859.375 3893.937 
32.125 46.906 67.781 127.968 797.406 1002.875 1051.187 1262.906 1339.406 1413.562 1663.906 1744.250 2089.187 2102.156 3612.750 3725.812 
39.250 215.093 248.218 274.562 333.125 376.968 441.125 454.562 640.125 737.500 893.750 927.281 1074.875 1076.375 1160.562 1357.593 1373.906 1377.843 1734.281 2922.718 2926.218 2930.156 3158.500 3205.437 3231.562 3548.062 3562.375 
21.312 26.812 64.281 68.156 495.218 714.031 717.468 751.000 879.250 900.218 1078.000 1183.093 1220.218 1230.718 1339.937 1388.656 3195.968 
66.750 71.125 132.031 207.750 260.187 591.875 798.562 845.468 855.312 877.875 889.406 1002.437 1004.312 1059.531 1061.281 1065.312 1226.031 1373.562 1379.375 1727.968 2778.500 3341.250 3834.000 3862.812 
21.656 24.375 27.125 130.937 805.875 898.093 1000.812 1007.343 1089.125 1322.031 2075.687 3088.187 
67.656 126.687 321.187 419.875 593.625 797.906 859.500 881.187 1006.312 1045.312 1345.125 1367.187 1399.218 3660.937 3713.312 
25.437 58.687 127.500 469.312 898.968 998.093 999.187 1263.687 1365.562 2282.500 3540.375 
411.625 879.906 889.531 897.468 1001.031 1179.781 1221.843 1245.093 1285.781 1335.343 
26.125 28.500 32.843 108.593 128.312 414.625 607.250 633.062 779.187 798.875 822.031 897.656 937.531 998.968 1023.062 1345.937 3370.812 
