22.031 46.718 47.437 59.906 73.500 157.500 170.125 206.406 288.312 318.937 344.343 369.812 378.843 393.062 459.000 461.562 479.625 497.500 627.000 645.218 707.687 711.500 714.250 718.125 803.875 835.437 867.718 888.906 988.031 1013.437 1069.937 1231.031 1241.156 1281.750 1300.125 1322.937 1326.656 1334.781 1366.281 1367.968 1369.968 1374.437 1395.375 1496.593 1522.968 1528.625 1593.437 1656.500 1672.375 3383.406 
39.843 49.812 170.312 205.812 208.218 334.093 337.750 343.031 377.281 457.937 461.125 504.218 540.812 558.093 588.968 709.843 710.718 713.968 755.531 838.687 839.218 840.687 868.125 878.937 893.718 981.093 1136.531 1233.718 1329.906 1369.500 1370.343 1374.093 1386.031 1412.781 1461.781 1480.812 1521.531 1522.125 1600.687 3355.781 
36.625 37.312 81.406 159.375 205.343 341.031 342.312 377.312 378.593 457.687 490.625 613.968 651.187 705.468 748.187 773.968 835.781 836.937 865.375 931.781 993.250 1062.375 1099.062 1116.375 1317.281 1370.093 1406.937 1461.250 1472.843 1520.312 1522.093 1600.218 1610.843 2888.406 
46.875 55.250 59.781 74.218 94.343 166.500 206.625 329.000 378.531 451.250 497.343 529.156 635.562 707.031 779.906 784.062 839.375 940.312 950.875 980.968 989.031 1227.718 1235.875 1286.468 1309.406 1362.250 1367.937 1369.781 1480.687 1536.312 1600.593 1639.343 
82.187 166.187 174.312 265.937 300.062 319.031 350.718 369.781 384.687 484.250 488.468 579.968 626.375 650.968 778.218 838.593 948.062 954.437 992.375 998.562 1061.875 1094.687 1095.875 1285.031 1294.968 1326.906 1374.687 1399.531 1508.093 1599.093 1600.718 1638.562 1675.906 3758.000 
57.312 59.562 158.375 169.937 196.156 340.187 353.750 458.875 466.437 468.531 541.281 710.156 771.562 841.218 889.531 929.593 953.062 1062.968 1098.531 1131.000 1282.875 1367.406 1369.625 1423.781 1480.906 1641.125 3801.250 
23.468 30.343 43.125 57.218 179.437 188.718 328.687 329.531 333.875 377.312 458.593 508.031 629.093 645.125 707.437 711.562 712.281 784.125 787.343 795.437 841.843 870.000 877.187 1022.093 1063.593 1232.125 1317.843 1362.750 2953.750 
21.875 36.593 37.156 57.875 82.062 173.062 180.562 224.343 300.750 319.031 369.031 458.906 464.406 557.937 626.906 645.593 706.281 773.593 836.062 840.406 878.593 938.812 941.843 1019.750 1063.125 1093.750 1235.531 1295.531 1299.625 1326.156 1373.593 1395.531 1407.500 1462.906 1602.750 1626.812 1662.781 
23.187 27.906 44.062 51.343 71.656 178.187 204.500 299.843 337.312 370.093 468.093 627.625 726.562 762.718 771.437 804.968 835.937 837.062 842.218 845.062 856.781 878.906 933.125 941.718 1094.375 1132.218 1300.125 1371.531 1375.687 1467.906 1480.156 1523.375 1601.250 1663.843 2788.625 3746.281 
30.093 57.312 59.437 170.156 329.156 459.031 464.125 486.250 504.375 587.437 645.062 706.312 711.281 839.781 841.093 930.187 942.437 996.375 1107.375 1233.343 1234.031 1284.875 1308.562 1370.000 1419.218 1603.218 1634.406 1640.062 3872.093 
