85.156 86.031 89.562 90.437 108.625 113.437 127.437 152.687 165.187 329.062 349.875 352.656 381.500 385.656 454.500 511.187 536.968 668.468 672.000 686.750 698.281 702.031 867.843 974.781 1012.593 1122.656 1185.906 1210.437 1235.187 1280.375 1326.468 1411.593 1436.718 1448.531 1567.125 1576.000 1595.593 1607.125 1630.281 1676.187 1687.750 1755.812 1769.218 1772.656 1799.031 1856.093 1890.343 1894.906 1922.000 1977.968 2010.687 2014.031 2047.531 2068.875 2172.625 2186.562 2209.062 3010.906 
137.718 263.531 360.343 385.156 553.406 669.062 688.281 818.375 831.375 840.250 850.562 861.937 956.062 993.375 1065.750 1121.875 1182.937 1230.125 1265.187 1268.250 1276.343 1281.187 1319.031 1331.250 1381.625 1425.375 1432.000 1577.718 1585.937 1593.125 1677.437 1682.875 1731.750 1796.500 1869.375 1873.687 1931.781 2013.937 2016.781 2039.281 2101.593 2221.281 
21.625 39.593 42.156 163.718 207.718 253.750 328.031 328.968 350.281 360.343 361.062 379.437 455.343 503.812 506.156 520.375 541.531 688.343 739.500 746.937 843.281 851.500 859.406 868.593 950.093 966.906 993.250 1010.750 1180.375 1190.437 1191.156 1217.875 1279.781 1361.968 1381.000 1391.750 1411.687 1432.062 1453.531 1482.781 1567.562 1593.406 1604.562 1617.812 1630.718 1881.781 1931.312 1932.312 2008.343 2013.843 2144.031 2214.062 3081.531 3853.218 
85.687 89.218 91.218 103.656 144.687 164.812 254.656 327.625 329.968 365.156 381.062 521.406 668.250 673.156 687.562 699.781 704.812 712.406 842.187 963.781 1167.937 1358.062 1380.875 1431.437 1451.500 1454.000 1576.687 1614.625 1683.250 1716.843 1751.031 1799.062 1860.718 1890.562 1902.437 1930.593 2015.750 2101.562 2185.656 2195.093 2219.437 
79.218 130.625 134.000 138.968 329.468 348.531 353.406 499.187 504.750 522.125 551.968 818.218 944.718 973.218 1026.343 1177.750 1238.062 1274.968 1369.718 1481.531 1567.531 1577.312 1577.625 1584.406 1606.062 1616.718 1624.812 1625.375 1635.218 1682.656 1709.843 1717.218 1772.968 1875.250 1997.625 2013.718 2016.718 2050.437 2071.656 2148.125 2156.968 2193.656 2219.281 3172.125 
32.281 41.718 144.843 155.625 171.000 329.562 345.218 454.812 503.687 519.500 681.656 704.812 723.812 841.906 867.343 939.468 973.125 1026.718 1135.531 1234.500 1280.125 1314.375 1419.625 1431.062 1464.312 1567.750 1577.031 1614.468 1681.843 1687.812 1694.218 1942.468 1979.406 1998.500 2016.343 2144.843 3739.843 
41.625 85.000 89.062 131.500 157.062 302.218 325.187 327.968 536.812 705.437 710.937 722.500 746.937 839.625 842.937 848.750 882.750 889.906 950.781 1141.500 1147.312 1280.937 1316.906 1318.531 1332.625 1444.625 1457.218 1577.406 1594.968 1617.625 1680.625 1706.843 1755.156 1767.093 1795.656 1925.968 1941.125 1944.218 2050.468 2095.843 2143.968 2165.062 2170.906 2191.031 
20.875 41.125 92.218 120.875 311.468 348.562 503.437 517.812 521.656 535.218 547.531 668.406 671.843 698.968 741.312 838.406 999.843 1027.312 1134.718 1167.875 1251.406 1267.218 1275.812 1448.625 1454.531 1466.500 1491.875 1567.375 1604.968 1705.000 1908.375 1959.093 2030.843 2116.687 
41.312 85.500 88.312 90.656 127.312 207.500 328.468 329.375 454.468 504.968 512.187 524.031 540.375 723.187 857.750 866.968 943.968 1062.718 1136.093 1157.781 1191.562 1234.343 1265.468 1280.093 1293.843 1452.312 1454.437 1589.187 1692.062 1716.875 1758.812 1775.781 1881.468 1932.250 1943.031 2013.562 2062.312 2115.437 2127.343 2151.250 2157.531 2187.125 2193.312 2201.375 
89.343 89.750 104.156 105.843 139.531 302.687 329.343 360.625 383.531 453.031 501.906 669.781 673.312 699.406 713.687 817.343 890.125 949.843 965.093 973.312 1038.437 1140.031 1167.093 1193.875 1209.375 1211.031 1274.250 1337.156 1355.718 1371.562 1704.687 1716.875 1730.500 1746.500 1793.906 1888.687 1918.125 1991.281 2008.437 2013.687 2050.875 2174.500 2179.531 2184.781 2200.031 2219.750 
