23.187 124.000 131.906 320.843 476.156 477.656 500.375 511.718 641.781 1135.437 1178.312 1281.312 1283.750 1355.750 1517.968 1538.312 1691.093 1695.312 
25.125 34.500 41.062 42.093 245.781 250.781 279.625 321.468 322.156 480.093 522.656 639.156 642.468 643.437 1131.468 1159.500 1319.781 1337.718 1355.343 1552.000 1695.812 
244.750 245.343 298.687 480.906 645.531 1137.281 1137.531 1287.718 1362.031 1516.656 1520.687 1538.468 
22.156 35.312 41.218 127.343 242.500 280.093 476.093 639.437 1134.093 1538.125 
35.093 124.625 245.750 297.968 300.125 639.093 1398.250 1552.937 1690.500 
20.625 23.562 35.312 38.000 41.312 127.781 247.281 301.625 1131.500 1280.937 1319.281 1518.000 1538.156 1539.781 1552.468 1687.406 
19.875 35.218 42.875 124.093 126.906 639.031 1134.437 1160.656 1283.218 1399.062 1552.593 1559.250 
43.531 476.000 639.093 642.187 1516.625 1518.218 
18.937 19.718 35.781 38.062 131.093 476.250 500.500 642.406 644.031 1284.125 
243.437 246.500 255.968 362.062 639.156 639.593 1281.062 1516.562 1518.437 1526.062 1688.343 1691.343 
