16.625 30.656 290.687 308.625 404.843 407.343 599.468 633.000 751.125 785.968 806.906 885.843 949.750 1035.000 1103.656 1163.468 1251.625 1435.906 1731.812 1767.250 1804.781 
71.531 75.906 90.781 103.875 159.031 275.812 398.500 468.531 570.656 1091.937 1110.625 1132.250 1229.437 1315.812 1317.156 1411.812 1558.843 1729.781 1850.531 1974.125 
14.000 90.562 177.343 202.687 203.562 312.812 380.125 471.343 575.031 634.093 749.093 807.218 900.687 920.531 1009.312 1127.218 1341.968 1521.968 1560.718 1975.781 2487.093 
13.437 20.531 180.593 308.000 456.843 501.500 570.406 666.718 758.343 879.250 979.281 985.406 1075.843 1124.906 1236.250 1654.000 1728.031 1773.406 1773.875 1912.937 1963.406 1988.187 2069.375 
16.375 32.750 55.531 134.250 139.093 207.187 297.593 360.781 565.406 575.750 806.468 916.468 964.000 981.500 1235.500 1433.187 1650.406 1666.718 1737.656 
130.000 456.875 499.968 762.093 762.968 809.093 847.000 882.031 891.062 905.656 1033.406 1115.312 1718.250 1745.062 1745.625 1774.468 1810.531 1851.000 1856.312 1997.156 2125.093 2376.843 2468.843 
-1668.500 89.281 292.187 472.437 473.937 492.375 664.875 751.562 784.187 907.437 979.093 1083.562 1084.312 1231.968 1276.625 1285.500 1367.781 1621.312 1639.187 1712.250 1849.968 1909.500 2095.687 
15.750 17.718 23.781 198.062 250.250 407.375 504.625 595.750 666.906 675.468 1079.718 1153.531 1174.906 1280.281 1284.718 1341.687 1626.250 1654.531 1694.718 1850.125 1924.593 2663.843 
-1151.844 36.750 123.906 322.125 447.156 575.312 712.312 853.437 996.593 1125.000 1184.500 1278.937 1344.531 1482.656 1624.031 1697.375 1746.156 1933.500 3759.187 
-1822.157 331.906 454.968 641.781 741.125 1007.812 1113.000 1188.531 1311.093 1374.531 1394.875 1431.875 1459.093 1654.656 1730.281 1745.656 1931.750 1945.812 2365.406 2840.062 
