23.031 26.000 42.062 249.000 278.562 349.187 437.250 455.437 465.343 514.406 653.656 658.718 853.062 1081.593 1138.156 1314.437 1353.062 1390.406 1464.968 1601.156 1680.156 1747.750 1798.093 1859.468 2217.156 2377.250 2897.000 3468.031 3471.437 3475.937 3560.000 3856.937 
22.968 252.031 454.906 734.937 853.750 960.093 985.000 1015.250 1026.687 1058.062 1676.875 1765.343 1998.906 3664.968 
23.125 27.656 44.750 54.437 92.218 127.718 203.625 358.031 382.218 417.218 984.218 1015.343 1038.406 1231.531 1350.187 1494.156 1722.312 2360.031 2479.562 3398.718 
53.843 76.875 86.968 170.125 246.968 315.562 462.750 464.031 601.937 727.843 757.750 848.562 874.000 1148.500 1256.218 1402.750 1405.312 1914.093 3369.843 3776.781 
22.218 46.656 93.781 251.687 255.093 448.937 462.531 467.437 705.750 844.812 908.156 1015.937 1340.781 1460.531 1678.000 1706.687 1829.937 1835.437 
22.750 49.125 438.062 718.625 774.468 983.500 1009.312 1027.812 1029.593 2644.156 
73.437 277.281 461.500 855.562 1007.187 1038.375 1054.687 1737.781 1759.531 1774.218 1831.718 
77.562 89.656 294.281 644.875 663.437 761.156 850.937 1050.531 1056.750 1414.031 1773.062 2309.031 3190.656 
254.250 455.468 460.937 764.718 867.093 1736.218 
25.656 64.625 106.593 719.531 1024.531 1712.906 3062.750 3936.437 
