26.031 61.406 66.968 75.500 84.125 90.125 109.531 165.875 251.250 370.281 374.531 393.343 465.687 1003.781 1010.000 1066.875 1121.875 1183.750 1283.625 1458.968 1507.718 1517.937 1600.468 1602.468 1729.218 1736.656 1769.750 1774.656 1828.125 1872.375 1894.468 2023.812 2127.625 3310.187 3315.750 3319.281 3341.843 3758.968 3984.187 3993.312 
30.250 54.906 165.718 181.375 186.093 305.843 324.593 326.312 375.625 617.812 658.593 747.656 1010.187 1067.937 1076.156 1155.687 1250.718 1260.656 1272.375 1293.000 1525.718 1892.781 2242.843 3462.875 3921.281 
22.406 30.656 62.000 651.843 682.250 717.562 761.812 1412.656 1428.375 1431.843 1517.593 1729.000 1762.187 1822.250 1827.968 2703.406 3529.593 3585.781 
24.125 64.281 96.812 168.093 182.343 311.625 851.250 1055.312 1214.687 1277.187 1338.843 1388.000 1433.875 1888.812 1891.593 3658.156 3660.843 3664.875 
30.218 68.781 73.781 165.593 171.625 279.062 282.000 300.875 363.187 650.656 1052.906 1123.156 1737.281 1746.125 1766.062 2554.343 
146.531 728.312 728.718 813.062 1043.031 1045.375 1449.906 1884.406 3887.968 
288.187 359.968 731.625 734.968 879.000 1750.562 1760.125 3068.093 3457.187 
169.125 340.812 657.593 752.906 1156.062 1691.187 1896.625 1947.031 3915.687 3923.718 
18.312 23.437 23.843 373.031 448.375 544.843 657.968 724.062 757.250 786.437 1033.031 1035.093 1150.343 
20.812 661.750 1761.500 1771.281 1882.625 2277.781 
