23.093 47.968 62.093 89.375 98.875 114.000 166.656 185.406 223.062 258.000 446.968 730.718 740.968 744.281 752.406 776.281 817.781 841.750 909.156 1001.562 1085.968 1249.968 1390.468 1435.718 1605.500 1816.437 1912.375 1913.968 1935.625 1964.093 1976.843 2062.875 2326.125 3702.843 
28.093 53.531 100.468 107.093 159.656 193.156 204.125 216.875 283.781 419.562 459.781 741.875 751.281 764.250 816.187 1188.656 1320.187 1416.312 1527.187 1833.593 1928.781 1948.468 1970.343 1971.906 3207.968 3209.500 
47.687 67.468 180.062 187.125 187.781 230.437 265.562 529.812 795.468 796.531 995.750 1271.781 1368.437 1603.593 1924.781 1995.812 3086.031 3147.437 3151.968 3483.187 3693.968 
21.843 23.687 48.625 77.218 178.093 212.718 234.937 359.312 399.687 651.218 748.031 788.937 996.375 1000.281 1278.968 1351.281 1867.843 1869.218 1901.125 2680.781 2685.468 2997.343 3742.968 3767.468 
24.968 53.312 114.093 180.718 184.968 367.375 392.343 525.000 649.718 651.500 726.343 770.375 778.625 870.843 974.593 997.718 1429.375 1952.375 2102.593 2809.531 2810.562 
67.406 71.843 102.093 112.093 122.156 122.593 125.187 188.906 284.562 763.625 767.156 807.343 808.750 889.375 1004.062 1005.937 1039.156 1227.625 1380.218 1421.875 1438.968 1444.531 1817.593 3223.156 
16.375 54.718 89.312 98.718 100.062 111.093 367.125 421.843 649.343 758.625 813.937 818.062 902.375 975.437 1031.625 1205.875 1293.312 1372.375 
55.093 226.093 274.406 301.937 778.406 783.812 1392.531 2644.718 
392.750 773.531 1957.593 
97.406 382.312 1022.875 1259.468 1977.375 
