15.718 37.812 39.468 43.718 54.968 72.843 74.062 74.875 177.312 191.375 348.437 507.750 514.875 554.000 555.687 568.187 849.625 903.593 963.343 1531.625 1734.750 1843.906 1902.937 
16.593 41.781 221.500 331.187 417.937 646.125 668.343 669.718 853.875 1074.593 1710.656 1735.093 1871.875 
72.625 73.250 244.062 311.312 385.000 534.156 571.375 753.687 931.375 1531.406 1532.656 1708.875 1710.343 1736.875 1875.187 1968.343 
15.875 73.468 312.031 1275.687 1398.343 1533.406 1884.812 
37.718 39.343 72.031 72.843 75.093 78.656 113.937 114.750 349.562 505.531 555.125 1016.406 1419.500 1735.687 
10.843 16.281 20.531 26.312 37.250 52.437 72.625 72.843 73.250 74.062 75.281 76.312 126.281 165.656 440.625 466.937 497.687 552.750 555.687 880.968 960.750 1240.750 1322.187 1443.125 1488.375 1492.062 1659.031 1666.218 1969.656 
67.718 70.406 74.281 151.375 466.656 510.093 648.875 757.125 931.687 1026.500 1237.312 1735.687 1831.187 1884.625 
35.781 74.062 113.125 208.093 311.625 330.718 385.937 440.187 468.968 532.375 534.875 643.468 668.500 695.531 844.656 929.000 960.375 1596.312 1708.062 1710.656 1741.093 1811.093 1871.375 
11.125 22.812 38.906 72.843 74.062 74.687 77.687 80.968 164.375 466.593 530.875 532.937 850.781 990.843 1058.718 1240.125 1398.281 1734.906 1735.562 
116.781 348.218 550.062 554.593 719.281 827.125 965.375 1237.218 1488.875 
