27.531 90.531 122.218 150.906 152.531 192.031 390.468 490.875 496.468 547.843 561.093 578.968 587.781 646.562 651.593 700.156 701.156 855.625 860.843 863.812 887.187 965.937 1009.062 1018.468 1279.968 1392.843 1403.312 1554.000 1589.281 
78.281 91.937 363.375 432.000 450.562 472.093 490.500 579.375 594.562 604.781 606.281 700.875 710.281 769.562 843.968 887.875 999.531 1010.531 1082.093 1085.156 1304.468 1363.093 1458.875 1522.375 1585.156 1612.812 1637.968 
68.593 83.468 184.812 498.281 554.218 568.187 587.218 594.812 605.156 745.843 774.062 774.906 886.781 928.531 987.500 1127.625 1370.125 1456.781 1550.156 
17.843 30.093 69.875 151.375 152.625 185.000 350.093 361.687 378.125 570.468 586.750 650.875 719.343 1300.750 1411.937 1415.968 1504.062 1530.687 1591.250 1600.906 1626.968 
27.156 99.718 151.843 188.843 202.625 254.718 310.312 319.781 606.406 798.468 1291.250 1541.687 
77.531 78.843 80.687 84.093 321.968 448.312 452.593 546.218 585.718 618.156 725.625 768.093 1318.937 1625.593 
66.625 94.437 312.968 575.093 595.031 604.562 620.000 883.781 886.281 968.218 995.687 1223.625 1382.187 1466.593 1590.375 1612.812 1662.187 
171.875 453.156 546.843 549.812 882.500 997.750 1056.718 1058.375 1614.312 
29.718 57.937 59.437 322.093 482.156 554.218 555.500 579.781 872.531 966.875 1129.312 1324.781 1527.343 1609.968 1729.218 
204.593 315.562 604.343 793.281 856.750 882.531 887.937 
