97.687 379.156 436.187 460.812 652.031 903.187 1087.500 
117.593 152.656 273.437 334.875 378.218 823.062 1187.656 1224.562 1324.375 1329.843 1433.250 1448.062 3787.375 
24.093 183.593 235.937 296.218 351.312 444.968 648.218 651.937 831.812 1186.031 1187.000 1413.687 
428.656 573.875 949.406 1181.187 
62.031 99.062 111.250 127.656 284.250 613.593 704.875 950.906 1215.718 1283.281 1314.625 
63.093 123.875 964.218 1090.281 
569.750 
22.843 193.531 297.468 
951.406 1184.312 
62.593 77.781 127.437 698.656 1353.000 
