97.406 97.718 217.156 218.750 219.062 282.781 535.781 671.656 928.781 1213.718 1288.968 1293.625 1627.562 1640.718 2328.468 2873.843 
23.343 24.875 76.062 76.406 78.031 85.281 136.906 337.437 338.875 339.281 344.000 351.375 358.812 385.187 603.750 605.281 691.281 691.656 693.656 698.968 1274.125 1274.468 1278.375 1637.562 1639.468 1641.468 2884.937 2886.312 2886.656 2888.687 2892.968 2902.687 3026.281 3026.625 3032.625 3303.406 3305.250 3307.250 3362.656 3362.968 3364.937 3445.281 3445.593 3447.937 3450.218 3804.187 3806.031 3807.968 3873.437 
20.906 22.437 91.343 93.218 95.250 101.343 252.500 254.250 262.250 342.031 344.000 348.281 421.656 423.625 433.500 435.656 622.437 624.343 628.687 1198.750 1200.406 1202.281 1205.968 1208.343 1273.906 1276.093 1278.156 1280.406 1607.656 1609.562 1611.468 1615.218 1617.718 1742.406 1744.250 1746.343 2243.125 2244.968 2246.906 2251.437 2253.968 2256.343 2646.468 2648.156 2650.031 2653.468 2660.937 3284.218 3285.968 3287.750 3300.718 3329.375 3331.593 3429.562 3966.656 3968.406 3970.281 
99.031 100.906 102.812 105.468 110.343 329.812 331.593 333.562 335.968 422.281 424.250 426.312 441.281 443.812 1113.781 1115.531 1120.656 1123.062 1125.500 1546.437 1548.218 1553.750 1556.375 1558.843 2171.750 2173.468 2175.375 2177.406 2605.968 2607.812 2609.718 2614.156 2616.343 2618.937 2658.000 2660.125 2662.437 3139.406 3141.125 3143.031 3676.812 3678.562 3680.375 3685.937 3692.031 3777.500 3779.437 3781.656 3927.031 3928.875 3930.781 3932.937 
94.937 96.718 98.718 102.500 320.218 322.062 324.000 328.781 363.031 365.031 680.156 681.968 683.843 853.750 855.562 861.218 1240.625 1242.468 1244.437 1247.125 1249.531 1253.250 1278.281 1280.406 2777.156 2778.843 2780.625 2782.625 2786.125 2876.625 2879.750 2881.968 3504.531 3506.218 3508.000 3510.375 
74.500 76.281 78.031 80.093 84.843 310.562 312.156 314.093 317.656 357.593 359.500 361.468 364.125 384.687 689.281 691.000 692.968 1275.781 1277.406 1279.281 1535.781 1537.468 1549.093 1747.281 1748.968 1750.875 2565.937 2567.656 2569.406 2571.312 2580.875 2583.093 2593.531 2596.781 3330.906 3332.562 3334.562 3336.593 3444.218 3836.031 3837.656 3839.437 3848.312 3852.031 3855.375 
337.718 339.468 341.281 343.312 349.125 363.031 365.031 367.000 667.968 669.750 671.593 673.781 676.062 1281.093 1282.750 1284.562 1286.531 1294.531 1739.968 1741.656 1743.375 1745.500 1747.656 1772.062 1774.156 1776.437 2755.187 2756.812 2758.500 2760.437 2818.906 2820.968 3289.937 3291.593 3295.437 3749.937 3751.656 3753.375 3755.343 3796.718 3798.625 3800.812 3815.875 
72.812 74.625 76.406 78.562 80.781 238.406 240.062 244.125 337.500 339.250 341.218 347.187 366.687 368.937 400.343 402.343 404.687 407.125 578.781 580.531 582.406 838.437 840.218 842.031 1304.781 1306.531 1308.406 1310.531 1312.843 2161.375 2162.906 2164.593 2200.656 2202.593 2204.625 2300.093 2301.750 2303.718 2306.656 2309.187 3017.843 3019.500 3021.281 3023.187 3030.500 3032.906 3055.156 3057.437 3259.906 3261.625 3263.500 3265.500 3269.000 3271.062 3827.437 3829.156 3831.000 3833.406 3835.406 
21.406 23.062 24.968 26.843 78.343 80.093 108.250 210.062 211.781 213.687 328.187 330.125 332.093 595.093 596.812 598.593 600.687 1238.062 1239.656 1241.468 1691.718 1693.343 2493.968 2495.687 2497.656 2944.156 2945.812 
37.875 41.812 44.031 107.843 110.062 112.125 334.218 336.031 337.812 603.531 605.406 607.250 676.968 678.843 844.531 846.250 852.281 1229.375 1231.062 1284.468 1286.531 1290.625 1693.187 1695.093 1696.937 2479.343 2481.062 2849.031 2850.718 3447.906 3449.562 3451.250 3454.375 3456.500 3478.437 
