6.781 282.718 486.375 607.250 611.500 719.593 1410.500 1814.875 3129.843 3138.156 3215.968 3759.687 
507.718 570.218 735.593 977.500 1150.593 1202.687 1213.156 1563.281 2602.593 2620.187 2711.156 3143.281 3496.250 3513.250 3566.468 3567.625 3582.156 3667.718 
288.718 343.593 547.812 577.031 651.531 1155.343 1280.750 1470.593 1542.468 1775.343 2469.062 2489.406 2526.437 2554.281 2580.031 2860.093 3215.531 3598.687 
379.406 492.500 527.281 648.156 719.343 986.437 1025.406 1177.218 1348.343 1570.343 1673.125 1698.062 1904.906 2276.156 2334.218 2441.125 2523.125 2602.250 2640.500 2649.593 2744.843 3332.000 3746.625 3844.937 3858.062 3871.500 3989.875 
296.625 336.437 368.781 370.437 391.406 418.250 430.656 443.968 507.531 588.875 662.281 679.437 992.343 1030.156 1276.937 1304.843 1433.375 1587.750 1628.406 1650.187 1655.218 1877.343 1926.750 1956.718 1984.500 1997.250 2050.250 2344.750 2777.875 2848.500 2914.625 3231.937 3276.562 3813.406 
128.937 149.250 304.625 346.531 353.156 560.312 635.281 650.406 937.312 1141.187 1156.843 1268.937 1272.593 1286.250 1291.437 1319.000 1563.906 1580.250 1641.031 1653.843 1674.500 1908.000 2472.687 2984.687 3213.625 3351.031 3627.312 3650.625 3707.250 3751.656 3766.750 
200.812 268.656 490.625 593.687 639.906 648.781 1051.937 1073.500 1130.500 1158.250 1378.718 1381.468 1414.437 1420.375 1927.843 2041.062 2744.937 2783.531 2904.656 3347.031 3357.468 3380.031 3422.656 3436.687 3831.812 
427.437 428.250 438.343 455.718 641.437 658.781 683.812 699.000 701.406 823.312 834.687 844.718 881.812 1015.562 1038.968 1067.437 1102.062 1128.312 1273.500 1454.875 1543.625 1661.312 1817.750 2123.406 2132.781 2416.500 3144.906 3196.750 3201.437 3233.343 3268.093 3428.000 3925.843 3931.687 
219.875 314.343 354.156 381.968 504.187 529.250 631.093 1071.125 1091.562 1121.062 1149.812 1387.062 1387.750 1536.406 1552.625 1627.218 2192.875 2234.656 2236.156 2427.687 2442.406 2456.250 2506.468 3321.312 3328.031 3459.906 3553.343 3562.750 3829.218 3898.406 
318.968 591.843 632.062 677.968 686.062 1017.531 1031.843 1035.343 1174.000 1190.500 1540.062 1761.875 2096.281 2484.562 3180.406 3251.468 3854.750 
