18.093 21.718 24.937 70.593 169.062 172.531 208.000 211.031 263.718 267.187 331.093 394.031 397.937 434.968 520.718 536.312 620.937 655.468 722.156 745.250 810.875 1009.437 1263.812 1266.843 1299.593 1405.125 1486.937 1488.781 1565.812 1651.468 1653.093 1655.156 1739.781 1883.750 1885.656 1926.375 1970.281 
17.000 21.250 25.937 169.687 207.750 211.906 264.031 265.687 330.968 334.031 394.062 396.562 426.375 494.437 522.062 536.875 538.750 655.062 657.687 725.500 810.968 1080.500 1081.906 1083.468 1264.343 1266.125 1267.625 1304.531 1406.062 1487.906 1543.625 1552.781 1650.156 1652.406 1654.125 1788.750 1883.562 1925.125 1928.906 1970.468 3366.625 3383.062 
14.218 16.156 21.593 23.593 122.156 207.531 210.718 265.593 267.312 334.187 394.250 396.218 426.156 435.968 496.187 520.218 536.375 621.968 651.218 722.437 725.531 752.593 782.750 810.718 816.093 929.625 1080.906 1083.875 1132.562 1204.062 1265.406 1269.468 1302.343 1404.906 1407.750 1487.312 1489.187 1550.718 1651.031 1686.437 1741.781 1884.468 1887.406 1928.093 1969.812 
14.781 16.343 18.125 22.812 186.062 208.156 265.218 331.468 394.250 426.687 494.031 535.937 537.718 609.468 621.343 653.843 655.875 681.562 721.687 723.593 813.781 911.062 1008.343 1080.531 1082.281 1085.343 1245.062 1269.000 1387.843 1405.843 1487.968 1489.812 1606.500 1607.968 1609.562 1650.500 1654.093 1741.843 1845.000 1886.562 1927.562 1974.718 
14.843 16.500 21.656 24.531 121.968 169.281 172.343 187.125 235.843 264.906 314.281 331.906 394.375 434.343 436.750 494.406 521.937 536.750 620.781 623.750 652.093 655.156 722.531 976.656 1007.781 1082.187 1167.156 1264.593 1266.593 1302.656 1314.031 1407.218 1487.187 1488.687 1550.062 1553.062 1607.625 1650.937 1668.593 1741.031 1887.312 1971.812 
14.156 15.750 22.500 118.968 129.125 208.031 265.062 330.625 394.000 395.937 538.531 621.406 655.093 721.593 811.718 929.187 1015.250 1080.968 1267.625 1270.562 1405.718 1488.187 1544.281 1549.437 1650.500 1652.062 1653.937 1716.593 1739.500 1886.062 1887.843 1926.843 1928.406 1931.031 1970.343 1972.843 
15.531 17.000 21.312 22.781 85.000 104.156 168.843 207.781 265.906 332.156 394.312 396.250 438.000 495.062 520.218 621.843 624.625 652.937 655.125 718.968 723.156 1080.187 1082.843 1264.750 1267.000 1313.593 1454.593 1487.093 1489.687 1610.781 1651.093 1652.656 1655.937 1885.593 1927.781 1969.562 1971.718 1974.875 
15.750 17.968 21.031 24.468 85.812 207.718 264.343 394.312 434.281 438.500 495.281 521.156 621.875 651.937 722.781 725.000 782.937 811.187 1080.906 1083.343 1166.156 1265.687 1268.375 1301.406 1488.031 1549.812 1650.843 1740.656 1886.937 1925.343 3944.718 3946.406 
15.187 17.593 21.250 23.000 169.250 193.375 265.906 330.781 394.625 398.000 426.406 494.218 537.406 621.437 721.687 809.906 811.875 929.968 1105.656 1264.625 1302.625 1405.906 1549.656 1608.062 1650.375 1667.812 1742.156 1883.843 1926.156 1930.625 1970.531 3720.156 
21.312 23.062 207.125 264.593 266.406 331.250 495.031 520.218 620.750 654.968 659.375 722.250 809.718 850.750 1018.281 1081.125 1489.218 1608.000 1651.906 1653.781 1739.687 1885.281 1926.156 1927.906 1970.125 
