39.812 51.250 188.843 197.218 236.093 249.468 285.531 427.156 448.375 473.937 491.718 528.250 568.875 675.750 803.906 851.625 871.781 880.281 921.687 952.312 1057.312 1130.656 1284.156 1312.750 1422.031 1511.500 1587.406 1900.562 1954.531 3070.250 3077.437 3988.562 3993.093 
21.718 26.906 39.531 108.437 145.531 165.218 220.156 454.781 476.218 561.562 630.625 672.000 705.625 848.093 1058.281 1106.968 1137.875 1295.562 1437.968 1490.687 1565.437 1874.781 
53.218 107.312 162.812 308.593 321.093 458.875 476.812 799.750 855.781 1283.781 1488.093 1587.781 1958.781 3531.000 
23.312 36.218 1454.937 1853.718 3309.437 
20.781 54.093 963.875 2702.781 3596.406 

21.156 

35.812 1197.281 1730.187 1877.812 
54.281 95.156 193.281 308.218 370.562 449.562 677.375 1059.218 1286.531 1420.593 1853.031 
