80.250 118.062 120.468 124.906 131.593 136.656 162.156 163.250 165.937 210.781 213.000 236.875 237.781 290.437 329.031 336.250 447.937 453.218 459.187 471.343 481.906 498.531 501.406 503.156 602.968 603.781 604.468 605.593 647.687 693.687 748.687 797.062 800.593 852.875 854.937 859.031 865.843 912.656 919.000 943.218 949.312 950.718 951.687 972.593 1000.656 1017.250 1027.937 1155.500 1156.437 1159.281 1182.343 1231.625 1232.468 1235.531 1240.781 1287.500 1310.125 1311.562 1347.531 1353.750 1414.906 1433.781 1434.187 1482.687 1483.687 1497.781 1503.437 1626.812 1632.125 1681.062 1735.812 1820.250 1836.250 1837.500 1890.812 1911.406 2010.375 2427.000 2984.125 3806.406 3844.718 
118.000 118.218 340.000 341.468 357.781 413.531 454.875 676.843 693.843 705.218 793.750 795.656 973.156 974.500 1144.500 1148.250 1158.312 1261.343 1307.093 1430.187 1433.718 1435.562 1728.062 1759.750 1810.343 1824.187 1943.312 2010.281 2011.468 2104.843 2742.062 3381.625 3504.062 3612.093 3614.218 
112.906 126.781 139.968 267.156 336.656 338.218 454.781 457.312 457.812 459.781 461.968 694.843 919.125 923.812 976.281 1015.875 1148.937 1186.281 1348.968 1433.312 1725.812 1759.156 1797.937 1839.625 2827.562 2908.875 2938.281 2955.750 3947.375 
62.468 123.312 277.437 334.468 337.812 458.937 461.093 495.750 611.031 699.562 792.750 794.218 924.312 1020.218 1020.593 1132.812 1150.687 1265.062 1361.406 1499.812 1502.781 1713.687 1724.093 1725.843 1818.437 1839.718 2009.250 2011.593 3375.093 3377.187 
82.937 84.937 130.593 132.625 296.218 501.031 505.250 603.781 606.031 775.750 783.593 796.531 920.875 994.093 1020.343 1090.718 1091.906 1093.937 1430.875 1433.437 1504.375 1633.281 1819.500 2003.937 2009.812 2799.562 
70.781 123.218 131.812 170.406 339.375 341.593 453.812 458.593 794.000 795.406 918.343 920.437 973.062 979.687 1015.718 1121.000 1146.843 1156.906 1349.468 1719.718 1722.093 1725.281 1809.437 1823.406 1940.000 2004.562 2010.281 2010.968 2687.843 2776.718 2779.750 3404.812 
120.343 121.468 123.656 286.968 338.218 546.000 604.562 674.531 920.531 921.718 976.062 1019.437 1158.281 1260.531 1430.593 1728.000 1913.968 1921.250 1936.781 2010.875 3562.656 
35.968 105.625 117.062 237.531 290.500 337.156 495.218 546.062 697.312 775.843 791.781 912.250 916.250 1145.031 1204.218 1250.968 1259.062 1260.062 1430.406 1430.937 1456.875 1484.093 1598.718 1618.343 1629.718 1809.781 2012.781 3304.156 3462.781 
74.218 105.187 114.656 119.781 141.062 163.625 233.437 284.187 285.156 334.343 336.375 338.500 386.781 454.968 486.437 495.875 592.593 604.093 606.406 682.062 694.500 698.000 776.281 794.531 862.156 912.281 920.437 921.531 959.468 993.562 1120.343 1129.500 1154.031 1156.468 1203.062 1253.406 1255.937 1257.000 1313.781 1332.937 1418.750 1427.468 1432.875 1467.875 1597.593 1664.687 1701.656 1725.468 1808.656 1860.906 1907.437 1924.875 2005.031 2009.812 3525.656 3681.437 3843.093 
105.093 113.968 116.843 130.750 213.562 217.156 248.031 323.906 326.031 332.062 336.375 378.875 448.062 457.093 495.750 497.687 593.625 674.187 792.343 913.781 1021.875 1120.781 1130.125 1232.343 1332.093 1418.062 1427.968 1493.906 1569.593 1647.218 1680.000 1700.781 1725.500 1808.625 1907.000 2005.375 2008.437 2012.062 
