30.718 133.093 303.906 425.062 452.750 788.562 889.062 1233.500 1245.875 1317.906 1387.375 
134.156 315.218 444.375 579.937 596.625 624.312 745.968 779.031 798.281 876.656 909.562 1373.687 3092.781 
21.062 131.625 437.125 444.437 452.156 460.625 469.843 1113.562 1244.718 1305.375 1325.812 
18.593 18.968 101.343 261.843 311.187 319.843 752.812 813.750 885.250 896.937 904.500 1117.000 1253.218 1269.875 1325.500 1376.937 
18.593 81.937 421.625 444.218 559.781 613.812 784.093 825.000 878.812 974.031 1244.562 1307.968 1361.031 1377.406 1398.531 
112.687 142.843 322.531 469.000 790.843 805.843 830.093 1133.906 1230.156 1243.406 1264.437 1331.875 1337.187 
62.156 753.718 3816.843 
62.218 460.750 471.218 625.250 796.718 858.156 878.625 922.718 991.093 1113.531 
17.500 30.343 133.562 422.968 577.750 610.875 856.500 924.562 1112.562 1229.406 1270.656 1313.187 
468.781 698.562 837.531 879.437 1253.812 1387.343 
