45.687 123.625 294.781 510.625 1282.500 1557.593 2388.375 
555.875 600.187 1818.062 1900.750 2078.812 
522.531 558.343 960.031 1836.843 1938.843 
48.718 296.437 418.500 519.343 831.625 839.593 1279.750 1432.562 1586.312 1810.156 
917.937 1371.562 1830.093 1830.750 1835.812 1916.000 1927.062 
229.437 834.906 924.812 1834.437 3659.000 
50.437 137.531 144.000 516.562 837.937 1135.937 1281.937 
146.343 248.500 294.343 462.656 507.156 603.093 884.656 917.843 919.906 927.687 1831.750 3261.343 
833.781 
147.281 148.906 729.593 1065.406 1808.468 1814.093 3353.875 
