16.000 16.406 16.812 22.093 43.093 108.000 111.875 123.093 141.031 188.500 255.843 258.281 319.531 395.031 396.718 398.750 517.187 517.687 521.437 536.218 614.093 645.031 649.562 731.968 741.968 744.187 869.375 872.937 990.656 1015.125 1365.625 1376.500 1457.406 1496.750 1603.781 1616.906 2531.312 3166.750 3183.406 3202.593 3205.218 3207.687 3233.562 3477.812 3993.562 3994.312 
16.156 16.468 19.281 19.812 21.750 22.531 42.656 110.593 117.187 119.562 137.218 181.312 182.968 184.843 251.968 258.156 265.656 309.062 429.718 449.187 480.468 878.531 985.000 985.531 988.781 1070.843 1137.718 1149.375 1152.875 1305.093 1318.968 1479.312 1628.906 1674.156 2419.093 2712.718 2910.781 3194.906 3541.406 3886.281 3888.593 
16.281 16.781 105.500 107.906 110.156 216.093 306.687 506.156 519.312 520.500 544.281 584.750 585.093 743.968 755.156 871.031 969.281 981.187 1067.968 1090.281 1148.687 1152.687 1159.781 1315.312 1605.843 1722.906 2160.656 2161.187 2165.531 2674.687 2682.437 2973.937 2983.843 3298.250 3336.906 3403.906 3667.843 
16.187 17.000 19.281 19.718 21.312 22.187 110.937 114.875 134.593 141.531 144.750 148.375 245.000 254.906 308.750 313.906 412.968 505.093 518.343 584.843 588.750 589.531 646.437 648.718 655.468 737.156 957.187 967.093 1005.562 1091.687 1146.281 1148.937 1160.406 1235.750 1365.468 1374.531 1375.375 1375.593 1379.656 1476.593 1507.875 1604.406 1937.000 2182.718 2336.750 2344.531 3330.687 3331.718 3332.593 3350.437 3485.937 3515.593 3567.656 3573.093 3643.406 
15.843 21.281 35.125 39.375 43.343 110.000 115.031 227.375 253.250 257.437 306.562 307.718 311.250 366.500 394.437 405.312 502.156 522.625 584.687 750.625 850.031 882.187 885.906 993.406 1092.687 1093.656 1149.781 1496.593 1608.500 1673.031 1920.968 1923.125 1925.968 1995.875 2103.187 2602.406 2606.031 3049.906 3276.562 3496.562 3503.718 3510.031 3514.718 3665.500 3790.562 3837.531 3840.406 
16.093 22.062 23.062 108.718 185.500 251.312 456.250 517.812 519.875 589.000 730.968 741.687 778.875 884.375 958.000 959.218 960.218 973.500 989.468 1022.500 1045.375 1066.062 1138.937 1365.593 1541.156 1609.562 2351.375 2354.968 2481.281 2503.156 2505.062 3464.656 3467.093 3770.812 
16.281 18.812 19.406 19.906 23.437 42.625 85.312 110.031 115.437 120.718 214.468 249.781 253.562 255.625 259.562 260.593 273.000 357.093 447.375 516.906 527.281 574.718 584.812 641.125 647.562 743.656 817.531 988.812 1133.687 1148.593 1149.125 1160.125 1376.031 1376.843 1475.906 1604.656 1834.625 2808.000 3229.031 3341.000 3343.343 
110.000 110.312 115.031 120.093 123.312 258.187 259.000 399.875 518.187 522.187 535.781 542.281 587.843 706.125 731.687 810.437 863.625 961.000 984.000 1071.125 1088.125 1148.500 1160.781 1213.781 1215.187 1219.437 1375.500 1478.500 1496.343 1548.312 1605.062 1978.750 2271.156 2472.718 2626.781 3531.875 3655.812 3939.031 
18.875 22.000 22.281 22.843 34.531 35.750 43.468 104.125 111.000 210.593 259.156 305.812 536.437 647.656 742.937 970.218 1019.781 1070.406 1091.531 1283.843 1284.937 1293.750 1369.062 1494.406 1606.125 2415.843 2476.781 2771.937 2772.437 2775.343 2776.437 
18.687 19.250 19.843 21.781 23.187 27.437 32.562 108.437 110.187 114.937 182.812 272.843 312.312 402.187 403.125 518.406 523.281 525.406 526.906 568.937 590.000 618.281 744.625 1016.625 1017.937 1029.437 1045.562 1375.625 1384.718 1496.687 1500.843 1503.093 1604.875 2273.937 2741.843 2947.718 3118.218 3608.156 3966.000 
