24.343 64.531 122.062 165.093 229.812 293.625 332.531 345.718 365.593 455.187 492.062 568.468 610.843 647.687 649.687 664.625 682.937 765.187 803.718 874.937 890.093 907.375 908.125 1035.062 1156.437 1180.031 1238.250 1280.531 1353.656 1360.656 1393.000 1431.812 1462.000 1476.906 1519.718 1524.000 1638.906 1727.781 1740.281 1754.625 1787.906 1821.125 1836.093 1841.093 1931.500 1946.093 2035.156 2043.343 2123.531 2131.218 2211.093 2276.093 2736.906 2747.000 2800.906 
76.093 79.437 307.843 327.375 350.906 383.031 491.500 505.093 610.000 677.000 751.968 812.000 893.781 905.718 914.218 993.375 1056.656 1231.562 1258.187 1278.656 1338.375 1366.593 1371.687 1377.593 1397.687 1399.593 1402.406 1459.406 1482.156 1506.125 1514.312 1543.656 1582.187 1613.656 1669.406 1739.343 1746.500 1753.468 1819.031 1835.250 1850.125 1944.843 2023.562 2038.093 2039.406 2064.718 2071.031 2196.625 2955.531 3292.031 3893.875 
44.031 80.937 170.031 283.468 307.625 380.562 384.156 393.406 401.187 412.906 492.281 505.031 589.781 600.281 604.187 610.625 701.156 704.687 715.718 734.343 759.375 769.593 791.875 801.375 890.531 902.218 911.468 920.968 943.812 971.718 983.531 1034.437 1045.125 1103.843 1140.031 1151.687 1249.031 1280.312 1286.781 1292.625 1357.343 1372.343 1379.718 1391.250 1401.718 1404.812 1421.343 1427.562 1438.281 1523.406 1583.812 1735.718 1742.062 1746.781 1753.343 1786.093 1820.437 1833.125 1847.781 1856.750 1907.468 1941.750 2037.093 2044.156 2077.687 2127.000 2175.031 2178.000 2192.531 2278.562 2280.937 3157.718 3163.781 3175.156 3223.625 3499.250 3591.375 
58.375 75.781 161.843 168.687 306.843 327.593 334.281 346.937 377.062 381.500 401.406 455.156 502.031 571.906 604.000 611.906 647.156 683.406 695.531 703.625 743.625 785.562 805.468 923.187 943.468 1009.187 1287.562 1294.000 1377.218 1471.843 1756.093 1762.281 1772.812 1778.406 1815.687 1846.312 1943.406 1971.593 2018.562 2079.437 2094.156 2139.593 2296.218 3234.687 
43.437 76.968 135.062 157.500 165.437 224.312 243.656 309.000 331.843 344.125 367.187 403.250 413.625 490.750 492.593 590.531 599.062 609.968 678.906 696.656 702.500 786.062 788.031 805.125 809.437 907.562 915.031 926.156 957.875 980.093 992.875 1030.437 1044.281 1106.187 1131.031 1257.531 1277.343 1281.312 1297.812 1299.875 1366.250 1383.781 1430.593 1475.156 1729.375 1808.968 1820.656 1859.187 1910.562 1939.656 1958.937 2015.906 2022.437 2037.812 2045.406 2075.437 2081.500 2093.312 2128.156 2132.343 2181.781 2242.625 2278.687 2298.375 2832.062 3146.000 3399.531 3449.343 3497.437 3544.562 3579.437 3580.937 3583.562 3693.187 3722.906 
43.031 54.687 75.593 170.312 219.343 240.906 337.687 345.593 499.437 510.875 604.375 683.906 686.093 697.812 795.375 884.343 904.031 912.906 918.968 920.718 922.937 935.437 944.750 990.750 1003.531 1102.031 1132.625 1136.906 1153.750 1234.468 1282.218 1291.125 1295.625 1348.125 1364.843 1378.718 1386.625 1396.656 1432.937 1449.687 1464.062 1473.531 1511.687 1518.625 1523.562 1588.687 1615.718 1621.031 1639.562 1686.281 1746.906 1752.531 1794.000 1812.593 1817.500 1844.812 1916.187 1920.531 1939.562 2025.125 2039.250 2042.031 2083.406 2089.937 2190.093 2298.437 2342.343 2412.500 2448.750 2461.250 2504.781 3150.000 3154.031 3179.625 3184.406 3197.187 3224.656 3228.187 3777.687 
45.593 61.531 71.250 83.875 143.500 165.375 169.781 217.187 248.343 303.343 314.718 341.687 378.843 411.937 496.375 508.218 574.906 606.843 614.125 644.250 677.343 680.937 706.593 733.906 796.062 805.031 811.843 825.968 887.062 910.906 946.750 981.062 1028.500 1103.656 1139.156 1153.656 1288.031 1300.750 1316.562 1361.312 1382.218 1387.062 1389.531 1393.312 1431.218 1463.250 1476.687 1615.718 1618.625 1641.312 1710.312 1739.718 1750.343 1815.187 1841.531 1854.312 1876.968 1941.812 1981.062 2013.218 2025.093 2047.031 2073.343 2120.562 2134.031 2275.718 2294.718 2325.562 2775.875 2874.875 3888.125 
28.593 30.937 33.437 34.062 45.000 75.937 80.093 136.281 143.468 148.843 167.312 170.781 295.718 308.343 328.062 340.281 342.718 350.500 369.906 388.781 485.406 504.656 516.843 603.062 607.625 618.468 656.093 676.406 683.750 701.031 708.500 783.593 809.406 833.718 835.906 886.093 901.250 908.937 985.625 998.312 1009.281 1051.375 1093.093 1142.906 1149.875 1159.593 1229.156 1279.968 1292.437 1307.250 1363.937 1398.968 1436.031 1450.375 1461.687 1472.312 1586.968 1631.062 1632.562 1633.781 1638.531 1734.156 1736.000 1746.375 1777.250 1824.968 1848.093 1921.562 1934.093 2041.562 2098.781 2112.031 2173.687 2304.093 2344.937 2793.656 2894.593 3079.593 3366.906 3516.406 3561.000 3569.406 3882.156 
79.312 136.593 172.312 346.875 446.031 493.187 504.218 613.156 703.000 768.593 811.593 870.531 892.968 922.437 991.843 1021.375 1041.312 1139.187 1141.500 1289.375 1294.062 1307.281 1332.218 1343.656 1370.750 1389.187 1392.312 1425.062 1488.343 1517.875 1530.375 1572.843 1734.656 1748.812 1817.312 1819.843 1821.750 1854.812 1857.281 1859.718 1893.437 1915.312 1926.031 1927.968 2023.218 2048.250 2066.718 2131.750 2174.562 2185.125 2293.187 2303.343 2371.562 3038.562 3757.000 3759.875 
23.343 45.968 67.406 75.750 132.500 158.093 164.937 291.312 340.875 352.281 372.781 387.312 388.250 395.343 496.625 501.000 587.500 590.968 649.687 663.812 688.562 702.062 707.500 748.812 770.437 788.906 807.625 811.406 874.437 887.656 910.250 973.281 1039.500 1154.750 1234.031 1281.906 1284.468 1298.343 1327.312 1358.593 1362.937 1400.562 1433.625 1461.843 1466.218 1522.812 1634.375 1708.812 1735.375 1747.406 1750.937 1815.937 1836.781 1841.437 1891.437 1922.968 2017.468 2021.343 2026.312 2075.218 2089.562 2095.531 2131.437 2175.093 2180.312 2278.218 2296.750 2881.968 2884.687 2941.187 3654.156 3697.468 3908.625 
