-1922.563 -1176.313 345.312 361.812 501.593 519.062 519.406 532.718 540.625 576.843 588.000 693.000 698.343 702.718 761.062 777.062 948.812 964.968 1200.531 1257.500 1473.468 1590.781 1627.218 1669.343 1745.125 1758.156 1801.156 1802.500 1896.218 1993.312 2000.781 2008.093 2043.468 2044.937 2058.093 2187.531 2300.843 2308.875 2342.250 2362.343 2378.375 2489.187 2491.187 2502.968 2603.375 2794.812 3656.093 
-1002.469 187.156 202.250 203.687 269.718 434.906 450.343 462.781 486.218 492.468 527.343 538.625 545.468 568.812 571.437 681.687 775.468 794.218 818.218 903.031 926.187 930.093 968.437 1174.875 1245.187 1353.406 1618.437 1648.406 1662.875 1692.500 1822.343 1826.125 1872.906 2069.562 2074.062 2352.687 2368.156 2402.843 2421.250 2828.218 2874.687 2881.406 3108.656 
-184.282 75.656 92.812 221.250 241.000 277.625 536.281 553.000 564.156 565.375 714.468 719.125 790.906 874.218 944.687 980.437 1193.625 1218.750 1222.437 1250.250 1275.406 1369.687 1655.562 1661.687 1671.500 1682.812 1847.281 1852.312 1985.156 2008.437 2042.687 2073.187 2344.093 2714.406 3146.781 
82.468 92.187 261.437 342.343 428.562 532.000 535.500 548.937 555.937 572.062 593.593 603.000 759.562 774.812 794.750 817.625 861.000 865.812 906.000 977.343 1108.187 1189.718 1240.000 1256.468 1269.562 1351.250 1599.968 1636.125 1657.531 1689.437 1803.468 1848.343 1860.718 1879.937 2127.218 2299.437 2445.968 2535.250 3499.468 3524.468 3550.000 3742.406 3787.000 3917.375 3977.500 
-502.594 154.781 240.968 372.031 529.062 537.812 583.125 584.406 594.312 785.625 818.343 867.093 894.062 909.093 948.125 955.125 970.718 1089.750 1189.156 1227.562 1259.343 1341.562 1406.406 1514.937 1631.656 1656.562 1665.312 1682.437 1692.375 1714.812 1805.187 1867.312 1892.500 2277.125 2348.906 2493.437 3277.750 3777.031 
-1974.344 -1222.813 76.906 88.250 240.281 400.000 418.062 484.625 532.375 561.406 563.500 684.625 693.843 703.593 723.875 728.125 773.656 815.468 850.906 918.125 939.125 990.906 1163.968 1539.500 1562.468 1589.718 1605.562 1621.656 1640.531 1649.406 1651.875 1657.875 1682.125 1773.937 1819.718 1859.562 1860.687 1870.156 2027.750 2029.125 2177.031 2306.343 2372.750 3287.500 
-1700.469 -1006.875 -990.782 -971.219 81.687 239.062 295.531 337.593 550.062 570.562 587.093 694.812 778.000 783.812 794.000 820.625 830.687 852.093 858.406 936.750 955.937 1144.406 1224.781 1255.125 1255.437 1314.593 1320.156 1444.593 1609.062 1614.468 1616.468 1626.468 1635.062 1643.468 1841.406 1862.343 2288.375 2576.250 3268.093 3452.437 
78.000 129.843 223.781 270.000 536.187 542.843 549.531 575.937 699.562 934.406 975.187 1259.031 1264.406 1416.593 1543.281 1628.343 1670.750 1744.125 1830.375 1866.031 2029.531 2344.468 2370.187 2515.593 3253.093 3326.468 
-547.438 -372.500 90.250 95.343 485.343 548.812 572.906 592.343 601.000 759.812 793.343 864.656 923.093 924.718 956.812 980.687 1010.468 1068.718 1176.343 1268.906 1387.875 1616.937 1657.750 1691.125 1842.500 1871.843 2048.875 2053.750 2063.718 2166.062 2176.812 3598.156 3616.375 
-246.000 296.218 357.843 487.218 543.625 553.281 732.156 792.625 801.187 820.937 923.437 945.531 1194.125 1341.125 1381.593 1596.968 1606.468 1618.562 1629.437 1634.187 1660.187 1667.875 1767.937 1874.781 2021.093 2063.437 2363.093 2444.906 2675.781 2688.781 2703.687 2819.812 3706.781 3727.875 3751.468 3788.062 3866.218 
-791.907 -781.157 -770.469 -729.344 -682.407 90.781 257.968 282.875 419.843 585.062 597.312 611.750 623.687 663.937 732.625 744.375 763.843 898.000 934.843 993.843 1186.062 1200.343 1273.812 1281.500 1407.718 1511.062 1611.218 1631.593 1636.562 1640.968 1661.312 1669.843 1673.593 2003.406 2011.062 2018.875 2047.812 2062.718 2133.906 2144.656 2157.343 2159.625 2334.687 2368.875 3522.312 
96.812 180.781 204.343 336.812 502.906 586.875 593.062 632.125 693.718 817.812 870.218 925.593 942.937 945.437 946.656 1085.000 1164.156 1353.750 1564.593 1662.500 1737.500 1957.406 2057.593 2112.343 2124.312 2148.656 2175.406 2195.843 2312.593 2332.718 2345.250 
31.500 230.312 324.156 533.031 541.718 543.375 553.062 573.187 691.156 731.843 805.656 915.281 928.656 969.812 1150.468 1223.468 1334.625 1633.406 1669.875 1876.843 2022.718 2278.218 2338.062 2505.750 2568.156 2741.656 
-1449.219 164.937 453.343 531.218 537.718 558.718 586.468 587.156 593.468 681.687 714.437 762.875 787.781 818.093 962.312 1055.781 1166.218 1266.468 1455.187 1633.812 1648.250 1850.312 1966.562 1978.093 1997.968 2020.375 2041.000 2271.000 2310.125 2476.093 3132.281 3157.093 3216.593 3228.718 
