46.750 261.500 331.343 429.906 518.125 586.406 689.468 771.187 785.062 989.843 1010.343 1183.750 1381.593 1383.156 1468.187 1568.500 1626.375 1645.250 1672.031 
424.875 521.750 778.468 986.875 987.687 1306.906 1628.468 1640.750 
29.812 31.062 48.062 63.593 648.781 873.968 1207.750 1308.656 1467.968 1626.875 1630.281 1641.687 1963.437 
179.375 235.562 237.562 238.718 260.625 426.843 432.687 566.437 743.125 834.312 1534.531 1714.000 1798.718 1801.656 1986.937 
30.937 31.312 32.750 62.656 141.125 336.812 441.968 646.343 1810.093 
28.687 29.656 30.343 34.312 141.156 446.031 651.250 685.843 988.187 1467.656 1627.093 1627.906 
28.718 29.468 427.093 445.781 522.593 696.812 989.500 999.437 1084.562 1180.781 1484.156 1626.937 1631.531 1678.250 1963.906 
-271.563 -117.157 29.406 30.343 31.781 53.281 141.125 329.343 428.218 741.812 871.937 990.531 1012.125 1706.250 1809.625 
29.437 29.968 31.281 35.625 137.968 139.437 144.562 339.531 1379.125 1461.125 1463.500 1529.468 1624.500 1628.781 1985.625 3260.218 
30.031 31.093 140.468 237.312 331.250 332.375 361.312 425.062 515.468 689.875 781.781 834.250 988.375 1307.062 1437.562 1482.125 1626.187 1628.562 1656.906 1718.562 1970.281 
