55.781 161.906 163.093 640.125 676.625 821.218 1200.031 1340.187 1758.687 
59.281 179.875 511.250 543.687 1196.500 1380.312 1756.843 2139.843 
57.843 281.593 423.625 640.531 641.468 648.406 1070.125 1190.093 1190.843 1201.500 
680.187 1072.062 1195.843 1613.531 1759.625 1760.093 
162.406 316.312 423.750 518.718 537.875 640.125 642.375 985.187 1074.406 1200.843 1756.750 
48.843 510.781 604.093 639.406 640.437 1089.437 1200.625 1201.625 1329.875 
41.125 638.968 822.687 964.500 1200.656 1201.343 1201.906 2422.156 2573.406 
85.812 180.343 279.812 501.968 510.375 640.812 646.875 699.968 993.375 996.218 1198.500 1201.437 1340.000 1383.125 1757.968 1938.156 2104.656 
41.281 43.062 307.500 417.562 510.906 512.625 520.312 823.562 1224.218 1286.718 1757.781 1867.750 1935.656 
509.875 510.750 520.343 641.218 1069.687 1071.687 1202.625 1286.937 1760.281 1882.031 3964.500 
