16.125 19.750 100.843 105.218 109.750 206.312 272.187 350.187 439.312 585.718 637.406 648.218 650.468 675.781 677.031 765.656 792.812 794.812 802.531 966.062 971.812 998.562 1279.281 1285.531 1345.531 1400.156 1473.000 1477.968 1496.562 1505.000 1552.437 1560.937 1602.718 
18.937 22.875 34.562 104.312 107.562 135.968 139.437 184.562 256.000 288.625 761.718 764.937 791.500 793.593 847.343 943.625 1090.312 1178.937 1186.968 1297.437 1324.406 1341.937 1410.875 1581.031 1966.562 2937.875 
15.250 19.281 108.218 137.343 144.218 351.437 648.531 764.125 893.000 923.031 1056.156 1087.750 1179.031 1219.343 1296.937 1365.187 1391.968 1409.437 1473.687 1475.500 1495.750 1601.656 1661.312 1846.531 1854.250 3251.000 
-1970.782 14.687 31.906 34.968 39.281 49.187 218.468 267.687 272.843 299.656 571.218 727.937 737.468 738.375 767.875 804.687 846.937 921.000 943.156 1021.906 1024.875 1112.093 1179.468 1182.906 1225.375 1321.750 1345.125 1346.531 1399.218 1475.718 1485.250 1602.625 1667.250 1871.000 
19.062 36.093 45.593 69.125 90.625 107.406 152.875 204.875 266.343 270.031 378.406 558.093 561.062 638.656 741.250 763.468 851.906 923.062 944.312 974.406 1000.406 1090.250 1113.125 1124.093 1225.562 1302.843 1341.718 1364.468 1365.125 1374.093 1435.093 1474.906 1582.093 1602.312 1654.656 1674.250 1914.312 1969.437 
19.656 29.593 104.218 125.718 139.937 205.750 207.812 222.656 321.687 377.000 438.843 765.500 920.937 1148.281 1179.250 1255.500 1295.468 1424.843 1579.343 1601.187 1601.781 1976.437 1978.593 
34.468 39.406 157.843 224.375 267.218 271.218 451.281 674.093 734.687 764.531 974.781 1179.625 1181.968 1318.875 1363.968 1365.562 1534.593 1581.187 1600.812 1833.000 1837.343 1964.281 
13.125 107.656 139.406 168.312 226.187 353.968 444.375 560.375 659.093 677.687 724.000 795.968 847.250 892.250 922.281 1297.531 1497.343 1583.000 1612.625 1652.281 1652.843 1745.406 1894.250 3776.093 
34.437 146.718 223.531 253.125 273.781 424.125 440.125 461.093 563.156 676.843 727.375 765.312 850.875 921.437 953.843 1000.031 1146.906 1182.812 1227.843 1366.218 1583.187 1965.125 
48.187 92.375 102.906 105.718 142.875 205.000 207.343 266.312 376.500 559.500 561.875 571.125 765.656 768.500 823.812 850.250 894.250 894.687 919.312 920.875 973.593 1024.093 1112.531 1123.031 1323.750 1365.218 1366.093 1480.531 1963.312 1965.250 3688.250 
