-1504.625 -1441.500 -1435.219 -1243.250 -1087.563 -984.750 -975.188 -536.938 19.125 63.843 64.812 67.656 96.750 97.562 103.843 203.718 255.468 268.312 282.000 311.250 437.000 443.187 468.093 511.937 618.593 720.000 720.843 1073.281 1446.750 1448.437 1535.312 1545.875 1587.187 1596.281 1609.156 1623.718 1626.187 1643.343 1851.593 2042.875 2150.375 2489.687 3105.125 3196.906 3220.843 3285.718 3329.437 3409.250 3942.062 
-1884.657 -1876.875 -1838.219 -1335.188 -1334.469 -811.438 -649.063 -560.938 -217.188 -133.125 -111.407 -109.094 -102.438 -72.688 -35.782 38.593 62.625 67.187 83.593 201.031 257.000 666.812 696.781 701.312 734.437 770.906 839.375 855.375 1011.593 1017.781 1027.281 1041.250 1224.187 1260.437 1460.531 1596.968 1623.406 1625.968 1637.062 1679.031 1692.906 1751.968 1807.468 1844.750 2561.125 2581.781 2851.093 2851.750 2865.468 2922.593 3285.968 3632.843 3696.312 3784.656 
-1926.938 -1861.813 -1821.875 -1226.625 -1223.500 -1223.094 -1221.282 -1216.688 -836.032 -775.782 -772.969 -767.407 -730.125 39.687 58.531 63.406 90.468 95.625 119.187 124.625 231.812 233.781 612.031 614.250 621.750 628.687 640.812 641.500 642.187 653.218 1028.656 1052.843 1093.500 1130.562 1226.812 1252.843 1422.812 1425.187 1460.000 1463.125 1584.093 1663.187 1670.937 1675.468 1713.843 2223.093 2259.375 2696.718 2728.687 2746.968 3543.125 3552.437 3559.343 3602.125 3620.718 3636.812 3637.656 3796.687 3832.281 
-1836.188 -1831.313 -1781.782 -1762.282 -1759.719 -1570.282 -1388.157 -551.657 -545.532 -518.469 -507.407 -474.250 -414.375 -118.657 27.156 43.593 55.593 66.218 103.125 126.375 137.656 159.562 432.906 437.625 442.062 443.406 453.593 463.937 620.500 727.968 742.281 843.156 925.750 971.156 1020.750 1278.812 1470.875 1792.250 1805.656 1861.406 2494.062 2640.375 2652.031 2655.625 2656.343 2659.781 2838.781 2848.250 2890.906 3100.500 3141.312 3167.125 3526.500 3656.375 3830.437 3832.281 3865.562 3874.875 3946.687 3956.250 
-1925.938 -1899.844 -999.282 -962.500 -914.875 -852.313 -825.000 -799.969 -764.094 -748.282 -744.875 -469.844 -468.250 -466.782 -465.063 -464.157 -463.157 65.906 69.875 125.281 187.343 214.750 225.781 268.937 315.468 317.812 330.812 438.031 453.500 455.593 456.187 487.281 610.375 697.562 760.312 799.000 810.562 849.625 884.218 886.750 1017.406 1025.156 1036.343 1475.312 1501.656 1515.750 1529.375 1691.625 1693.718 1815.593 1877.156 2854.718 2860.093 2953.750 3367.281 3367.625 3377.406 3809.437 3810.875 3819.937 
-1859.782 -1803.219 -1792.969 -1775.000 -1745.407 -1741.844 -1397.875 -1074.438 -1038.157 -1012.907 -606.594 -495.344 38.562 49.031 53.781 66.750 95.625 224.718 268.906 271.062 356.562 512.281 554.375 554.937 565.562 725.718 729.250 739.406 758.250 781.843 1022.406 1129.562 1207.468 1282.218 1284.250 1294.156 1337.312 1355.000 1381.562 1387.656 1409.406 1413.625 1449.093 1454.468 1541.562 1644.531 1866.187 2300.218 2331.968 2836.656 3033.875 3721.468 3722.375 3815.187 3846.906 3911.406 3939.375 3973.687 3988.531 
-1643.188 -1585.500 -1383.500 -1018.032 -773.125 -767.938 -764.469 -763.500 -651.719 1.656 38.375 99.000 137.218 198.687 224.250 225.281 257.875 269.187 274.343 291.343 311.562 485.125 490.531 541.000 671.062 723.031 759.625 778.906 828.000 1027.562 1190.468 1201.000 1223.625 1251.500 1256.750 1460.468 1461.406 1519.906 1615.781 1626.781 1628.625 1638.187 1642.906 1669.468 1711.625 1744.906 1864.156 2368.406 2435.406 3140.875 3154.531 3157.093 3184.968 3317.781 3339.187 3662.000 3669.562 
-1910.594 -1902.844 -1880.532 -1837.938 -1796.938 -1532.157 -1523.500 -1520.532 -1516.125 -1506.594 -1497.407 -1491.250 -1488.657 -1134.969 -756.219 -690.313 -652.750 -311.563 -262.000 -244.907 39.593 46.718 58.656 73.500 79.781 141.125 145.218 201.812 229.718 280.656 519.125 524.156 537.187 617.687 671.968 728.656 750.937 814.531 820.468 886.312 956.843 1005.687 1016.468 1433.156 1469.968 1489.968 1491.375 1834.593 1840.593 1941.031 1954.875 1957.125 1977.187 1990.437 2674.281 2731.906 2897.218 2918.468 3209.531 3213.562 3336.062 3957.093 3960.937 3978.375 3996.312 
-1906.438 -1495.375 -1469.344 -1444.094 -1380.125 -1262.032 -935.375 -924.688 -915.813 -887.000 -851.500 -632.157 67.281 81.843 82.125 119.531 121.531 145.437 147.687 197.906 231.500 272.843 273.156 435.156 456.812 460.937 513.656 618.906 656.937 844.343 881.875 885.437 904.468 968.562 1055.000 1099.718 1105.562 1263.093 1291.437 1297.468 1375.875 1465.281 1751.968 1804.031 1912.843 1973.093 2477.062 2544.875 2553.531 2571.406 2711.781 2919.812 3302.687 3400.250 3581.937 3639.687 3643.031 3652.750 3698.000 
-1996.500 -1637.282 -1632.188 -1583.219 -1533.063 -1518.875 -1514.719 -1094.344 -1077.032 -1064.938 -1053.032 -1050.157 -1014.000 -890.032 -551.907 -529.532 -404.219 -140.688 -130.813 -126.907 39.437 46.531 52.312 56.593 64.781 147.843 227.312 264.718 733.281 735.375 867.812 1003.125 1027.593 1061.562 1066.812 1068.500 1247.156 1489.562 1548.437 1579.312 1634.781 1636.343 1647.687 1679.000 1751.187 1806.218 1832.281 1841.375 1845.718 1873.718 1882.656 1922.843 1927.187 1930.343 3262.875 3264.500 3290.781 3314.218 3327.375 3500.937 3505.500 3516.375 3628.781 3705.500 3715.031 3737.937 3835.281 
