35.468 44.843 49.125 90.156 97.937 103.750 244.718 271.343 305.468 724.312 744.750 754.906 1068.625 1568.843 1576.406 1582.468 1808.156 1825.718 1920.343 1935.281 1949.031 2668.437 3206.656 3901.468 3910.593 
47.281 48.562 98.281 207.750 381.312 743.187 791.562 890.812 1532.156 1922.218 2009.968 
47.750 654.281 2889.437 
754.156 1795.093 1843.843 2854.468 
692.281 944.625 1572.875 1649.750 
48.031 96.625 1230.812 1420.843 1572.906 1803.781 
226.625 1416.593 1569.593 1571.125 1575.375 1815.093 
44.843 50.625 88.312 741.156 1073.781 1573.187 1669.906 3878.968 
25.812 81.937 213.531 302.437 643.562 651.968 1801.000 3495.906 
93.843 213.281 642.281 645.593 1806.500 
