95.093 188.687 345.312 
110.250 408.250 708.562 1451.968 1624.906 
196.125 567.312 736.000 820.093 1300.687 
120.593 356.437 357.281 534.500 709.687 857.687 1097.000 1165.468 
192.500 391.437 409.656 708.437 737.843 1262.281 1301.250 1305.500 1490.437 1628.062 
30.437 128.031 184.406 354.281 357.687 407.187 581.781 701.406 848.312 853.062 858.906 1452.312 1454.375 1468.937 1491.812 1736.156 1749.656 
193.218 853.718 987.593 1382.718 1634.031 
65.375 183.437 201.218 363.093 371.531 384.218 423.968 426.156 565.281 701.031 743.406 744.031 857.937 1003.343 1477.437 1572.031 1737.187 2756.000 3360.687 3643.031 
189.562 328.125 329.781 358.718 537.406 564.468 569.718 708.031 716.781 1447.750 1483.656 1746.187 1747.812 
42.500 99.093 108.906 181.562 188.843 193.468 347.062 357.750 359.656 406.312 409.500 412.062 472.843 534.500 563.687 706.250 707.312 1328.781 1689.437 1715.718 1746.531 1781.156 1825.750 2874.250 
