28.687 57.375 84.406 433.687 701.968 714.906 852.812 965.000 1250.125 1390.312 1819.875 1828.781 3692.187 
122.250 155.468 206.437 436.687 706.687 1288.843 1604.437 1641.531 1925.437 1948.750 
716.406 1694.406 
62.562 213.125 383.843 699.937 701.343 708.843 964.531 992.687 1821.562 3827.843 
80.656 106.281 272.843 430.937 701.968 713.718 716.250 1642.156 1822.562 1921.687 
26.281 40.281 78.312 85.437 149.406 157.812 430.156 705.500 712.250 714.656 1209.843 1589.968 1599.656 1794.937 1802.125 1810.906 1819.937 1821.593 1875.343 1928.500 
76.843 83.968 127.937 205.406 208.906 283.937 427.000 429.437 434.062 688.687 705.562 719.000 724.906 1284.062 1647.218 1818.562 1945.750 3128.625 3130.218 3189.218 3194.937 3337.156 3339.750 
48.531 75.031 127.250 207.156 433.812 435.906 689.687 699.156 703.000 706.000 710.281 928.125 1223.937 1291.468 1393.593 1601.000 1605.093 1661.281 2524.750 
61.125 79.468 156.406 206.812 391.718 690.875 698.656 701.843 705.000 706.875 865.531 964.187 1641.156 1707.937 1820.125 1837.312 1874.687 1942.781 2479.562 2499.312 
56.218 108.750 157.593 205.718 371.250 387.937 438.875 440.875 474.906 694.250 701.875 711.312 716.718 750.437 856.843 865.687 1130.500 1237.656 1343.531 1612.093 1802.156 1817.093 1819.406 1830.093 1917.187 1941.031 3449.250 3495.781 
