21.812 26.500 60.437 76.843 100.812 164.375 216.218 260.187 283.531 321.125 379.843 423.156 468.218 500.406 568.843 604.750 638.406 791.750 1043.031 1102.218 1160.000 
25.687 51.875 71.062 87.593 150.875 167.781 237.531 282.125 468.156 531.718 580.937 632.000 1121.500 
41.343 72.312 104.000 152.437 178.843 247.468 285.968 318.000 435.093 490.843 570.687 632.656 
25.031 51.562 83.625 156.187 277.500 312.406 394.000 461.531 495.718 550.468 580.437 591.968 619.593 756.093 1172.031 
25.375 51.000 74.875 239.343 281.687 324.281 419.000 503.500 557.906 
23.781 44.531 68.281 107.062 204.031 259.968 280.531 314.312 555.843 1015.218 
27.093 61.875 80.625 165.468 187.281 263.531 298.312 322.343 386.031 535.875 591.468 641.125 812.031 
22.406 62.218 77.531 157.531 177.562 258.625 272.750 334.562 415.593 500.531 539.375 595.937 608.156 809.781 911.062 
43.750 84.500 190.625 256.062 422.843 492.593 607.218 
25.125 57.875 86.281 276.843 284.656 343.156 430.718 
