-1876.032 -1832.719 -1724.063 -1617.469 -1514.000 -1481.063 -1416.188 -1224.594 -1049.657 -937.657 -750.594 -397.469 -315.625 -137.500 -64.782 -41.688 13.656 18.656 35.718 39.687 58.281 61.812 64.187 72.875 113.250 140.625 171.281 180.406 183.062 209.531 235.687 250.968 256.875 261.625 316.218 346.437 374.750 384.156 395.000 511.343 523.750 572.062 580.781 677.125 794.375 882.218 913.968 929.687 937.968 953.718 969.437 987.125 1018.875 1049.531 1070.312 1103.906 1120.531 1130.187 1138.312 1164.125 1186.531 1197.343 1210.500 1275.125 1337.218 1373.937 1392.656 1417.156 1482.500 1513.093 1646.906 1810.875 1846.593 1885.875 1966.312 2131.000 2249.531 2332.250 2487.718 2573.093 2606.437 2633.406 2997.687 3062.562 3236.562 3306.562 3401.531 3415.875 3805.343 
-1722.938 -1561.125 -1352.313 -1182.750 -637.625 -606.407 -130.563 -7.094 21.156 36.937 44.500 58.500 84.187 100.343 144.656 172.875 196.250 203.281 230.531 239.500 241.250 254.906 292.062 317.875 334.750 344.062 439.375 459.968 503.218 585.156 651.093 691.781 709.156 715.562 728.781 732.562 827.906 841.031 846.718 891.187 938.906 953.375 969.625 987.625 1017.906 1061.468 1070.343 1131.625 1164.125 1185.937 1192.812 1292.843 1371.000 1439.375 1449.375 1462.843 1477.625 1532.718 1756.437 1889.250 1992.625 2130.156 2156.593 2197.281 2301.843 2503.812 2677.812 2812.593 2878.718 2945.562 3002.812 3268.718 3313.625 3357.000 3618.750 
-1961.344 -1536.782 -1417.844 -1215.125 -1175.625 -1051.625 -1039.782 -685.250 -596.563 -305.094 -166.313 -20.532 50.562 75.375 116.718 180.125 207.812 226.343 294.906 329.531 361.125 439.906 570.937 577.187 620.562 681.656 942.000 976.875 1003.531 1061.312 1213.937 1686.781 2199.437 2228.562 2675.906 2989.625 3041.593 3087.812 
-1858.438 -1759.063 -1716.875 -996.438 -819.844 -712.157 -659.469 -99.063 31.500 50.750 72.156 76.906 118.500 147.437 172.312 180.187 254.062 285.718 315.781 352.875 406.812 480.281 496.718 499.937 516.031 534.093 573.812 577.843 614.468 685.468 691.437 777.625 797.812 1018.468 1062.656 1070.562 1166.406 1376.156 1390.656 1433.500 1448.000 2427.437 2492.812 2700.812 2970.531 3380.593 3778.375 3812.031 
-1809.063 -1318.563 -774.313 -484.063 63.781 80.406 165.437 348.093 354.406 715.500 747.218 1051.000 1130.000 1264.781 1301.250 1432.093 1458.531 1479.531 1503.812 1663.406 1941.000 3685.781 3808.437 
-1898.500 -1801.438 -1425.407 -1275.625 -675.063 -558.688 -492.094 -416.125 -294.125 -208.125 -182.438 -142.032 -11.219 13.218 104.906 125.062 193.093 209.031 249.093 346.906 366.281 409.187 490.750 548.937 692.093 727.312 938.062 957.937 1043.000 1061.281 1108.406 1149.000 1187.781 1200.968 1257.875 1286.718 1375.687 1402.156 1429.156 1440.125 1503.312 1545.500 2856.218 3019.500 
-1909.032 -1729.438 83.562 95.375 184.000 359.187 463.250 527.343 627.250 709.937 811.406 824.562 1057.562 1108.437 1145.968 1166.812 1241.218 1464.500 1626.531 2250.875 
50.406 254.593 440.375 511.406 518.031 909.250 1027.250 1213.468 1278.750 1349.500 1373.656 1437.343 1681.562 2763.968 3951.843 
691.656 727.312 953.281 1026.500 1063.406 1166.125 1431.562 3443.531 
-1593.125 -1300.375 -686.157 -661.719 -344.344 -30.344 31.468 61.375 63.562 254.500 294.875 454.031 530.468 538.312 597.343 729.062 796.062 855.625 880.187 880.625 969.312 976.187 987.843 1004.718 1153.812 1159.218 1166.406 1183.687 1231.437 1284.781 1321.843 1426.093 1434.812 1459.406 1763.781 1871.250 2652.125 2770.718 2834.906 3006.500 3804.718 
-1752.719 -1325.469 -1219.563 269.812 409.218 443.750 489.812 524.031 620.281 632.156 692.437 732.500 756.625 907.656 1132.406 1213.312 1323.593 1343.812 1515.187 
61.562 173.625 180.343 240.406 254.718 376.875 447.625 511.468 618.125 693.593 732.937 953.812 973.625 986.843 1064.375 1070.812 1349.375 1431.687 1458.156 2506.093 2847.500 3258.218 3630.687 
-1470.407 183.968 205.000 385.218 448.750 497.625 505.593 625.687 715.312 795.625 820.625 882.375 994.281 1014.281 1088.250 1368.875 1424.000 1456.000 1521.812 1555.062 
-1907.375 -1800.094 -31.532 73.062 92.562 98.375 205.281 398.656 402.218 427.968 795.750 810.218 1053.156 1063.093 1132.531 1146.531 1287.281 1354.875 1373.031 1426.125 1459.218 1517.343 1908.500 2316.156 2399.625 3400.125 3539.343 
