-1965.032 -1895.500 -1796.625 -1745.782 -1711.750 -1639.532 -1529.844 -1415.063 -1396.813 -1355.782 -1079.719 -1002.500 -960.094 -710.750 -531.313 -440.750 -299.219 -188.500 -145.375 -119.032 -109.782 -47.563 0.187 22.406 25.468 42.000 62.812 70.531 92.312 102.187 115.781 139.875 148.562 155.187 167.343 192.437 195.437 208.187 221.031 223.593 246.625 251.062 285.281 290.406 302.937 308.562 311.812 321.031 337.750 355.281 366.781 383.468 398.750 416.406 419.218 440.093 458.531 461.843 477.500 494.062 507.031 509.406 537.125 545.000 554.875 583.312 601.343 605.812 634.843 643.781 659.218 671.656 691.312 694.937 715.312 734.250 744.281 751.218 768.406 770.750 826.781 834.468 839.843 858.156 866.812 882.500 885.906 952.500 976.812 992.406 995.062 1041.156 1053.937 1078.593 1115.187 1121.531 1134.968 1139.250 1162.343 1192.281 1215.843 1257.968 1275.937 1301.750 1322.281 1334.437 1350.968 1354.156 1359.531 1392.375 1409.562 1415.937 1487.468 1490.781 1502.093 1540.968 1549.875 1554.531 1571.437 1579.218 1613.687 1622.531 1711.968 1750.500 2235.593 2299.312 2392.468 2511.875 2717.750 2729.187 2849.312 2927.750 3130.718 3166.406 3293.843 3594.031 3686.031 
-1460.125 -1186.875 -1020.375 -915.000 -686.219 -357.344 -315.688 19.562 29.062 44.750 49.000 91.687 118.250 135.000 166.593 187.218 226.000 301.906 357.281 360.062 403.343 432.781 466.656 515.250 523.687 538.500 603.218 610.031 647.062 697.375 729.718 790.625 799.218 806.593 822.468 835.593 890.000 920.312 956.937 962.937 1022.093 1061.968 1073.375 1141.500 1150.843 1173.906 1196.281 1257.250 1321.718 1361.437 1436.000 1463.406 1486.812 1489.468 1506.500 1549.531 1606.125 1636.187 2490.093 2669.625 2684.562 2968.937 3315.375 3412.906 3472.625 3492.250 3525.125 3667.500 3721.656 
-1874.219 -1396.563 -1243.032 -1193.750 -973.532 -893.188 -664.969 -377.469 29.718 117.406 271.062 304.718 338.593 450.343 476.468 544.562 583.375 598.562 603.093 714.656 733.531 756.843 1042.906 1114.000 1199.500 1253.937 1361.968 1429.875 1435.906 1578.781 1605.937 1626.156 1656.093 1847.406 2081.843 
-1818.282 -1798.594 -1409.719 -814.719 -648.094 -602.969 -260.750 16.781 99.062 148.281 160.937 187.625 192.093 235.125 244.250 251.187 267.343 309.000 387.937 402.250 504.187 521.750 537.281 554.968 749.312 769.218 877.781 937.843 991.843 1077.781 1118.937 1175.625 1257.312 1456.062 1544.781 2335.812 2956.093 3651.593 
-1675.219 -1455.188 -1357.157 -882.657 -830.625 67.062 204.968 338.562 386.468 434.281 507.937 610.125 683.812 932.812 948.531 994.437 1094.156 1138.156 1276.656 1487.218 1523.125 1611.812 2668.375 3128.093 3278.125 3984.250 
-1475.000 204.562 221.406 246.218 254.812 359.312 368.093 404.656 735.687 954.687 1016.031 1245.968 1304.218 1578.781 3783.156 
-459.563 -401.469 -238.250 28.875 120.281 168.375 191.812 287.375 303.875 458.718 461.437 583.375 656.312 679.000 768.500 770.781 920.718 1065.968 1183.156 1190.812 1257.625 1299.343 1361.468 1375.468 1451.125 1480.218 1608.406 1630.968 3629.031 
-556.407 -253.219 250.687 346.968 388.375 512.968 536.156 630.062 637.000 750.968 770.156 959.125 1540.656 1608.625 1654.187 2475.531 2937.906 3401.937 
597.906 918.687 1122.812 1239.406 1550.031 1581.375 
28.937 172.156 187.343 236.000 250.656 508.000 545.812 607.718 660.250 729.437 820.625 963.906 1039.468 1212.125 1295.656 1570.375 1669.843 
-1523.344 -1014.938 -398.250 -324.563 251.250 293.718 402.843 504.312 594.343 715.093 952.875 963.812 965.687 1019.937 1049.187 1059.218 1271.750 1273.593 1361.687 1414.875 1458.437 1463.718 1551.187 1655.562 1865.750 1996.250 2632.812 3074.843 
-1178.188 214.281 235.406 461.125 504.312 583.406 881.812 953.062 1032.031 1039.062 1102.031 1168.562 1277.093 1295.343 1407.312 1464.093 1506.031 1635.687 1691.906 1721.687 
-1032.125 24.968 145.812 250.250 262.031 351.093 461.718 615.000 630.093 826.250 1056.562 1114.531 1126.343 1133.000 1168.531 1194.593 1322.437 1446.093 1505.781 1578.656 1721.906 2322.656 
-996.063 195.437 206.500 308.125 368.125 434.031 770.718 832.437 867.437 909.375 935.312 943.968 972.781 1099.593 1136.625 1191.406 1254.437 1278.000 1491.781 1631.718 1910.687 2289.593 3984.906 
