-1951.188 -1193.469 -896.750 -617.907 -240.094 -206.844 -17.219 22.812 39.531 57.500 123.281 139.812 195.468 206.500 232.281 243.312 265.656 294.250 320.093 359.781 367.687 375.968 413.593 422.812 439.781 556.406 564.000 603.250 622.968 636.937 648.937 682.375 732.312 788.468 814.156 822.812 839.625 867.750 875.562 880.468 1000.906 1027.125 1115.125 1166.250 1170.562 1288.937 1379.468 1415.468 1506.750 1542.187 1622.906 1632.812 1706.250 1772.937 1809.843 1856.500 1937.406 1999.343 2073.562 2331.968 2832.500 2916.062 3270.500 3315.125 3332.593 3383.531 3910.687 
-1865.657 -1754.375 -1199.125 -1108.438 -375.344 13.062 117.281 149.937 248.687 257.750 266.812 329.250 358.531 366.812 418.781 436.500 441.375 460.093 471.875 478.343 563.062 574.250 600.375 679.562 723.125 788.250 817.468 940.937 1011.218 1044.375 1240.531 1333.406 1354.468 1401.812 1511.781 1557.156 1739.968 1966.125 2183.281 2233.593 2237.281 2241.312 2598.187 2957.000 3066.656 3249.031 3260.656 3383.500 3530.031 3743.750 3758.031 3849.625 
-1836.032 -996.344 -973.125 -525.688 -459.625 -21.250 37.812 96.031 112.500 113.218 162.750 262.625 293.812 390.687 403.656 636.656 819.562 896.218 900.437 928.906 957.031 1036.750 1069.718 1083.437 1238.843 1336.437 1395.812 1495.531 1561.125 1666.656 1697.281 1753.062 1757.625 1813.812 1829.218 1878.812 1953.000 1962.968 1995.031 1995.843 2323.031 2452.843 2635.593 2652.875 2779.812 2928.156 2995.593 3203.250 3406.125 
-1976.375 -1419.407 -980.375 -589.250 -113.344 19.437 61.156 154.750 193.937 223.187 443.718 501.406 598.250 619.312 703.187 769.468 810.156 836.875 1010.406 1190.812 1345.187 1410.406 1452.375 1703.468 1786.937 2043.875 
-1756.594 -1464.032 -310.750 -277.688 -147.844 24.750 34.968 62.718 195.656 389.031 413.187 415.031 451.281 489.531 518.625 522.875 552.562 560.562 748.687 768.625 961.312 1012.187 1122.812 1128.312 1152.718 1310.937 1352.062 1488.875 1563.843 1628.187 1652.593 1735.187 1872.562 2128.312 2752.031 2811.250 2923.531 3044.781 3244.031 
-1383.969 17.687 59.093 91.468 215.156 252.593 496.343 509.406 543.593 759.125 825.312 852.500 886.500 995.093 1361.125 1441.843 1492.531 1513.062 1621.500 1624.468 1661.531 1752.281 1884.687 1958.531 2873.375 3025.156 
-1866.094 -1687.125 -1670.375 -849.000 -241.938 32.375 213.531 352.812 356.468 441.593 491.812 548.843 575.500 641.218 682.375 791.906 899.593 941.156 1007.781 1248.000 1492.281 1634.156 1641.843 1886.250 2311.156 2979.062 3308.125 3418.875 
-483.782 -316.688 -283.938 166.156 273.968 290.593 399.812 457.593 583.125 671.062 740.406 799.718 840.625 1116.500 1307.781 1383.218 1636.031 1774.125 1804.468 1883.500 1890.343 2073.812 3240.687 3572.781 
-485.219 -346.500 81.625 131.375 539.687 789.062 1017.968 1148.343 1172.562 1285.187 1492.593 1632.687 2633.968 2755.656 
-374.375 106.781 181.312 247.718 1014.281 1097.812 1284.437 1328.343 1456.875 1708.218 1858.687 2624.343 2917.875 
