59.031 156.906 160.156 268.843 275.656 390.312 449.437 495.718 500.875 513.656 658.250 682.312 716.656 760.250 982.250 1207.718 1218.281 1362.718 1370.937 1428.000 2257.593 
40.406 113.656 175.437 184.343 275.531 405.812 527.000 658.781 684.437 1029.781 1102.187 1115.781 1199.500 1215.593 1303.093 1364.031 1376.343 1434.250 2023.843 2958.218 3006.875 
158.062 162.718 389.187 393.718 496.531 503.843 516.125 596.281 612.093 1213.000 1385.218 3756.687 3827.656 
54.875 157.562 162.531 163.062 210.812 447.843 1194.656 1381.375 
40.406 658.093 1100.062 1195.656 1213.062 1459.375 
157.625 497.000 2708.718 3626.531 
497.218 
657.500 2398.968 3279.656 
40.312 273.406 495.562 658.125 2283.843 3195.687 
40.031 156.500 160.375 1078.000 1195.593 1404.843 3030.000 
