38.562 70.531 163.500 204.531 310.375 338.343 372.718 384.812 434.656 559.781 682.531 700.000 903.562 1071.406 1200.062 1259.156 1265.156 1326.187 1496.125 1528.093 1619.718 1704.031 1937.843 1968.937 1995.906 2516.562 2527.812 3228.812 3548.156 3550.812 3820.093 
28.093 253.593 273.312 371.562 380.281 429.562 445.562 635.312 667.375 680.156 690.812 696.250 758.187 850.656 907.093 990.062 1017.906 1058.250 1059.125 1115.281 1117.531 1155.781 1188.531 1198.593 1203.437 1216.937 1325.718 1344.906 1498.281 1698.250 1710.625 1953.656 1994.218 2057.906 2257.562 3574.562 3606.656 3653.500 3671.718 3939.968 
33.187 47.968 211.875 230.187 235.906 257.093 295.843 324.031 456.656 487.750 489.781 667.406 698.343 704.843 829.718 879.781 905.562 975.812 1102.687 1148.500 1160.125 1161.812 1210.875 1253.750 1306.718 1457.250 1500.937 1589.906 1668.312 1946.468 1948.093 2026.906 3007.937 
24.750 37.000 60.875 197.500 301.718 669.750 689.062 700.593 745.906 830.468 879.750 913.843 954.562 1001.312 1069.437 1101.250 1353.593 1435.250 1577.437 1584.187 1931.406 1947.843 2006.343 3191.531 3953.031 3956.156 
162.593 326.437 354.343 429.656 706.437 873.406 905.031 1326.531 1346.093 1380.218 1764.812 1978.562 2032.750 2119.031 2126.843 2131.375 2134.750 2987.562 3200.156 3208.500 3222.781 3225.843 
266.250 311.906 340.281 367.000 375.375 487.531 663.593 776.906 785.906 788.031 845.468 920.968 1197.875 1321.718 1440.375 1483.875 1583.000 1961.531 2053.250 2218.593 
31.343 55.250 92.437 386.968 680.406 810.468 826.531 1192.062 1347.875 1604.531 1797.062 1955.218 2043.062 2605.406 3545.531 3573.343 
262.468 302.062 393.156 446.750 581.062 762.062 1004.625 1066.781 1492.406 1596.593 1614.531 1625.718 1656.843 1780.406 1864.281 2121.687 3224.937 3488.875 
23.406 62.343 143.375 145.781 174.031 670.187 756.000 762.312 939.093 1027.500 1113.875 1235.156 1435.000 2660.968 2669.187 2809.531 3557.343 
30.125 157.531 168.000 186.625 274.156 363.781 368.062 388.812 430.031 663.781 988.781 1020.656 1022.343 1568.968 1967.218 2019.968 2063.375 2601.000 2783.406 3422.781 3560.843 3562.375 3570.312 3577.906 3679.843 
