-422.813 407.437 496.875 785.375 786.281 860.093 923.218 930.031 1029.500 1432.500 1590.343 
312.031 387.406 416.875 676.156 798.218 1589.593 
252.656 395.000 455.593 498.718 638.750 722.750 1039.312 1342.375 1583.625 1584.968 
147.500 181.375 496.062 539.406 1275.218 1604.000 
81.875 390.781 542.000 604.593 685.156 828.218 953.468 1090.218 
617.750 674.812 784.687 799.937 958.937 
180.343 500.468 1004.281 1056.656 1472.437 1638.125 
-335.625 185.437 348.406 418.625 455.593 676.781 785.187 929.562 1032.937 1075.875 1269.906 1312.093 1370.625 1603.437 
405.062 780.218 780.687 1582.125 2398.468 
-1710.250 315.718 346.968 765.781 778.812 1003.562 1081.937 1171.875 1262.593 1582.218 
