-224.282 -221.907 -218.407 -216.875 23.687 45.781 56.093 81.500 205.781 576.250 577.687 1249.656 1251.625 1269.031 1462.500 1598.531 3272.406 3293.156 3411.406 
-738.563 -334.219 28.062 88.000 115.812 120.343 323.437 726.875 738.062 1028.625 1407.406 1472.593 1592.312 1665.875 1710.468 1815.093 1918.500 3307.937 3902.437 
-1637.282 -1162.719 -1155.157 -349.094 40.968 61.437 120.531 740.781 1593.156 1809.437 1811.437 1923.312 3785.343 3790.312 
-1804.657 -1788.250 7.781 21.781 23.937 27.500 43.500 112.312 436.843 800.750 851.062 957.687 1199.875 1259.000 1492.281 2957.656 
-1998.313 -1466.813 -1464.344 -1157.063 -1133.563 -612.782 21.218 23.343 24.406 45.375 60.125 77.468 124.656 138.250 344.593 475.437 676.468 677.500 1249.187 1407.468 1595.718 1634.906 1749.406 3282.687 3344.312 3930.437 3944.343 
-1508.219 -200.063 23.468 25.718 27.093 53.468 56.000 86.875 116.750 118.250 268.031 439.593 521.437 566.500 571.406 573.718 834.468 1495.468 1594.750 1637.156 1711.031 3311.312 
-1789.750 -985.157 -954.719 -907.844 -681.125 -242.094 27.937 49.281 55.343 56.406 113.843 178.375 256.687 432.718 565.656 570.187 1331.593 1538.468 1544.437 1749.875 1828.218 
-1800.750 -1785.938 -1779.844 -1503.688 -222.032 25.218 42.062 45.062 47.875 48.375 52.437 87.125 110.187 118.593 119.562 121.250 255.281 542.562 665.906 778.593 1349.406 1605.781 1771.000 1836.218 1952.593 2934.656 
-1926.532 -1921.469 -1915.469 -1612.063 -1610.657 -1355.250 -953.407 -672.344 -414.907 -116.813 42.687 53.125 121.937 317.562 466.937 563.781 719.812 757.031 824.593 840.906 900.593 967.875 1206.312 1314.000 1349.968 1948.843 1965.218 
-1439.188 -1127.094 -1124.938 -1098.813 -1096.532 -672.125 -346.532 -331.375 -204.407 20.343 41.062 44.687 46.062 47.187 83.187 83.906 111.156 338.406 373.062 479.500 678.250 836.000 961.000 1070.125 1246.156 1253.125 1340.937 1415.437 1420.031 1744.031 1815.468 1818.000 1828.906 1894.437 1932.000 2052.000 3203.281 3289.218 3380.156 3645.281 3653.125 3656.968 
