-1030.375 59.312 161.656 217.718 247.500 401.468 429.250 510.593 569.500 1372.250 1464.031 1469.312 1476.312 1478.437 1631.750 1715.875 1839.500 1922.031 2180.906 
-613.719 163.468 195.875 413.875 566.625 567.812 569.437 861.906 947.281 967.000 984.031 1026.375 1031.125 1176.468 1178.125 1379.437 1473.843 1632.218 1666.562 1707.968 1733.593 1850.500 1864.625 1947.906 2080.875 
34.906 142.406 246.031 447.687 565.937 575.406 592.906 684.500 823.750 853.750 1005.218 1117.031 1267.968 1274.343 1296.468 1374.281 1393.562 1550.843 1650.468 1864.281 2003.281 2065.031 2359.687 3166.687 
-808.594 27.187 31.343 145.375 169.437 180.031 421.281 581.750 662.781 838.812 963.593 1164.500 1290.375 1477.187 1664.437 1894.875 2061.281 2180.312 2363.718 3743.968 
-1943.875 -1500.594 -1448.094 -1307.157 -1241.157 -1189.438 -550.938 -489.750 -347.032 -141.282 36.125 50.562 113.093 176.750 233.500 240.218 244.718 445.281 470.968 483.187 577.343 662.687 666.718 828.687 886.062 1032.312 1043.593 1244.750 1252.218 1255.625 1488.062 1559.750 1632.781 1681.593 1714.906 1863.656 2071.250 2335.656 3323.250 3544.500 
-1283.094 52.875 80.500 244.937 366.968 442.906 661.687 756.750 829.687 872.875 945.156 1026.937 1028.125 1244.031 1388.312 1630.656 2064.656 2156.468 3202.000 3479.062 
-1961.188 -1383.032 -1066.157 -455.000 -267.375 38.687 46.750 57.593 198.375 200.718 358.093 358.375 561.343 568.281 572.343 861.968 948.031 974.281 1013.312 1405.437 1453.906 1487.281 1632.718 1861.218 2064.375 2079.343 2096.781 3056.093 3904.156 3910.500 
-1123.938 -264.907 -166.594 205.843 243.593 323.031 355.750 370.562 443.000 447.062 496.968 505.687 569.406 596.156 722.625 835.875 946.625 1375.156 1378.062 1387.843 1390.125 1488.375 1547.656 1741.093 1849.875 1865.687 1891.468 1942.656 1982.312 2063.281 2154.062 2163.281 2171.843 2241.593 2336.968 2351.062 2430.531 2478.937 2578.343 3158.468 3376.500 3664.625 3818.750 
-1751.313 -1305.438 -572.188 -458.875 30.406 31.531 167.875 174.031 197.656 241.312 457.375 470.218 501.218 570.093 571.750 659.500 661.812 828.750 829.906 855.187 886.312 943.218 1033.437 1140.093 1165.500 1261.281 1289.906 1467.968 1469.031 1480.468 1633.843 1654.593 1698.843 1720.875 1729.000 1852.312 1866.000 1948.031 2388.218 2447.437 2544.781 2587.781 2885.906 3111.000 3435.156 3557.906 3962.187 
-1707.594 -1533.563 -1442.657 -1108.875 -1097.938 -428.907 -317.344 31.437 45.218 67.125 167.375 238.156 265.625 368.437 416.750 436.906 455.406 471.000 504.156 566.312 574.812 713.812 824.468 829.375 985.062 1119.718 1152.656 1160.218 1267.125 1319.312 1378.937 1391.843 1540.875 1566.375 1611.156 1630.625 1732.000 1808.656 1864.312 1865.593 2062.156 2062.906 2064.187 2157.968 2212.718 2248.250 2279.218 2432.875 2546.093 2637.968 2825.781 3004.187 3236.218 3299.875 3781.687 3837.375 
