32.687 33.062 36.937 48.031 242.781 262.468 323.468 378.875 413.625 422.968 553.156 578.937 589.000 660.843 678.843 730.062 764.250 821.437 830.906 915.562 923.968 954.218 1001.312 1056.531 1078.343 1115.031 1226.250 1247.531 1390.875 1449.250 1515.000 1541.562 1564.968 1577.125 1585.562 1590.875 1591.718 1813.062 1837.375 1872.468 1893.656 1916.312 1924.906 1945.812 1954.156 
119.406 141.468 204.843 323.437 339.062 391.031 503.781 587.281 680.187 924.000 965.562 1009.531 1016.031 1017.312 1031.062 1107.750 1219.812 1235.468 1247.218 1257.250 1299.656 1328.250 1334.500 1359.000 1369.968 1468.156 1493.625 1541.218 1567.312 1577.500 1590.750 1694.156 1709.500 1735.500 1806.093 1809.968 1814.156 1822.843 1901.718 1916.781 1949.406 2957.000 
23.843 32.562 52.156 92.156 114.187 172.312 181.468 197.375 203.125 271.468 281.875 323.093 338.343 377.843 394.218 413.500 422.218 436.031 502.562 654.125 724.250 741.500 799.093 820.687 821.875 843.312 934.625 942.125 1002.218 1044.593 1079.000 1100.375 1108.593 1121.625 1142.375 1207.406 1218.468 1345.312 1357.812 1440.718 1514.312 1541.906 1550.562 1585.031 1591.656 1667.812 1674.625 1694.906 1702.312 1708.468 1745.250 1758.156 1885.718 1908.656 1914.906 1987.812 
21.812 25.937 44.937 114.406 175.093 182.312 192.687 215.187 270.968 279.468 307.468 327.718 369.250 412.625 419.718 452.031 465.500 552.718 553.375 560.156 599.250 627.562 649.968 765.843 1002.750 1024.968 1207.281 1216.125 1346.718 1392.062 1459.000 1576.000 1603.750 1691.406 1728.375 1805.281 1814.000 1823.562 1889.406 1909.781 1966.093 1966.656 
42.937 278.750 299.906 322.375 329.250 330.687 369.187 369.406 395.125 413.812 434.156 436.093 443.031 502.312 564.875 579.562 598.656 627.281 774.281 815.562 856.218 963.562 987.375 1001.843 1044.875 1053.625 1060.031 1066.531 1067.218 1133.562 1199.500 1256.312 1297.562 1351.093 1419.406 1467.062 1491.343 1541.531 1553.312 1616.937 1650.625 1694.750 1701.593 1702.875 1742.875 1750.187 1758.843 1760.718 1836.187 1857.187 1887.718 1916.625 1926.937 
30.281 44.000 113.656 174.906 273.218 338.437 502.906 543.937 717.656 734.906 773.843 821.843 830.281 855.093 935.750 954.812 963.906 1055.687 1219.125 1233.406 1247.625 1255.781 1335.562 1507.156 1530.625 1532.625 1542.062 1583.687 1593.781 1703.093 1785.093 1804.906 1908.375 1910.031 1917.343 1955.625 
18.718 19.906 34.500 75.906 197.593 217.250 242.468 243.406 244.562 271.687 320.843 351.312 396.031 396.843 457.375 542.906 552.593 567.156 654.281 716.937 734.375 742.937 810.031 857.093 881.656 900.500 925.468 926.281 1025.531 1084.812 1100.718 1199.937 1207.500 1301.312 1312.125 1335.906 1390.843 1433.625 1551.687 1566.468 1598.937 1669.218 1695.000 1744.500 1834.031 1835.156 1845.625 1861.750 1863.562 1870.500 1874.718 1953.218 
39.781 61.531 91.312 114.156 141.062 209.500 299.031 442.500 502.468 550.906 552.062 579.875 588.187 598.656 660.218 705.625 716.156 734.125 747.218 855.781 954.656 1003.156 1054.468 1060.156 1068.750 1093.375 1100.437 1120.531 1128.906 1199.343 1208.187 1226.156 1257.375 1258.031 1328.125 1352.500 1360.875 1436.468 1445.218 1458.718 1483.125 1541.906 1550.000 1551.062 1565.625 1591.968 1611.343 1634.687 1750.687 1759.250 1781.406 1814.062 1893.656 1917.093 1932.531 3679.843 
171.843 272.062 300.031 330.437 391.000 414.125 522.531 553.000 554.593 598.625 646.812 679.875 704.781 725.625 774.500 785.281 890.093 914.343 934.531 965.375 1002.437 1016.750 1025.500 1077.750 1206.875 1208.281 1247.531 1369.906 1384.437 1409.750 1507.593 1524.437 1551.250 1578.250 1601.843 1693.250 1814.750 1876.500 1909.625 
30.843 120.093 171.875 260.875 280.343 379.468 388.718 398.250 536.406 565.343 788.062 820.562 854.781 935.843 942.406 962.500 992.812 1050.437 1108.875 1198.281 1247.437 1297.093 1311.593 1389.656 1419.718 1457.687 1467.906 1541.093 1572.218 1589.093 1593.750 1671.281 1744.968 1821.093 1862.531 1893.500 1908.406 1918.718 
