21.406 65.125 105.093 122.562 183.875 229.781 237.281 318.093 381.250 402.500 447.750 461.625 749.062 776.531 783.875 818.312 896.937 1098.718 1165.250 1175.937 1186.000 1197.000 1207.125 1219.562 1286.031 1307.187 1542.593 1550.437 1578.468 1648.343 1663.312 1672.406 1673.375 1717.937 1721.750 1753.812 1887.656 
64.906 86.375 122.031 140.531 142.000 227.656 229.187 297.687 306.781 379.718 390.531 481.250 546.031 621.156 662.375 691.187 718.187 746.843 775.562 831.500 875.343 890.625 915.437 923.843 946.562 962.093 963.906 993.906 1003.031 1119.750 1135.625 1178.125 1196.656 1203.750 1219.312 1249.062 1254.406 1298.843 1383.281 1397.843 1443.875 1477.156 1509.843 1539.468 1547.218 1553.593 1554.281 1591.718 1658.250 1673.906 1709.531 1729.531 1741.125 1792.093 1802.500 1850.750 1861.812 1873.687 1933.468 
21.312 30.562 63.718 64.625 93.562 278.000 284.500 285.093 369.156 448.843 520.312 529.875 570.250 774.125 808.500 881.718 895.468 899.062 942.093 956.062 965.125 974.125 991.937 1161.125 1162.750 1196.468 1203.531 1236.437 1347.531 1484.593 1565.093 1580.125 1634.750 1696.937 1730.062 1759.093 1782.000 1783.468 1839.437 1860.093 1906.750 1916.968 1936.062 
22.218 65.156 115.312 230.250 284.531 307.437 380.093 519.062 621.375 689.812 705.375 737.781 758.312 799.062 831.625 904.875 924.843 947.812 954.843 956.062 965.125 973.312 985.750 1057.062 1062.750 1162.093 1196.250 1203.312 1204.187 1210.687 1258.875 1345.343 1346.187 1373.250 1544.250 1561.062 1641.125 1642.875 1672.375 1673.062 1695.093 1759.031 1775.062 
32.468 74.000 96.750 102.281 111.781 119.468 186.781 239.906 306.562 420.625 438.531 471.781 485.281 486.250 568.937 571.468 620.093 657.906 678.843 696.843 746.093 880.375 936.656 948.187 955.250 1069.656 1135.593 1136.156 1169.812 1204.468 1297.593 1347.156 1378.062 1502.656 1547.218 1579.125 1580.937 1643.687 1753.875 1775.875 1846.156 1943.281 3620.125 3730.312 3735.593 
11.968 21.812 85.625 111.281 235.406 250.156 293.281 294.031 361.375 367.875 380.656 407.937 447.031 472.187 534.312 542.375 663.625 774.750 784.187 799.125 957.812 967.250 1056.312 1136.187 1196.562 1288.125 1368.437 1485.218 1530.062 1544.187 1562.406 1648.468 1656.281 1663.875 1673.468 1775.031 1841.156 1871.156 1904.250 3798.468 
84.093 190.031 192.812 229.781 237.125 239.312 284.281 448.093 508.500 520.375 536.250 544.281 563.375 568.593 570.312 711.187 789.000 813.281 869.875 935.312 1050.125 1116.343 1127.093 1135.843 1165.250 1169.812 1186.687 1218.437 1238.625 1471.281 1486.062 1495.281 1521.968 1537.687 1553.781 1676.156 1695.062 1715.187 1719.812 1729.187 1783.625 1794.156 1804.187 1871.781 1936.031 
22.531 30.593 78.125 121.062 235.937 344.375 380.375 446.781 480.937 487.000 527.031 570.468 620.812 658.687 687.031 689.781 776.187 797.187 818.312 881.718 896.937 916.343 957.031 975.250 988.062 992.593 994.500 994.968 1163.718 1186.906 1203.656 1288.437 1344.687 1460.312 1485.406 1561.718 1648.781 1664.093 1673.531 1840.468 1851.281 1880.218 
85.968 112.218 192.312 237.093 324.875 332.500 438.968 487.218 544.468 621.093 686.687 703.000 775.156 789.468 833.718 881.312 888.531 956.125 964.687 995.593 1059.531 1172.468 1205.562 1220.187 1298.875 1387.062 1485.468 1548.625 1590.937 1663.937 1709.031 1759.406 1783.437 1833.531 1839.125 1862.156 1889.125 1916.531 
10.343 98.093 102.343 121.718 249.500 362.062 381.593 396.125 520.343 533.718 571.562 660.062 661.562 759.500 775.750 783.843 800.750 805.843 812.937 897.312 914.312 965.156 995.468 1021.718 1093.062 1159.843 1185.125 1195.562 1212.968 1219.031 1219.687 1229.093 1247.250 1289.093 1442.437 1457.312 1460.343 1471.093 1485.843 1518.500 1560.812 1630.093 1653.187 1673.875 1721.187 1767.750 1775.718 1841.812 1850.687 3134.125 
