23.656 256.750 314.812 324.093 362.312 425.125 447.937 514.875 641.250 689.562 770.218 869.218 890.968 991.031 992.031 1045.093 1130.750 1145.937 1177.375 1241.062 1285.375 1367.812 1378.750 1403.500 1420.531 1436.156 1446.656 1459.031 1563.500 1600.906 1650.750 1657.875 1720.343 1761.031 1962.375 1976.593 1983.187 1984.593 2281.593 2463.187 
65.031 255.156 288.031 323.531 397.781 428.656 449.593 560.718 636.468 645.875 653.875 715.000 764.906 826.750 898.562 946.781 1145.687 1177.843 1232.656 1308.812 1379.343 1386.812 1584.906 1659.750 1686.906 1710.187 1711.375 1849.437 1855.781 1860.500 1943.687 1957.062 1985.000 
49.125 233.968 256.000 296.875 304.687 397.562 410.000 420.656 437.781 449.750 664.593 697.187 703.500 715.281 734.250 867.843 868.562 897.750 976.593 1233.968 1597.750 1650.062 1663.187 1694.656 1708.468 1737.156 1746.312 1773.531 1871.687 1939.875 
22.531 159.781 160.531 184.156 277.343 312.937 329.562 353.437 403.218 436.968 467.062 530.875 612.093 735.031 735.312 770.093 939.593 979.593 1017.625 1026.125 1195.468 1345.500 1367.062 1403.906 1432.656 1461.687 1558.937 1668.312 
54.718 64.906 86.250 167.937 191.906 233.843 240.500 313.750 326.187 409.781 419.875 449.500 455.437 506.562 586.312 654.312 661.000 714.937 850.375 868.593 885.781 897.937 970.156 1000.500 1027.312 1057.875 1178.812 1329.281 1525.500 1597.906 1709.406 1710.343 1765.031 1839.218 1844.656 1877.343 1984.437 
18.562 483.437 530.218 619.062 682.156 713.531 714.656 731.625 732.656 767.656 826.468 828.156 829.218 869.312 896.218 1131.718 1234.125 1242.000 1286.375 1404.093 1420.937 1421.406 1447.125 1461.687 1683.406 1690.625 1694.593 1710.093 1726.125 1965.406 1995.312 
50.250 182.812 240.812 256.906 290.125 371.937 418.906 448.687 456.968 675.875 770.812 977.968 1146.781 1208.031 1600.312 1648.750 1674.906 1686.343 1746.156 1876.250 1944.343 
42.062 182.781 232.531 288.656 530.937 665.031 696.781 765.062 826.343 887.062 1122.968 1123.968 1154.218 1242.781 1300.437 1460.000 1516.437 1648.937 1662.750 1689.000 1727.062 1752.125 1917.500 1962.250 1975.125 
87.625 201.625 408.000 518.843 527.593 584.281 585.937 612.218 635.968 675.750 733.968 736.406 758.562 869.156 898.093 947.031 948.593 1025.406 1034.093 1055.531 1329.312 1601.062 1650.406 1651.687 1673.187 1693.843 1708.937 1723.343 1726.593 1747.250 1759.125 1845.156 1962.437 
64.625 287.750 290.437 306.031 325.062 396.906 430.781 464.656 516.218 530.125 620.218 636.156 692.500 697.562 868.968 879.875 896.312 978.656 1025.312 1046.093 1354.875 1447.437 1558.343 1739.656 1746.343 1836.218 1844.500 1962.218 
