22.031 80.562 149.781 164.718 165.875 185.968 194.687 215.250 900.125 
21.187 82.250 135.218 135.906 141.875 165.218 187.875 195.093 205.843 215.687 569.656 897.875 
165.968 185.406 192.968 487.000 903.750 
83.125 131.718 164.625 165.531 185.343 186.906 223.062 373.812 374.375 392.593 395.218 542.718 847.656 1522.562 1542.187 1990.468 
168.906 199.187 217.937 268.593 618.125 836.187 921.687 924.000 
21.812 92.437 191.718 247.281 278.093 341.343 544.156 582.125 901.187 1158.031 1969.750 
23.031 164.125 185.031 196.406 204.281 206.281 327.437 1056.562 1538.343 1987.437 
33.812 128.750 181.656 194.500 195.468 200.281 203.156 217.281 229.312 399.031 553.000 893.625 1627.375 1990.625 
34.250 150.906 188.187 216.187 368.718 398.687 558.187 884.875 1821.156 
186.062 186.937 188.375 203.781 214.812 362.062 1054.906 1374.281 
