25.062 98.312 196.218 276.937 293.968 304.000 324.031 352.250 519.375 522.500 526.562 578.406 588.000 657.343 793.562 795.750 1028.062 1035.718 1058.312 1059.250 1105.031 1126.406 1160.375 1166.937 1186.500 1207.281 1245.906 1306.843 1312.562 1318.093 1703.875 1729.000 1729.937 1739.343 2459.593 2793.468 2926.687 2930.187 2936.218 3313.593 3538.093 3655.031 3894.875 3982.281 
95.937 226.031 249.531 279.093 280.062 282.937 309.875 317.562 335.437 466.843 492.656 524.593 560.187 572.531 580.125 589.906 596.031 653.531 1059.187 1130.156 1193.531 1199.531 1225.937 1254.125 1282.687 1313.062 1455.625 1643.406 1711.718 1800.250 1990.375 2633.500 2764.281 2951.593 3042.125 3299.125 3546.750 
18.750 293.656 305.218 317.781 325.375 327.125 328.937 335.593 336.062 337.500 338.625 347.250 352.218 357.750 493.031 500.093 512.156 519.531 579.562 588.125 635.968 821.531 1152.656 1219.000 1245.875 1742.031 1766.781 2751.937 2763.281 2935.000 3578.937 3663.750 
21.218 129.562 189.250 207.968 300.750 313.187 314.031 314.843 331.937 332.906 336.125 339.218 342.375 345.562 354.000 360.750 361.718 461.656 501.875 503.000 522.687 523.531 575.562 578.093 581.687 585.062 591.031 592.218 602.687 612.156 645.843 649.656 1166.687 1189.750 1200.406 1229.406 1230.468 1422.281 1437.250 1441.656 1715.062 1723.500 1729.593 1740.437 1748.718 1863.687 2723.718 2785.531 2838.125 2900.281 2926.406 2927.875 3111.125 3611.875 3684.500 
133.250 284.718 291.062 302.468 331.312 337.187 342.562 345.875 347.562 351.125 352.281 362.531 487.406 503.375 520.406 578.437 583.000 587.468 602.312 754.218 1089.562 1164.500 1234.281 1244.250 1432.687 1703.968 1751.593 2516.125 3137.656 3309.062 3837.406 3996.281 
24.468 187.718 199.156 200.968 228.781 257.937 299.687 310.781 311.156 317.843 325.406 329.375 331.281 335.812 345.812 347.468 360.843 370.312 375.000 492.187 498.250 504.031 506.281 517.093 518.812 519.937 556.875 576.187 583.000 590.625 594.656 596.343 611.500 852.875 920.281 1014.093 1075.281 1126.968 1151.406 1171.093 1172.593 1234.781 1263.593 1648.937 1707.562 1709.406 1710.843 1719.406 1726.281 1739.843 1781.343 1928.687 2388.218 2548.843 2842.187 3096.937 3235.187 3528.125 
32.500 208.468 290.968 305.968 319.000 331.406 332.875 334.187 340.218 343.000 344.000 344.781 355.031 370.281 505.250 513.937 536.281 558.843 571.625 577.968 588.343 595.500 595.937 1105.968 1231.468 1416.125 1436.531 1478.125 1648.718 1704.718 1706.531 1711.437 2985.906 2993.125 3166.187 3189.000 3799.937 
24.468 95.593 127.906 131.156 189.000 280.250 311.125 328.656 331.375 332.625 345.687 349.031 364.093 461.875 464.093 483.406 504.000 520.125 575.562 576.406 578.281 581.906 582.718 592.468 600.500 610.406 611.312 787.062 872.218 900.843 905.218 1141.500 1171.906 1217.156 1233.187 1235.468 1322.093 1442.000 1657.031 1709.812 1727.156 1750.406 1815.937 1824.781 1862.500 1970.343 1971.031 2342.625 2422.218 2788.875 2891.500 3161.312 3413.250 3533.500 
28.375 64.375 209.843 301.218 303.843 304.531 306.000 315.093 323.187 327.281 328.375 328.843 332.593 333.625 334.875 340.406 341.312 351.312 351.875 370.875 481.812 498.250 506.406 537.187 556.718 570.187 587.468 589.218 604.406 617.312 635.031 774.531 846.906 848.156 1072.468 1074.812 1147.750 1175.781 1226.062 1232.968 1246.218 1425.343 1649.062 1683.187 1691.781 1692.562 1708.062 1709.156 1719.187 1720.062 1727.937 1748.906 1889.500 2282.343 2344.500 2683.125 2955.718 2989.500 3025.656 3070.875 3145.718 3807.218 
28.375 42.781 82.781 131.062 307.750 317.375 319.500 327.437 327.937 328.937 330.343 331.906 344.968 347.437 360.843 463.906 468.093 499.937 506.312 507.312 512.781 560.468 575.968 578.250 578.562 586.406 588.312 591.906 597.906 605.812 615.031 657.468 777.250 799.187 1057.968 1129.406 1144.000 1186.906 1232.000 1244.375 1264.156 1415.375 1426.718 1427.187 1474.750 1635.156 1704.125 1710.500 1716.250 1720.125 1721.437 1869.593 2685.843 2925.281 3023.156 3282.593 3400.281 3438.343 3909.062 
