13.812 281.562 
13.562 21.156 285.625 853.000 
12.625 14.343 15.625 40.968 272.750 542.875 627.281 755.343 1281.031 1292.031 2078.468 2407.843 
14.500 150.281 297.593 377.062 597.000 627.343 1044.531 1178.781 1287.500 3380.406 
31.468 599.593 739.750 853.156 941.750 943.781 1044.593 1162.562 1165.187 1211.500 1637.093 1639.000 3531.750 
298.000 395.750 412.625 484.437 644.531 663.843 853.843 1133.093 1187.937 
15.968 23.906 27.187 394.812 411.312 552.718 739.187 854.750 1135.250 1202.812 1479.343 
14.656 19.312 121.031 261.750 417.125 629.625 739.187 852.875 853.875 
27.375 415.843 597.218 627.125 1045.750 1163.343 1281.062 2796.531 
14.000 14.718 17.531 149.000 626.656 660.906 740.625 854.750 1041.500 1061.625 1128.625 1280.718 1409.125 
