25.625 88.093 179.843 347.781 390.968 470.312 547.281 699.656 794.218 829.937 1100.000 1352.531 1427.625 1437.562 1562.750 1621.406 1642.093 1729.093 1748.687 1759.281 1861.156 1940.500 2055.000 2395.531 2466.437 2487.656 2535.656 2912.187 3397.218 3507.406 3814.812 
30.687 34.406 87.968 92.093 104.406 186.718 456.875 492.593 793.812 908.156 1007.718 1064.062 1068.781 1207.687 1702.750 1980.750 2424.343 3117.968 3703.062 3849.343 
31.062 75.562 138.343 446.062 549.656 648.843 795.593 948.656 1088.625 1126.531 1308.437 1520.468 1545.312 1707.031 1714.968 1734.437 1921.000 2212.625 2455.718 2622.937 2900.687 2955.937 3278.531 3304.843 3394.375 3407.281 3525.687 
25.875 28.156 30.250 87.531 146.437 226.531 294.062 545.000 783.500 924.093 1309.812 1404.812 1416.062 1426.218 1479.812 1570.500 1668.375 1681.625 1739.906 1750.750 2049.750 2706.062 2965.593 3109.968 3758.812 3891.281 3966.468 
99.781 251.000 442.500 487.500 571.593 690.906 808.312 833.718 859.687 1044.843 1422.125 1542.343 1608.156 1841.468 1854.625 1951.593 2000.718 2200.875 2362.125 3134.593 3671.406 3832.125 
33.937 91.875 109.500 471.593 534.093 669.187 803.312 868.343 1331.250 1561.875 1969.531 2131.875 2293.750 2401.687 3085.062 3586.875 3594.187 3602.031 3931.750 
24.625 30.781 94.750 367.968 417.656 497.468 555.093 722.937 745.843 1195.718 1541.687 1955.937 2106.187 2795.562 3003.468 3419.968 3694.375 3928.093 3934.687 3982.687 
28.437 32.468 94.281 598.343 606.093 817.500 1112.437 1196.000 1209.312 1533.562 1602.906 1640.125 1817.062 1998.375 2017.843 2167.093 2347.875 2838.468 2897.750 3875.593 3959.437 
28.281 106.250 133.375 199.875 516.562 618.718 767.500 985.906 1164.968 1364.718 1505.093 1548.656 1644.781 1856.437 1862.500 2803.406 3243.437 3776.343 3974.687 
29.562 30.625 92.468 109.937 392.093 479.343 532.875 538.468 585.812 775.187 913.812 1189.468 1195.218 1379.343 1394.281 1527.281 1786.000 1840.875 1981.156 2798.187 3223.625 3643.000 
