21.625 31.000 118.062 243.000 283.031 359.718 455.093 573.718 656.281 740.843 803.468 1012.718 1167.218 1212.812 1318.406 1366.125 1480.562 1596.750 1666.125 1740.843 1849.968 1871.531 2016.625 2086.593 2194.781 2360.312 2504.750 2512.437 2525.656 2819.468 2868.156 2934.375 3294.093 3641.843 3944.812 
21.687 82.250 88.593 274.562 288.187 691.625 769.531 780.750 893.781 1123.031 1197.375 1298.875 1306.406 1453.843 1581.937 1635.500 1735.843 1852.750 2014.250 2084.031 2272.343 2647.062 2865.843 3262.218 3503.593 3733.718 3940.875 
22.593 309.437 490.218 666.468 752.812 1230.687 1534.000 1649.187 1706.500 1758.218 1823.125 1827.562 1996.500 2264.906 2408.500 2627.062 2771.625 3020.062 3478.437 3502.312 3513.906 3591.687 3599.000 3666.187 3668.031 3754.562 3756.656 3798.968 
19.406 136.656 362.312 374.093 695.812 705.750 797.968 1053.000 1194.156 1330.406 1374.312 1394.781 1416.281 1449.718 1564.593 1823.750 1970.562 2340.656 2746.968 2917.062 3093.656 3758.062 3843.031 3951.500 3955.062 3961.125 
10.250 22.000 101.375 326.250 361.156 455.656 461.843 578.312 587.437 725.093 740.093 937.375 1106.625 1220.781 1273.093 1534.750 1678.562 1801.625 1870.906 2148.906 2750.937 3125.812 3135.468 3221.031 3225.562 3776.906 
361.187 402.656 591.125 805.312 1191.937 1244.343 1530.718 1796.312 1871.687 2070.937 2905.625 3426.656 3931.593 3961.500 
98.218 537.187 722.312 770.531 798.937 896.031 1442.156 1511.656 1624.843 1740.062 1812.906 2323.093 2440.062 2627.875 2706.093 2720.906 3319.906 3892.437 
21.718 32.218 102.781 118.218 289.250 354.156 479.437 708.812 1115.062 1189.781 1335.812 1352.281 1535.250 1732.906 2029.625 2138.906 2695.281 2833.125 2879.062 2885.125 3119.593 3667.906 
21.656 164.875 468.531 1190.531 1328.250 1345.125 1429.562 1506.125 1612.687 1800.750 2420.312 2772.437 3482.187 3665.375 
21.750 22.218 31.218 152.000 334.781 372.687 464.937 565.781 760.656 801.375 1267.000 1289.625 1334.125 1364.281 1570.406 1771.343 1811.093 1836.187 3284.500 3482.000 3486.093 3491.125 3511.500 
