66.968 971.000 1127.625 1149.906 1223.093 1349.906 1382.187 1617.843 1626.031 1938.468 1945.687 2269.500 2556.250 2814.656 2862.718 2883.250 
147.156 197.437 337.031 900.937 1132.750 1150.781 1397.312 1582.031 1803.937 1952.125 2314.500 2829.062 3326.812 3696.531 3963.843 
188.250 347.468 856.625 992.781 1123.781 1258.906 1555.343 1668.531 1796.781 1968.750 2248.281 2459.000 2595.031 3111.906 3261.000 3606.281 
120.968 154.468 216.500 282.062 624.031 1111.156 1115.750 1213.718 1429.187 1490.843 1635.718 1795.781 1931.968 2036.500 2241.906 2338.531 2641.156 3193.781 3531.156 3648.750 3878.031 
145.125 453.843 959.531 1124.500 1188.156 1248.250 1385.843 1399.843 1556.875 1681.312 1786.250 2145.625 2307.718 2712.218 3100.093 
125.843 354.062 362.562 494.781 1133.375 1398.843 1780.593 2043.281 2082.343 2327.406 2519.093 3225.406 3344.343 
49.625 190.187 479.718 673.843 954.406 1105.406 1115.093 1211.937 1382.750 1623.906 1775.750 1963.875 2305.562 2310.437 2409.187 3741.781 3903.968 
152.562 532.656 1111.468 1258.500 1385.437 1392.531 1417.718 1569.218 1825.687 1949.437 1960.437 2028.343 2126.562 2260.718 2586.718 2839.125 3133.687 3424.000 3429.500 3748.031 
581.187 720.281 1116.781 1130.187 1130.843 1393.843 1610.343 1857.625 1956.781 2069.187 2123.625 2512.593 2995.406 3023.843 3208.031 3539.156 3858.906 
252.781 498.187 660.656 979.687 1115.718 1140.125 1411.562 1535.062 1788.750 1956.531 2042.125 2050.343 2165.875 2312.218 2427.968 2603.656 2705.656 2868.937 3132.000 3441.875 3735.781 
