216.187 553.312 708.531 822.937 1522.218 1894.656 2060.156 2608.531 2838.781 3026.312 3656.531 3947.812 
369.468 373.812 563.125 1056.343 1260.625 1338.218 1505.968 1517.843 2685.000 3212.375 3385.218 
316.812 579.187 876.312 1277.843 1389.906 1498.687 1507.812 1769.562 2195.968 2200.875 2678.281 2857.875 3151.250 3305.312 3583.218 3756.062 
30.062 123.687 558.687 806.875 808.437 983.625 1043.000 1254.187 1510.593 1517.343 2447.093 2928.937 3048.250 3571.531 3693.187 
260.593 360.218 536.906 898.375 1353.843 1390.625 1519.812 1525.562 1531.562 1765.000 1773.343 1959.375 2721.656 3113.781 3317.093 3429.656 3575.781 3578.937 3700.187 3752.343 3859.250 3984.000 3990.906 
3.968 338.031 568.406 582.937 588.875 1019.593 1266.343 1514.593 1849.968 2007.625 2434.437 2581.281 3620.031 3688.937 3694.062 3961.500 
186.906 375.375 567.156 579.281 770.468 1191.843 1513.000 1517.593 1908.000 2649.250 2747.531 2790.687 2800.218 3364.750 
209.562 536.656 566.000 724.781 927.031 1064.687 1522.000 1545.937 2188.562 2380.593 2554.312 2846.125 2855.187 3423.187 3870.625 
42.343 257.750 576.062 811.125 959.593 1262.531 1513.312 1657.750 1892.250 2282.156 2421.375 3499.812 3510.312 3916.531 
215.781 292.937 295.000 490.093 560.375 1269.750 1414.031 1497.468 1932.875 2182.937 2381.156 2642.406 2649.468 2830.656 3234.343 3244.093 3603.812 3980.718 
