198.406 506.593 1027.750 1185.250 1261.062 1283.156 1554.687 1905.156 
12.218 14.593 14.812 82.625 84.156 201.937 433.000 433.218 434.875 1118.781 1121.062 1215.062 1634.125 1637.625 1780.937 1782.187 1904.593 
202.843 386.718 432.375 833.125 1233.375 1615.000 1632.250 1780.500 
12.093 13.593 88.468 89.906 149.687 188.718 201.468 202.750 202.968 206.281 431.968 507.250 927.093 1137.593 1141.406 1210.375 1283.875 1516.875 1782.437 1905.187 
13.062 57.281 133.968 270.906 432.343 729.156 1274.968 1404.875 1409.812 1476.343 1572.750 1636.500 1782.687 1785.000 
13.562 14.968 203.093 203.906 431.718 928.937 1028.187 1142.531 1737.656 1781.656 1924.531 
13.187 14.343 57.156 61.562 81.843 101.593 200.968 208.218 504.781 1116.187 1222.531 
12.593 12.843 15.000 95.531 184.937 432.406 650.343 1660.718 1782.406 1906.281 
12.656 13.656 14.656 37.062 85.125 204.250 272.156 431.843 442.031 1118.843 1208.906 1281.156 1737.937 1910.093 
11.968 12.937 189.187 432.000 654.468 737.500 1028.531 1213.312 1633.843 1638.812 
