34.312 80.906 453.312 456.281 662.500 868.687 895.406 1256.156 1506.375 1516.968 
78.031 326.875 432.656 625.093 642.625 706.562 899.312 1051.281 1145.968 1597.531 1740.375 1771.531 1890.375 1978.156 1983.937 
42.000 78.218 104.468 113.343 121.281 197.406 235.093 370.343 400.968 429.718 430.656 450.843 455.281 547.500 577.187 609.750 625.125 626.437 668.812 700.875 708.093 712.968 826.093 894.625 945.343 963.468 1143.156 1652.062 1745.406 1771.468 1781.000 1892.906 1979.468 
59.500 114.593 367.968 402.593 457.781 463.312 574.625 574.937 659.187 707.875 791.625 922.656 961.718 1004.812 1029.531 1146.906 1255.468 1592.562 1651.656 1815.875 1824.000 1888.656 1898.937 
103.281 114.843 297.437 377.937 611.656 621.125 667.875 708.437 964.656 1008.125 1144.187 1253.093 1285.656 1309.531 1523.687 1667.687 1738.312 1748.093 1777.937 1801.937 1896.531 
107.875 304.468 379.343 387.437 578.125 713.031 923.843 963.656 995.437 1004.156 1023.250 1305.437 1596.968 1597.187 1622.812 1661.468 1738.531 1770.593 1779.281 1809.406 1821.531 1892.312 1898.437 
42.875 128.218 234.718 234.937 373.250 381.812 460.593 575.937 620.562 626.906 627.125 631.343 671.593 674.906 706.218 798.375 963.093 1013.375 1145.031 1171.875 1257.750 1602.187 1735.062 1778.187 1823.156 1889.625 1977.718 
42.562 267.625 366.968 375.937 393.656 430.312 447.187 572.000 608.812 624.250 626.656 674.750 704.437 706.031 787.375 880.781 923.031 941.187 1011.031 1033.562 1143.562 1256.656 1306.187 1534.500 1600.312 1669.656 1769.000 1794.562 1889.937 1897.343 
98.718 194.968 270.000 369.156 375.625 375.875 432.281 466.437 572.906 618.562 670.968 785.093 882.625 911.500 924.312 964.031 1014.281 1034.000 1051.406 1139.656 1224.687 1536.906 1599.437 1601.062 1651.468 1673.000 1779.000 1801.781 1887.062 
98.375 98.593 124.906 137.281 242.875 365.375 432.718 462.312 558.156 569.687 610.500 620.343 646.656 705.781 792.937 922.937 944.656 1008.687 1008.968 1031.375 1041.218 1142.656 1176.718 1507.468 1537.531 1652.031 1735.062 1767.625 1804.125 1804.406 1887.562 1901.312 1980.437 
