28.281 120.968 147.406 157.562 164.406 180.906 182.718 185.312 209.125 303.750 453.937 473.156 536.968 539.906 546.031 546.906 552.125 627.968 662.187 784.281 899.718 900.093 923.125 929.218 1059.125 1060.062 1149.750 1207.000 1446.437 1456.625 1625.718 1739.750 1800.750 1980.187 2095.531 2209.718 2256.156 2267.187 2284.812 2346.062 2377.343 2414.531 2451.843 2539.312 2743.812 3913.937 
76.000 82.593 138.250 146.000 164.562 172.000 176.000 196.656 250.250 266.875 304.468 532.093 595.562 603.156 770.500 798.718 820.187 856.218 859.687 882.437 896.406 917.375 922.000 928.531 939.625 1008.406 1031.593 1039.937 1062.156 1063.593 1100.437 1171.500 1181.812 1244.531 1251.156 1283.750 1382.593 1398.312 1620.906 1631.625 1682.500 1740.312 1979.156 2220.781 2234.468 2242.000 2253.781 2264.718 2382.437 3568.656 3633.031 3729.968 3881.656 
130.031 140.156 150.687 156.312 164.000 167.937 172.406 176.781 180.062 182.125 213.718 258.187 272.281 277.281 280.687 310.156 323.437 327.437 364.187 383.093 393.156 528.750 532.843 557.375 796.187 806.406 815.875 871.218 889.656 902.156 947.500 956.281 1015.812 1028.625 1039.687 1086.937 1092.750 1152.156 1165.750 1175.812 1262.125 1288.281 1292.125 1362.156 1519.000 1531.250 1580.437 1589.718 1626.500 1632.656 1645.406 1658.000 1682.687 1772.656 1811.000 2040.250 2045.343 2078.468 2106.406 2137.125 2167.281 2201.468 2260.125 2286.562 2336.812 2356.062 2373.156 2391.468 2445.968 3697.968 3701.875 3758.468 3908.312 3912.406 
126.375 135.250 144.156 154.156 158.500 165.656 168.937 177.656 188.531 203.906 249.062 270.500 285.000 308.312 316.968 321.843 353.312 411.093 437.437 472.750 481.125 489.500 557.125 582.000 612.781 620.750 624.062 781.218 810.593 819.968 859.906 867.187 878.437 883.937 941.125 952.843 958.343 1030.125 1036.875 1054.125 1066.531 1070.468 1076.937 1166.593 1182.343 1188.750 1233.343 1505.625 1613.250 1625.781 1645.218 1676.687 1696.718 1746.406 1754.000 1831.437 1849.468 2031.593 2041.781 2047.031 2054.875 2139.406 2158.906 2165.218 2207.000 2210.937 2229.156 2244.250 2267.281 2270.812 2292.968 2357.000 2406.218 2414.937 2421.312 2462.000 3180.250 3192.625 3214.625 3950.500 3973.656 3980.125 
38.718 108.625 189.500 269.343 592.375 615.750 781.406 1045.562 1148.406 1253.875 1756.812 2099.968 3484.906 3510.500 
63.406 77.812 182.500 196.812 574.187 913.437 917.906 994.156 1471.875 1628.718 1666.437 2395.750 2412.968 2451.718 2458.531 
475.218 808.562 892.531 920.937 1074.312 1171.000 1639.281 2063.625 2097.812 2284.000 2390.281 2444.437 
2.406 785.968 1074.156 1139.906 1147.343 1164.187 1187.812 1615.031 1633.187 1726.093 1752.656 1856.625 2220.531 2337.406 2380.750 2427.625 
75.562 367.968 911.906 1084.468 1129.343 1158.156 1234.343 1718.531 2112.156 2318.531 2363.687 2389.343 2398.031 2405.500 
1056.000 1479.187 2036.125 2399.125 2404.250 2416.687 2422.375 2435.875 
