41.843 55.437 61.437 127.062 149.187 167.968 177.906 294.468 301.312 306.437 309.500 359.875 375.656 404.812 697.843 698.375 731.468 766.437 814.375 1095.843 1204.531 1290.156 1322.250 1394.156 1463.281 1575.375 1582.968 1810.937 1990.281 2214.531 
78.343 131.968 158.531 175.281 181.781 186.781 276.625 320.156 411.187 477.000 508.343 512.375 518.937 531.468 551.093 639.437 660.406 666.218 698.843 728.531 749.187 756.906 760.718 781.218 994.156 1192.875 1196.812 1464.781 1467.625 1556.343 1708.687 1754.125 1759.406 1935.906 1980.031 2000.812 2024.781 2038.625 2051.156 2071.000 2170.406 2290.500 2323.718 2415.031 3376.750 3382.125 3384.312 3389.375 3643.937 
12.843 19.031 20.468 28.687 64.687 85.156 161.031 167.656 178.812 199.593 206.156 219.062 230.312 352.875 360.218 370.406 406.250 469.562 506.718 515.093 517.500 528.437 563.625 578.343 596.906 615.093 663.937 672.531 757.000 766.531 788.031 790.843 838.781 849.656 952.125 1098.312 1131.562 1140.406 1143.781 1211.125 1485.250 1519.500 1528.968 1535.218 1547.593 1555.656 1566.562 1622.906 1675.125 1840.187 1924.093 1980.562 1990.125 1999.093 2050.156 2057.250 2067.343 2077.531 2217.312 2231.656 2238.156 2253.281 2370.062 2509.437 3645.375 3672.937 3727.468 3734.843 3741.406 3748.156 3968.625 3969.937 3997.000 
30.718 55.625 65.531 74.500 77.093 81.156 130.531 161.562 164.062 246.375 380.125 404.906 446.562 459.375 473.218 515.750 521.000 531.875 550.875 600.656 633.625 652.406 655.000 666.062 755.875 759.156 845.562 894.343 939.812 944.968 991.781 1394.062 1550.906 1561.375 1567.406 1585.750 1601.437 1669.343 1674.593 1692.562 1749.343 1756.656 1860.250 1898.625 1928.531 1943.500 2000.093 2045.156 2075.312 2097.843 2148.656 2174.750 2199.125 2586.781 3534.125 3546.312 3573.937 3714.906 
1375.062 1612.718 
38.593 55.593 149.968 162.031 379.625 430.500 594.062 784.593 794.437 804.750 1709.906 1711.312 1845.031 1902.093 1954.531 1998.781 2050.687 2166.250 2185.843 2200.000 2353.187 
732.500 1254.843 1631.031 2396.656 2522.125 3627.625 
73.718 186.500 806.687 847.812 1255.062 1377.906 1380.062 1727.156 1736.812 1907.687 3198.500 3216.937 3258.593 3260.000 3325.375 3369.187 
829.531 1564.218 1886.593 1914.906 2150.156 3177.218 
1242.500 1724.906 1890.312 1900.531 2350.156 3706.031 3856.031 
