20.812 32.250 47.343 56.718 67.093 90.468 123.687 129.062 133.625 141.093 162.718 209.656 300.906 312.593 322.062 327.625 337.718 358.062 373.437 452.156 493.656 617.250 659.125 662.687 673.625 725.625 740.500 748.968 897.031 909.625 916.406 919.437 920.156 1185.125 1188.906 1282.031 1363.843 1535.843 1543.000 1632.843 1686.687 1693.468 1742.906 3731.468 3736.062 
14.906 19.937 29.312 45.750 65.937 74.843 95.500 108.781 112.375 126.125 269.187 273.562 327.218 333.187 348.718 356.312 579.843 580.937 688.625 737.468 792.406 833.187 837.281 868.187 917.781 1189.906 1223.781 1236.875 1246.937 1248.968 1283.843 1294.281 1296.843 1315.718 1319.593 1339.062 1553.406 1736.593 1770.406 1792.562 1860.187 1872.406 1896.312 1917.843 1981.281 3364.625 
26.062 55.812 74.250 110.593 113.593 117.281 123.187 125.656 132.812 138.781 159.875 188.781 194.812 206.000 236.312 246.812 288.437 296.593 305.437 311.093 322.125 325.281 334.593 344.125 359.187 476.500 481.250 485.031 490.500 500.031 615.531 641.750 678.812 726.906 743.187 823.781 900.031 904.187 936.156 955.125 1197.781 1216.750 1240.562 1251.531 1267.531 1274.593 1281.687 1291.406 1372.562 1447.437 1642.218 1703.375 1743.531 1782.343 1853.000 1883.000 1903.843 1911.343 1913.718 2175.000 3025.812 3093.062 3131.656 
104.218 107.843 116.000 127.406 139.937 190.906 237.156 240.968 262.750 294.250 417.187 441.250 469.250 675.312 914.468 1004.156 1013.812 1287.750 1294.343 1635.031 1769.156 1782.437 
346.718 677.406 
285.218 301.062 321.625 1234.062 1252.250 1258.062 1265.437 1275.875 1284.562 1301.562 1781.156 2094.843 3096.968 3107.593 3284.093 
21.406 120.906 130.687 838.000 848.343 916.156 1245.562 1283.062 1283.500 1289.250 1290.031 1545.468 1848.031 2702.187 2809.718 3679.125 3687.437 3708.000 3757.000 
129.687 184.281 184.968 310.406 347.406 624.281 922.031 1161.968 1282.250 1291.875 1302.562 3000.250 3616.406 3620.968 
116.031 544.343 736.375 773.812 836.375 885.875 899.812 930.906 1274.375 1282.218 1284.031 1297.843 3157.968 3971.593 
27.125 60.000 810.500 830.500 880.562 899.750 1289.500 1299.093 1718.875 1797.312 1844.593 2636.656 3819.343 
