40.250 44.125 58.843 68.468 159.781 173.843 318.562 335.718 337.281 344.937 348.875 467.750 548.531 864.781 883.375 912.968 1234.937 1391.687 1419.937 1422.906 2052.468 2202.812 
15.093 46.781 61.062 76.156 156.343 165.250 173.906 177.750 526.406 928.750 1092.750 1459.156 1511.843 1512.843 1644.000 1744.312 1745.937 1797.343 1864.562 2001.468 2054.750 2110.031 2659.468 
40.812 43.031 43.937 64.625 71.437 157.718 189.187 196.093 465.906 489.031 664.718 1146.312 1645.406 1744.656 1759.875 1767.593 2112.000 2112.281 2302.218 
14.437 16.281 64.156 145.281 158.218 164.562 174.562 189.500 319.906 354.437 475.625 508.812 625.750 891.625 914.843 916.468 1092.406 1392.093 1394.000 1464.812 1644.500 1665.562 1744.156 1745.593 1752.937 1770.843 2053.218 2095.187 
15.156 26.281 46.406 159.812 535.312 1165.781 1274.500 1392.187 1649.687 2051.843 2112.687 
46.687 187.062 196.906 251.031 477.968 510.812 810.375 905.812 913.875 929.531 1144.125 1391.218 1392.093 1744.593 2115.593 2224.812 
15.187 60.687 65.906 71.656 318.687 747.656 993.250 1095.187 1392.406 1644.656 1794.125 1862.187 
16.375 45.781 59.500 77.937 175.437 336.437 442.062 459.875 768.000 1391.500 1428.218 1502.156 1643.656 2052.593 2068.875 2111.250 2112.187 3428.281 
15.562 66.062 77.218 78.062 156.406 157.968 518.187 812.312 1053.625 1196.593 1392.000 1981.750 2499.343 
39.718 70.093 168.187 174.062 178.531 469.718 485.968 1031.312 1091.031 1744.125 1745.500 1806.750 
