12.468 107.281 183.281 197.250 751.343 761.093 778.343 1330.375 1479.468 1662.781 
176.781 214.781 250.375 422.750 760.531 809.531 2664.656 
11.937 23.906 175.593 183.187 196.625 199.500 237.125 427.687 749.250 750.531 776.156 788.500 799.343 804.562 1356.093 1409.187 
12.250 14.187 23.718 34.125 168.968 177.031 236.062 252.031 642.562 750.843 761.000 917.093 970.500 1410.625 2810.656 
12.312 14.593 42.656 43.875 182.343 431.125 754.062 766.468 767.468 779.062 838.937 941.156 1088.906 1455.750 1481.125 
33.593 52.562 199.593 248.312 291.875 535.875 760.843 912.750 1624.843 2779.062 
33.593 35.093 761.187 777.781 
26.625 31.468 33.000 198.031 238.843 247.468 253.718 283.750 779.125 1475.593 1483.531 1483.843 2047.375 2193.718 
11.656 64.750 168.750 181.437 853.593 912.343 914.312 1481.093 2792.968 
34.406 43.437 133.750 168.968 182.781 194.531 420.750 779.531 830.562 908.187 
