21.687 74.750 75.250 76.531 85.093 196.906 197.187 201.843 217.125 229.031 356.625 359.343 411.375 453.562 533.156 549.343 557.843 666.281 909.062 923.750 1140.093 1140.718 1141.187 1142.500 1320.062 1334.125 1405.218 1407.375 1408.531 1498.843 1624.687 1758.343 1770.437 1771.125 1842.718 1844.187 1844.500 1953.593 2005.937 2006.218 2013.750 2189.656 2462.531 
19.656 62.406 74.250 78.906 83.906 136.906 137.937 145.468 148.875 680.031 681.250 914.562 919.781 926.156 935.718 1141.468 1143.500 1273.062 1319.812 1321.968 1405.250 1633.812 1759.593 1760.625 1770.375 1774.562 1843.093 2004.281 2005.312 2022.687 2025.062 2144.375 2239.406 2240.843 2242.562 2463.031 3916.968 
22.625 74.187 75.156 76.218 76.500 77.000 84.312 316.625 411.312 534.593 542.218 549.656 666.062 680.625 723.437 860.906 910.156 937.125 1141.531 1207.000 1221.437 1500.562 1760.531 1843.750 2012.468 2013.281 2239.906 2463.250 2472.500 
21.812 57.312 75.312 81.937 221.687 316.218 358.406 541.093 549.125 679.156 679.593 847.375 868.718 915.593 1141.562 1321.500 1322.375 1614.687 1640.875 1643.062 1665.437 1758.468 1759.250 1769.781 1771.625 1800.125 1844.593 1875.312 2004.875 2063.937 2143.687 2240.156 2324.125 
20.531 75.625 76.687 93.375 195.531 223.125 316.687 334.062 408.281 409.906 474.906 517.875 534.375 535.562 542.718 549.968 762.125 1048.125 1632.718 1641.250 1644.500 1759.656 1840.781 1842.781 1843.468 2004.500 2032.968 2144.000 2239.187 
19.000 19.875 20.093 75.500 75.875 84.000 217.875 316.906 410.968 536.750 666.500 848.562 936.000 1047.437 1335.218 1335.656 1624.906 1631.406 1641.687 1643.156 1837.906 1843.781 3971.031 
79.281 84.625 107.437 202.093 316.562 370.406 411.000 411.531 549.343 679.968 852.843 917.031 937.500 1048.125 1412.187 1500.937 1800.906 1985.375 2004.406 2145.375 2463.750 
21.093 56.343 57.625 74.531 75.250 75.656 125.062 202.468 474.625 665.718 680.218 912.000 924.125 934.031 1141.093 1441.781 1500.406 1501.843 1758.250 1843.093 1844.156 1991.468 2140.843 2143.875 2239.718 2641.968 
76.000 84.093 95.125 197.000 198.625 227.375 317.875 524.000 680.187 735.093 755.562 910.218 1500.218 1503.718 1633.687 1677.343 1757.875 1771.125 1843.562 2005.562 2162.656 
57.937 76.500 84.156 109.843 201.281 410.750 411.687 502.437 549.218 667.875 753.875 918.250 928.968 1066.062 1140.968 1760.218 1763.718 1842.281 1843.562 1844.406 
