38.437 41.531 176.718 181.156 296.468 296.875 302.656 304.375 305.375 418.500 419.781 513.468 553.531 628.656 629.343 650.843 651.593 740.031 757.250 969.031 1051.156 1051.812 1078.156 1166.312 1167.312 1193.687 1281.312 1298.593 
19.843 20.968 30.000 41.968 181.093 296.218 297.218 304.093 358.781 418.312 514.437 516.125 545.437 625.625 664.812 856.093 948.125 1051.000 1052.375 1053.093 1165.625 1173.875 1193.250 1280.625 1281.187 1281.937 1316.593 1405.781 1406.156 
29.656 36.500 39.406 41.906 172.750 303.562 357.937 418.718 513.687 515.343 517.906 628.562 964.812 1052.375 1078.656 1080.781 1280.937 1282.968 1294.406 1446.875 
179.656 180.593 302.406 357.187 418.750 419.343 514.593 557.375 628.187 630.000 635.937 738.343 739.375 758.750 953.000 1078.687 1166.906 1193.218 
36.937 62.031 179.343 297.250 302.062 302.500 303.218 304.593 355.031 419.031 514.343 515.875 555.156 564.156 629.625 653.812 757.937 946.437 1051.812 1054.968 1078.031 1167.687 1168.281 1191.812 1278.593 1280.000 1280.750 1457.093 1461.281 
31.281 39.312 40.718 295.875 304.875 514.468 515.031 515.906 557.125 691.968 744.062 757.937 1051.625 1077.125 1078.000 1078.812 1098.437 1300.125 
34.812 40.875 41.625 297.250 304.187 419.343 514.218 516.562 544.937 563.281 598.718 628.687 629.718 739.343 758.093 947.531 1078.375 1079.281 1136.750 1165.562 1278.500 1280.750 1310.437 
36.906 38.406 41.875 42.343 178.906 304.031 359.937 417.906 420.000 451.718 514.593 629.125 630.125 739.062 742.468 757.843 953.375 1051.500 1052.375 1193.218 1194.843 1280.781 
36.062 40.562 183.593 295.000 296.906 302.718 303.875 513.500 515.000 627.125 628.687 650.562 652.531 750.781 1099.781 1100.281 1164.718 1298.437 
36.093 40.093 41.562 179.312 180.843 416.593 418.937 454.468 514.531 628.812 651.312 738.843 757.187 856.781 862.031 1052.593 1078.468 1167.187 1278.437 1317.031 
