42.281 78.625 83.093 114.718 212.125 219.718 309.781 406.468 419.875 584.750 626.437 673.500 867.375 921.843 1078.468 1080.843 1084.375 1087.093 1148.031 1239.937 1241.312 1245.500 1418.500 1422.906 1437.281 1506.312 1593.000 1742.625 1799.812 1831.500 1964.218 1965.093 3422.218 
78.281 123.375 194.875 306.937 312.937 324.906 592.000 625.843 642.875 874.031 901.375 920.125 934.500 1083.593 1238.312 1413.718 1440.906 1491.781 1575.937 1578.187 1873.218 2961.968 
31.375 107.062 300.312 307.156 422.093 554.343 591.687 625.687 866.125 918.937 949.937 1078.031 1083.468 1086.468 1092.125 1101.781 1147.468 1237.343 1239.062 1241.812 1263.000 1417.000 1423.468 1425.062 1491.156 1576.500 1795.437 1805.656 1810.000 3742.187 
31.593 56.187 73.281 100.750 187.750 218.687 292.625 310.250 581.625 585.312 621.187 627.781 880.187 920.218 923.750 1084.437 1088.812 1109.781 1239.625 1241.812 1417.812 1793.031 1808.437 1957.687 1965.000 
36.843 77.500 80.531 108.906 193.406 214.718 298.781 305.906 627.500 806.156 921.843 946.968 1151.468 1173.031 1239.281 1257.375 1417.687 1583.718 1743.687 1802.656 1938.156 1958.562 
36.718 73.093 74.000 99.437 146.125 187.718 198.093 204.312 308.468 310.656 417.625 424.343 581.781 620.125 792.625 920.093 1237.687 1240.500 1242.250 1412.781 1423.468 1486.406 1575.812 1743.562 1923.093 1957.843 
41.312 62.062 79.781 114.187 198.656 292.375 310.093 423.875 584.593 674.343 792.781 866.156 920.875 921.875 923.843 944.281 1078.937 1085.375 1093.000 1153.968 1237.906 1239.437 1253.875 1485.187 1576.281 1792.593 1793.468 1871.437 1958.500 1964.656 1986.000 
49.593 62.343 152.343 204.781 420.375 620.218 620.656 792.906 1151.312 1237.906 1243.593 1413.125 1416.468 1422.781 1440.218 1449.062 1491.625 1795.812 1808.312 1873.687 1957.625 
31.437 48.437 79.750 117.843 237.625 299.468 328.218 582.718 584.937 619.531 626.406 792.750 875.281 923.843 1094.625 1150.531 1238.062 1239.625 1245.718 1416.468 1430.593 1490.593 1578.687 1793.968 1958.218 1979.750 
60.875 299.656 306.250 310.281 620.531 633.281 668.218 790.687 922.437 941.281 1081.250 1237.718 1239.312 1240.843 1244.187 1416.312 1422.250 1425.156 1587.750 1742.625 1796.781 1827.781 1871.093 
