-1653.219 -839.438 -703.250 -373.157 -367.469 -90.407 45.781 198.250 337.937 413.125 454.125 750.031 1258.343 1340.468 1544.312 1585.625 1916.906 1957.125 1960.843 1994.656 2004.468 2045.250 2119.531 2201.531 2260.031 2346.000 3104.406 3114.312 3294.312 3516.312 3517.875 3753.687 3804.031 
-1883.282 -1618.125 -1486.250 -636.969 -284.907 -282.344 -128.094 -119.469 45.937 75.093 89.843 192.343 350.812 456.562 491.375 542.468 628.468 703.218 705.937 792.250 795.218 1065.562 1083.281 1139.625 1172.625 1204.156 1299.843 1354.593 1389.250 1510.218 1591.187 1836.718 1880.437 1916.843 1923.343 1973.750 2043.687 2076.156 2137.562 2301.468 2349.031 2443.750 3059.281 3344.843 3448.812 3650.812 
-1650.844 -1415.844 -1231.125 -1200.282 -1098.750 -671.032 -602.907 -485.657 -479.219 -471.719 -420.844 -406.938 -187.969 -27.125 -24.157 21.250 52.687 109.312 114.125 202.218 205.562 340.343 373.625 552.437 617.437 754.843 794.125 838.906 947.718 1082.843 1087.750 1123.125 1144.187 1167.250 1204.156 1207.656 1227.031 1322.281 1325.750 1334.312 1418.062 1584.937 1713.187 1927.437 2034.687 2122.625 2337.125 2374.937 2473.500 2937.625 2940.718 3461.718 3507.781 3514.875 3526.218 
-1904.469 -1863.938 -1860.188 -1846.907 -1839.688 -1549.907 -1491.907 -1264.250 -1248.813 -966.813 -939.000 -845.219 -507.469 -142.782 -76.438 18.531 20.343 49.312 57.000 65.218 70.156 78.875 109.937 260.562 406.000 456.312 535.218 703.656 705.718 754.812 757.968 795.343 860.500 901.718 1068.156 1084.875 1104.281 1131.968 1143.031 1167.843 1179.593 1324.406 1390.875 1395.593 1438.406 1598.625 1799.218 1868.125 2018.968 2040.312 2081.187 2088.031 2169.656 2172.156 2206.218 2262.312 3296.843 
-1683.750 -1005.282 -956.719 -955.157 -895.938 -430.563 -200.000 -163.907 19.937 46.625 55.187 69.687 90.843 103.500 107.593 402.125 409.656 448.500 590.750 702.187 751.437 838.687 1140.093 1249.500 1259.687 1277.093 1322.656 1448.375 1547.125 1829.093 1879.781 1919.968 1993.781 2039.781 2471.281 2533.250 2560.343 2592.625 3386.312 
-1200.250 -1193.813 -1193.438 -1167.063 -709.907 -708.282 -384.782 -189.375 20.000 49.187 55.781 67.656 195.781 197.875 257.937 264.187 336.906 344.250 409.718 496.156 591.343 702.281 707.312 791.406 798.093 838.781 952.843 1080.593 1139.718 1195.125 1242.781 1254.562 1327.500 1345.156 1506.531 1545.468 1605.312 1686.875 1724.750 1883.062 1890.312 1923.500 1934.625 2003.218 2006.937 2020.218 2120.687 2124.187 2179.562 2204.406 2444.218 2469.125 2536.750 2912.906 3345.406 3384.312 3408.218 3421.968 3981.812 
-1574.063 -1364.375 -956.000 -905.907 -885.219 -882.938 -754.657 -558.750 -543.907 -531.657 -467.938 -218.250 24.031 32.937 195.750 224.968 341.093 409.875 615.406 941.625 1283.562 1339.062 1435.968 1529.343 1546.187 1563.593 1648.968 1656.125 1732.968 1782.625 1805.718 2004.937 2077.875 2086.843 2301.875 3715.531 3715.750 
-1650.000 -1632.250 -265.188 -262.250 -236.532 -123.719 -118.282 73.125 195.093 337.750 345.375 366.031 446.343 460.687 477.531 575.343 593.187 792.250 939.156 945.906 1056.968 1083.031 1085.781 1208.375 1503.468 1509.125 1589.406 1650.843 1869.250 1878.062 1931.843 1998.812 2004.281 2005.437 2033.343 2047.312 2316.500 2452.375 2851.031 3189.593 3698.000 
-1965.594 -1940.969 -1381.094 -941.594 -900.094 -460.125 -378.875 -378.125 -215.782 26.468 173.187 195.281 211.750 339.656 410.562 702.625 1238.718 1442.218 1509.343 1548.562 1833.843 1837.937 2008.281 2044.937 2076.906 2141.125 2478.031 2759.593 2839.125 3211.625 3244.031 3855.593 
-1358.750 -1355.594 -1227.532 -638.750 -609.000 -552.750 -121.125 -89.688 24.906 103.843 268.312 405.781 446.750 589.250 704.750 802.437 975.218 1125.812 1133.250 1215.875 1250.812 1299.531 1322.875 1334.031 1379.437 1445.437 1888.250 2181.062 2186.031 2300.125 2301.531 2349.093 2715.250 2888.343 2893.937 2934.343 3498.468 3500.562 3501.375 
