-1452.969 -1257.813 -1184.438 -1003.969 -805.219 -366.500 30.156 177.718 288.812 316.625 349.218 383.312 398.093 400.062 457.937 468.750 492.656 574.875 660.937 697.656 716.812 987.812 1122.843 1557.843 1831.593 1833.375 1904.750 2052.531 2531.093 2557.687 2590.718 
-576.907 41.625 178.656 186.531 443.812 456.156 468.875 748.375 864.906 926.656 1013.468 1122.062 1188.593 1246.250 1554.812 1647.468 1830.312 3354.718 
42.687 178.968 210.812 286.531 456.531 493.093 664.218 864.937 924.718 1125.343 1148.937 1324.406 1389.843 1469.343 1492.906 1610.187 1662.906 1731.781 1751.718 1956.000 
39.906 574.656 1033.625 1169.656 1192.625 1496.781 1576.156 1863.843 1954.875 
17.531 115.562 483.750 638.062 666.031 878.000 1192.968 1321.562 1719.937 1721.625 1865.000 
290.000 306.000 697.375 773.656 877.656 1076.937 1123.687 1147.812 1753.312 
121.281 181.500 440.406 483.906 772.281 842.093 860.500 979.062 985.781 1323.750 1425.437 
112.843 291.718 640.781 662.875 700.718 1191.125 1667.156 1751.125 1978.062 1984.062 
-1710.563 -1208.907 -564.750 -433.532 29.500 32.093 44.437 179.281 181.125 187.312 243.031 270.750 350.093 425.250 455.812 521.343 551.812 554.343 661.437 663.531 706.937 746.343 747.906 774.000 837.406 925.468 927.000 986.343 1002.781 1014.343 1034.593 1068.187 1123.562 1167.656 1169.875 1189.156 1191.000 1193.781 1216.281 1244.500 1269.781 1320.625 1449.375 1576.218 1650.187 1719.750 1721.843 1723.500 1733.312 1744.500 1751.031 1805.125 1833.843 1863.656 1906.531 1953.500 1955.562 2709.562 3011.437 3367.156 
-1756.125 -1607.907 -1564.188 -1506.407 -1444.782 -1192.594 -1088.813 -1014.750 -830.438 -677.500 -620.344 -526.094 -256.282 40.031 72.156 92.156 117.843 164.843 178.312 186.312 305.437 349.593 395.968 397.437 422.375 455.968 470.281 569.843 576.843 578.468 636.750 660.906 662.218 697.343 701.187 747.312 837.093 838.781 847.218 863.593 925.937 945.343 1013.500 1034.937 1068.718 1121.593 1190.406 1194.843 1215.656 1217.781 1220.875 1244.750 1269.468 1271.187 1408.031 1423.343 1424.593 1493.593 1495.031 1555.187 1647.468 1660.906 1662.531 1720.687 1722.187 1751.187 1833.281 1862.218 1906.750 1955.812 2228.343 2257.406 2508.406 2533.531 3009.093 3311.625 3592.625 3683.281 3946.531 
