-1906.313 -1766.094 -1705.438 -1379.344 -844.250 -817.844 -767.625 -202.938 42.312 97.906 153.250 207.250 232.812 370.968 446.375 447.781 472.093 553.000 591.312 684.187 796.281 863.843 963.750 1001.843 1127.781 1165.593 1208.875 1210.312 1383.343 1427.062 1513.781 1566.718 1686.968 1696.968 1855.718 1957.687 2298.468 3233.687 3618.437 3997.312 
-355.782 99.437 208.562 685.875 819.843 862.468 1062.906 1128.750 1311.781 1325.093 1326.687 1396.250 1403.437 1470.031 1512.000 1695.218 1793.906 1815.343 1874.062 1930.812 1989.375 3695.937 
21.781 74.406 76.156 126.687 129.125 132.500 234.156 429.125 472.031 569.812 638.312 761.937 839.468 862.437 1102.156 1209.906 1326.437 1449.843 1486.281 1671.968 1774.875 1815.781 1829.906 1936.906 
155.875 428.937 431.531 592.375 763.406 763.906 899.437 984.343 1509.593 
290.187 636.343 642.312 863.406 1096.625 1383.156 1856.468 1874.250 
311.093 473.750 637.968 762.281 1312.312 1313.593 1404.281 1697.218 1815.968 1831.718 
13.531 37.375 74.906 210.125 210.656 449.187 470.812 509.343 551.875 592.125 673.093 709.031 761.937 878.812 1062.937 1128.281 1157.156 1246.375 1327.093 1354.968 1485.250 1509.343 1549.437 1669.968 1856.781 1876.250 
45.406 72.031 129.781 154.125 156.062 229.281 234.781 254.500 338.062 339.593 400.406 447.687 471.031 568.312 591.125 640.437 644.656 680.031 709.312 738.250 762.937 843.468 863.781 865.250 899.687 921.406 984.250 1193.906 1300.250 1310.937 1312.593 1358.156 1450.250 1483.750 1487.218 1549.093 1670.406 1733.500 1778.937 1795.375 1816.156 1855.718 1874.437 1934.093 1956.250 2858.625 
-1418.938 15.750 38.812 99.562 113.625 117.843 127.718 129.437 179.500 211.718 255.343 287.906 405.406 429.187 447.281 471.968 509.406 592.687 637.437 708.906 759.593 761.312 799.968 840.593 878.375 899.250 900.406 983.375 984.875 1061.750 1091.406 1210.625 1242.125 1245.562 1267.687 1329.437 1349.156 1350.125 1382.625 1406.218 1407.812 1508.968 1511.875 1675.250 1697.500 1757.375 1777.093 1856.156 1873.187 1932.812 1956.500 1991.968 
-1987.375 -1934.750 -1619.594 -1116.750 -1074.719 -934.282 -603.563 -564.969 -547.282 -471.844 -124.407 16.906 26.312 43.750 65.375 72.062 84.656 129.562 151.625 155.687 179.593 207.406 209.031 233.281 255.343 257.031 288.125 289.687 311.843 343.187 401.250 409.406 425.843 428.687 450.937 472.062 567.718 590.937 592.500 616.843 637.062 638.406 640.093 679.656 684.593 709.718 736.718 738.781 759.593 766.531 798.562 819.406 840.062 899.968 920.281 924.500 963.125 983.312 1001.343 1002.875 1091.281 1092.843 1166.875 1207.843 1209.281 1245.625 1269.781 1288.562 1311.312 1324.718 1326.312 1382.375 1427.375 1450.781 1469.062 1483.968 1485.531 1509.156 1511.093 1653.625 1695.156 1750.406 1794.812 1816.406 1855.312 1873.750 1932.687 1962.656 1989.531 2321.437 2639.937 2809.375 2838.343 2946.343 2997.156 3091.593 3305.843 3356.750 3482.718 3672.812 3754.531 
