-1554.657 -1467.813 -1402.969 -1225.563 -1067.407 -357.375 160.093 179.968 215.281 280.093 324.593 466.968 468.687 567.468 643.750 647.625 788.375 809.031 868.343 1014.406 1141.500 1143.968 1272.281 1349.500 1356.437 1495.687 1511.031 1973.406 1974.687 2176.687 2549.625 2638.125 2715.031 2992.531 3850.875 3942.812 
-1484.688 -575.032 -133.469 239.968 281.593 313.125 326.062 543.750 789.531 868.593 916.812 963.531 1014.156 1105.093 1141.625 1143.406 1237.312 1248.593 1665.562 1745.156 1828.593 1922.562 1995.750 2775.750 3649.031 
159.531 161.468 217.312 221.156 283.593 324.468 468.656 672.062 720.906 788.031 1051.718 1238.406 1317.375 1355.625 1439.312 1565.906 1744.937 1782.843 1786.875 1868.312 1941.218 
23.406 59.000 732.593 809.000 875.000 917.906 1016.468 1180.187 1466.593 1517.250 1994.843 
328.687 647.156 669.156 721.343 761.625 875.000 918.625 1200.312 1438.375 1629.531 1728.375 1785.218 1952.031 
58.281 377.656 421.156 1439.125 1565.656 
24.125 27.656 34.718 58.281 221.593 444.531 469.562 646.875 670.343 720.906 723.718 872.437 920.531 1157.156 1199.781 1508.906 1509.593 1529.250 1632.343 1730.312 1787.812 1994.718 
66.062 218.843 221.250 497.437 526.093 916.750 1139.968 1142.750 1198.312 1368.093 1493.343 1496.312 1510.718 1630.781 1631.437 1974.781 
-1896.063 -692.375 21.718 23.312 32.781 34.375 67.343 103.062 159.812 207.656 217.531 240.062 283.906 328.593 365.031 419.531 434.312 442.937 444.406 542.437 569.812 605.375 607.437 647.000 649.406 667.937 722.031 866.093 946.312 1012.218 1013.593 1015.187 1140.843 1179.718 1203.687 1235.687 1253.375 1302.125 1354.781 1365.906 1408.812 1466.500 1496.125 1509.062 1511.375 1529.750 1567.781 1629.656 1677.250 1785.500 1827.718 1922.656 1950.500 2476.875 3118.187 3165.406 
-1883.500 -1789.563 -1655.188 -1570.469 -1446.594 -1404.157 -963.782 -841.219 -694.282 -59.469 -17.000 20.156 23.031 32.906 34.750 85.625 148.218 156.781 180.218 181.781 206.000 216.031 218.125 252.156 282.718 310.687 325.843 328.031 383.250 422.343 443.437 467.875 487.812 521.250 542.250 567.062 606.468 639.593 721.125 758.062 788.718 790.437 866.312 915.125 916.687 978.406 989.156 1011.968 1013.406 1015.187 1111.625 1139.250 1140.875 1159.781 1181.000 1182.656 1222.843 1249.968 1275.281 1354.250 1408.437 1438.250 1465.562 1493.968 1509.250 1510.312 1510.750 1548.781 1609.000 1628.968 1630.468 1632.875 1681.187 1707.687 1727.031 1733.687 1783.406 1827.937 1837.437 1839.406 1855.125 1921.125 1974.281 1994.593 2334.875 2803.875 3277.906 3376.093 3393.656 3584.281 
