80.218 96.125 137.218 147.968 151.593 257.781 261.562 321.500 509.906 569.906 664.281 1153.781 1201.531 1236.875 1254.718 1313.187 1413.125 1437.906 1546.468 1637.062 1736.968 1828.093 1946.250 3353.312 
117.875 127.968 165.656 190.250 223.750 302.062 318.687 509.437 528.437 602.156 606.531 719.125 730.000 739.906 838.281 852.875 895.218 945.656 1052.468 1235.156 1328.312 1402.093 1429.968 1432.937 1596.750 1600.531 1619.062 1655.062 1735.031 
102.093 106.343 214.531 215.843 234.375 274.593 307.562 323.468 364.531 415.312 464.906 506.750 507.343 570.312 723.687 781.187 808.593 814.593 835.062 881.187 895.218 897.187 1052.750 1098.750 1114.656 1126.125 1182.250 1188.687 1294.187 1408.468 1607.468 1656.718 1748.281 1919.250 1923.812 
30.312 58.718 98.312 113.937 168.656 193.687 308.093 338.343 458.437 493.125 948.406 987.875 1054.531 1088.062 1114.000 1198.656 1314.281 1330.031 1382.531 1387.437 1430.625 1464.718 1480.750 1596.375 1656.843 1704.906 1747.937 1818.156 1917.312 1981.281 3846.156 
-474.875 36.531 46.531 58.906 93.343 113.656 158.500 167.343 214.906 263.593 287.218 296.937 308.531 323.718 329.250 337.531 342.187 348.906 353.156 403.937 408.250 414.250 432.593 748.750 776.468 797.593 815.718 898.250 908.031 921.281 1009.437 1036.031 1291.343 1309.937 1315.968 1319.843 1396.750 1466.531 1524.906 1596.031 1624.531 1661.687 1740.843 1800.250 1824.968 1828.406 1945.718 2212.968 2286.343 2890.656 3624.250 
-1617.438 -1119.219 21.750 39.375 56.781 64.000 115.656 121.843 182.000 184.062 259.500 263.843 354.937 403.781 425.250 475.406 570.812 630.656 719.625 722.062 738.281 764.968 794.593 800.625 868.843 919.187 1063.812 1088.875 1192.593 1227.000 1364.156 1372.625 1382.343 1405.968 1431.937 1498.156 1530.687 1547.562 1591.968 1604.718 1610.593 1658.687 1724.843 1730.500 1951.625 2088.406 2565.875 3135.968 
30.031 61.062 102.281 202.656 208.031 214.343 259.937 263.812 269.656 296.687 353.218 385.406 403.875 430.656 460.312 578.750 629.062 724.656 1090.500 1134.718 1245.281 1262.843 1290.562 1382.750 1406.656 1478.531 1480.500 1493.000 1523.781 1557.718 1563.656 1607.250 1670.343 1880.062 1933.968 1942.062 1970.437 1986.375 2139.937 2396.687 2434.750 2511.656 2845.843 3395.187 3413.000 3462.468 
-1819.782 -694.157 34.093 37.875 62.875 67.562 113.312 263.000 272.812 286.125 300.500 361.843 524.062 555.156 613.375 712.937 770.687 796.687 855.187 922.750 967.500 971.843 989.031 991.218 1005.375 1053.531 1055.656 1127.343 1261.406 1262.937 1289.031 1382.062 1383.187 1433.812 1460.906 1480.250 1493.125 1544.375 1556.156 1596.000 1606.937 1639.250 1663.593 1701.093 1706.625 1729.156 1745.187 1825.500 1856.375 1866.468 1896.281 1934.312 1946.437 2377.593 3100.718 3489.093 
-878.875 -617.907 44.125 111.468 115.593 193.375 194.906 227.625 288.625 322.687 324.968 345.406 349.281 576.968 578.125 585.187 595.125 600.937 612.500 677.843 715.937 729.187 771.937 920.500 968.468 1004.875 1035.312 1126.781 1271.968 1330.093 1364.468 1383.312 1434.000 1572.718 1594.562 1595.468 1661.156 1745.437 1751.625 1827.156 1834.937 1884.281 1910.312 1932.375 1944.593 3044.375 3318.843 3453.750 3894.375 
28.812 71.562 97.812 114.187 115.281 117.968 170.125 196.125 253.906 264.718 271.312 281.250 414.437 491.093 567.500 597.343 637.531 670.218 673.937 703.875 779.781 862.468 894.406 1008.718 1049.125 1064.406 1091.468 1097.531 1191.625 1229.718 1295.531 1347.562 1370.312 1382.843 1458.437 1917.937 1935.156 1970.968 2371.843 2419.687 2570.187 2937.125 3845.937 
-857.563 -719.594 36.468 60.312 79.750 93.812 101.593 158.812 168.437 218.875 219.937 299.468 310.312 393.031 409.500 469.125 474.875 493.437 530.250 609.375 723.437 725.218 754.562 836.718 1085.312 1093.062 1098.250 1100.156 1101.593 1160.000 1204.531 1230.093 1235.593 1269.937 1342.750 1403.187 1419.562 1429.687 1460.250 1639.250 1645.843 1706.125 1712.937 1826.656 1935.750 2760.093 
30.375 37.843 73.218 128.843 139.656 151.218 278.593 306.968 323.281 362.437 372.156 432.875 513.687 700.718 721.875 796.000 971.843 1035.937 1054.437 1086.937 1115.937 1121.125 1165.468 1216.593 1290.312 1330.625 1355.062 1370.687 1384.718 1412.750 1421.625 1596.000 1656.750 1704.468 1716.375 1920.531 1937.062 2329.312 2533.781 
23.437 52.343 96.781 112.281 118.093 129.468 135.687 202.781 222.937 236.062 295.218 310.687 328.281 336.656 355.781 430.031 591.218 616.562 669.125 672.937 730.343 740.281 752.562 810.937 896.687 905.968 909.312 912.281 1123.125 1235.843 1302.843 1310.906 1354.156 1478.718 1547.937 1568.781 1685.718 1711.031 1736.062 1752.812 1855.406 1862.125 
64.125 67.718 93.843 126.625 181.843 405.531 455.906 459.937 483.906 551.531 574.500 606.500 662.531 672.406 728.218 801.593 1018.062 1044.125 1099.062 1212.031 1216.468 1293.937 1318.187 1364.125 1460.125 1610.312 1668.125 1721.500 1827.000 1835.218 1883.437 1951.250 
