-1926.063 -933.469 20.875 79.656 271.125 293.750 309.250 351.312 374.406 470.343 583.156 677.031 694.000 736.531 960.500 1006.406 1107.250 1155.406 1218.500 1245.656 1269.843 1409.125 1444.812 1776.937 1878.187 1938.343 2032.875 2072.218 2084.093 2294.812 2385.843 2911.187 3292.468 3766.656 3828.437 
65.000 65.656 118.937 215.000 295.625 309.687 355.968 383.875 397.250 404.750 472.312 651.781 753.312 950.875 963.468 1000.343 1119.312 1130.750 1138.406 1153.687 1233.031 1244.281 1264.187 1350.062 1369.750 1386.343 1487.000 1520.750 1610.125 1631.468 1809.281 1886.156 1911.125 2004.968 2069.593 2081.656 2129.812 2159.093 3366.281 3676.937 3927.687 
-384.125 21.750 265.937 286.281 368.062 379.062 662.750 926.281 943.906 995.437 1107.187 1247.031 1420.281 1427.718 1438.593 1485.468 1503.718 1614.937 1804.250 2043.156 2082.843 2105.281 3249.093 3700.000 
280.000 318.781 335.656 684.250 754.468 894.937 902.312 909.156 944.000 1247.093 1262.437 1392.875 1475.250 1613.343 2019.156 2080.218 3840.906 3986.843 
46.125 60.625 223.031 267.281 382.468 399.937 895.562 963.656 985.281 1105.593 1246.125 2006.500 2042.968 2262.875 3528.812 
-320.282 302.968 431.343 459.125 771.562 935.718 1248.062 1262.500 1923.125 1943.000 2289.468 3642.187 3771.656 
1098.718 1881.656 
221.437 266.406 350.375 581.437 755.218 853.156 961.843 1215.781 1375.125 1895.500 2174.437 
47.375 343.187 798.000 1108.062 1368.437 1623.500 2223.000 
157.281 483.531 579.625 645.093 1912.000 
-525.657 22.156 64.937 318.906 979.593 1242.750 1253.937 1805.312 
64.812 291.281 1358.156 1371.906 2504.281 
1281.625 2183.156 
291.500 669.968 1613.187 
