-1353.782 -1014.094 -145.282 -82.907 3.062 47.843 92.281 260.500 366.312 374.625 428.656 493.437 554.718 616.187 684.375 760.906 778.406 910.406 916.593 920.687 939.218 978.156 1008.906 1017.593 1021.687 1079.625 1687.156 2389.750 3022.375 3118.343 3386.437 3673.750 3916.343 
47.312 92.687 221.156 233.093 254.812 340.562 373.093 445.281 507.250 600.062 644.656 677.656 706.718 768.968 816.343 863.250 976.687 991.500 1059.281 1060.031 1081.281 1140.562 1782.406 1883.125 1966.093 2100.531 2125.718 2624.000 2683.343 
-1546.063 -796.250 29.687 66.875 94.187 123.500 295.812 357.656 444.062 477.093 526.812 810.656 852.531 911.093 958.593 1054.656 1787.281 2210.187 3046.968 
-1837.438 -240.407 30.468 63.812 251.937 400.562 439.968 463.062 500.656 580.968 597.750 609.375 644.281 698.062 887.062 895.812 910.031 940.500 1002.562 2075.718 2230.625 2630.281 
-1256.500 65.562 77.343 208.968 315.406 578.843 699.031 817.312 1135.750 1406.000 1827.750 2164.875 3145.375 3946.125 
94.156 126.000 239.750 260.875 478.125 577.750 857.500 889.000 1002.281 2060.875 2254.875 2764.562 3090.781 3870.250 
27.343 64.375 425.156 449.812 455.875 471.468 505.437 636.343 963.843 1041.906 1131.031 1647.437 3814.406 
274.937 724.093 
48.843 65.312 79.250 321.562 886.218 1026.781 3259.250 
65.250 224.375 582.031 717.406 754.000 888.875 959.625 1121.593 
92.968 
86.062 680.656 959.593 989.281 1752.843 
60.406 
16.937 79.156 509.218 3855.625 
