229.250 367.375 479.000 615.875 620.781 639.531 709.812 795.906 864.750 892.187 965.000 1003.406 1038.968 1053.718 1061.718 1172.593 1201.750 1302.437 1337.125 1371.875 1417.031 1426.437 1481.375 1577.406 1750.625 1828.281 1863.875 1928.531 2134.906 2274.187 2282.406 2500.312 2562.500 3364.656 3400.718 3429.562 3444.156 3457.156 3489.750 3491.218 3525.281 3648.718 
69.437 126.718 184.406 219.125 242.468 282.437 354.625 415.812 511.375 551.250 615.031 635.281 649.906 713.406 740.531 741.937 812.250 821.531 855.000 887.812 902.062 914.687 961.750 972.937 1011.843 1043.250 1056.281 1092.281 1097.750 1120.156 1186.781 1199.000 1263.531 1264.968 1291.312 1321.906 1390.750 1446.187 1488.031 1534.531 1599.593 1737.031 1759.937 2032.156 2597.593 2625.875 2626.093 2696.187 2700.437 3027.375 3030.718 3106.968 3152.718 3802.406 
26.500 122.968 125.250 229.125 289.437 321.812 588.281 621.875 635.562 648.062 718.468 856.406 925.187 972.218 1011.031 1022.625 1035.593 1050.312 1060.187 1067.562 1071.687 1080.437 1083.000 1088.750 1123.093 1136.500 1138.125 1190.750 1262.187 1283.406 1299.187 1301.937 1339.718 1342.062 1403.843 1409.906 1484.312 1630.968 1682.937 1820.250 2242.625 2331.406 2335.531 2402.187 2525.343 2935.187 3112.562 3594.437 3656.500 3838.718 
236.187 293.156 325.500 395.812 570.718 633.437 656.687 732.843 851.812 900.843 953.312 966.593 982.687 998.750 1013.187 1014.468 1049.000 1083.343 1106.843 1111.000 1145.562 1207.562 1304.562 1411.437 1424.718 1439.906 1466.375 1506.281 1529.375 1580.593 1617.062 1758.000 1805.781 1853.937 1914.187 2040.125 2088.218 2131.593 2734.875 3478.968 3600.000 
237.156 313.937 478.375 527.781 555.437 612.375 634.437 705.750 723.031 773.375 863.562 908.968 971.062 1011.281 1077.437 1088.343 1102.937 1120.000 1124.156 1154.187 1171.468 1206.312 1264.562 1400.625 1440.312 1521.406 2609.875 2635.968 2817.062 3136.031 3139.375 3347.218 3388.125 3935.218 
236.312 495.312 527.968 617.875 875.656 924.375 978.093 1054.656 1081.281 1100.656 1128.468 1153.843 1386.687 1406.375 1425.281 1463.031 1501.281 1586.625 1816.937 2042.656 2964.312 3030.843 3080.187 3083.187 3435.343 3522.062 3673.312 3676.656 
9.375 17.125 244.312 464.968 775.312 826.500 894.187 944.687 1011.937 1087.968 1290.968 1394.968 1424.343 1981.093 3550.531 3578.718 
107.375 209.343 312.750 1020.187 1526.781 1550.250 1755.062 1758.343 2009.187 2012.906 2515.250 2520.093 3037.687 3238.875 3933.281 3940.968 3978.468 
94.312 107.750 496.468 1374.875 1409.562 1429.593 1459.593 1479.093 1546.781 1753.781 1758.281 1856.125 1911.687 2143.968 2890.343 2971.093 3421.406 3440.156 
119.218 224.218 669.406 901.468 1136.156 1334.875 1341.468 1376.812 1415.718 1426.406 1455.281 1460.218 1536.843 1722.656 1728.281 1834.218 2791.281 2807.593 3468.875 3509.218 
