25.875 100.625 111.531 255.437 300.968 318.906 367.437 391.000 409.000 489.062 498.500 520.187 537.250 540.406 564.375 567.593 585.562 611.937 634.906 643.750 692.906 1145.593 1189.156 1301.468 1409.125 1512.187 1533.500 1570.500 1914.718 1969.093 2012.906 2168.718 2257.250 2621.843 2652.906 2662.875 2875.937 2877.531 3214.718 3340.531 3986.531 
84.687 105.968 120.187 140.343 149.531 149.937 161.843 162.625 169.750 218.093 236.593 257.531 318.625 321.781 345.031 386.593 488.687 562.468 576.812 589.218 592.906 665.875 704.031 752.312 853.281 1026.218 1056.718 1122.187 1169.718 1291.687 1408.593 1506.250 1662.500 1729.093 1817.312 1930.093 1961.968 1976.468 2355.281 2658.343 2663.687 2707.062 2822.406 2875.031 2883.593 3261.375 3264.156 3831.562 3854.875 
107.468 125.062 157.562 217.468 245.937 375.937 409.156 413.218 538.812 548.593 576.187 599.812 638.781 650.250 740.218 755.593 862.000 986.625 1057.468 1086.125 1233.937 1390.500 1837.062 1861.468 1907.437 1945.125 1975.562 2119.593 2434.218 2509.843 2559.750 2722.906 2869.000 3045.718 3046.968 3255.656 3826.843 
127.875 186.125 387.250 410.906 421.093 544.875 546.250 589.343 631.437 663.218 753.781 985.093 1084.218 1098.187 1109.593 1186.250 1269.062 1421.062 1505.156 1529.468 1550.750 1656.312 1883.656 1921.437 1926.406 1983.031 2121.906 2221.937 2260.000 2274.843 2403.875 2461.187 2963.062 3333.500 3436.437 3488.250 3498.343 3833.875 
73.718 123.562 172.250 253.843 267.031 401.812 453.375 523.718 556.031 577.062 672.281 1031.750 1105.187 1152.625 1164.343 1478.468 1489.593 1642.375 1680.406 1897.375 1956.000 1985.031 2084.937 2432.218 2445.562 2463.062 2642.406 3074.500 3223.656 
116.093 182.812 393.156 404.718 421.281 455.500 545.093 596.718 751.625 927.250 1169.593 1202.968 1297.187 1306.656 1751.031 1932.468 1968.906 2043.687 2836.968 2839.781 2845.468 3263.906 
116.000 131.093 151.843 266.062 317.312 384.000 388.250 402.218 418.031 422.093 424.406 654.781 844.343 984.062 1054.843 1330.812 1493.875 1541.656 1645.593 1716.937 1722.437 1775.812 1811.656 1869.468 1948.906 1967.156 2353.562 2361.968 2595.500 2606.687 2779.062 3415.906 3434.718 3503.312 3530.156 3553.093 3695.187 3744.875 3760.812 3782.250 3821.187 3868.500 3897.593 3898.531 3926.468 
152.312 200.093 397.625 401.875 750.312 960.875 1152.406 1725.843 1770.718 2224.750 3417.656 3423.125 3551.031 3557.281 3749.812 
8.843 375.781 382.406 446.593 744.562 749.062 1071.031 1122.250 1127.125 1135.312 1359.718 1742.968 1950.687 1955.906 1994.062 2526.437 2688.000 3636.750 3673.375 3814.531 3869.312 
333.250 403.437 1044.687 1115.468 1145.468 1157.156 1179.093 1219.562 1355.625 1482.937 1732.562 1741.531 1996.156 2849.906 2853.625 
