179.656 181.406 190.656 194.156 327.281 371.593 372.750 415.062 427.437 448.906 474.812 534.312 539.625 556.968 562.781 564.312 589.875 609.843 661.875 717.125 834.875 893.281 959.656 1032.906 1034.531 1156.125 1205.625 1244.687 1264.031 1305.593 1337.687 1381.093 1383.656 1429.156 1559.562 1677.843 1842.562 1900.031 2173.281 2283.000 2408.281 2431.468 2776.125 2790.156 2873.781 2905.187 2946.156 2962.062 3361.000 3816.843 3887.593 
12.125 117.906 185.718 270.812 295.781 303.500 435.187 445.625 447.312 465.312 539.593 545.968 564.812 670.312 899.250 931.437 1029.562 1056.531 1092.718 1176.093 1179.375 1272.937 1304.906 1369.656 1398.343 1488.218 1650.406 1718.531 1932.656 2003.656 2201.406 2358.281 2575.000 3074.156 3844.500 3876.375 3973.312 
16.218 113.531 169.625 298.031 327.125 480.468 512.125 536.312 562.468 589.281 600.250 611.562 617.500 626.125 723.687 761.937 778.781 858.343 913.250 946.625 996.281 1013.718 1023.531 1029.437 1030.687 1246.093 1287.375 1343.343 1370.875 1430.656 1503.312 1761.156 1801.562 2002.031 2042.750 2066.000 2212.562 2241.500 2304.281 2469.093 2811.937 2816.125 3389.593 3550.562 3720.656 3758.218 3777.750 3972.781 
73.656 156.437 182.125 416.625 470.500 488.531 528.500 536.906 615.937 711.406 935.937 968.125 1084.468 1107.250 1138.000 1167.687 1198.250 1322.437 1396.906 1512.593 1547.093 1815.375 1949.843 1985.531 2729.343 2742.062 2893.468 3030.843 3261.500 3510.375 3619.562 3628.625 3947.593 3950.937 
169.437 203.031 328.125 459.343 487.281 519.781 541.437 545.250 614.968 682.062 890.937 1008.500 1192.531 1263.437 1293.531 1486.437 1546.906 1882.687 1916.718 1924.531 1962.937 2017.343 2049.562 2086.031 2147.843 2399.468 2423.531 2466.281 2539.000 2623.343 3172.843 3324.375 3501.406 3574.843 
102.375 394.156 446.468 574.281 602.187 1201.718 1212.718 1219.343 1223.656 1248.437 1310.968 1342.343 1349.687 1372.125 1401.750 1424.468 1429.968 1445.093 1964.531 2677.500 2685.750 2694.031 2701.062 2719.187 2738.531 3711.781 3795.968 3967.281 3968.500 3991.906 
17.281 174.093 448.250 541.218 550.656 567.750 602.718 675.187 938.000 1195.906 1324.125 1327.375 1921.562 1984.562 2016.531 2064.468 2066.531 2118.468 2763.312 2765.031 2769.656 2843.750 3850.437 3882.187 3886.875 
124.906 139.593 243.062 414.750 507.125 779.562 1253.812 1272.937 1306.125 1764.031 1906.906 2423.125 2435.312 2538.625 2838.218 3113.093 3124.656 3134.500 3142.562 3500.281 3634.718 3638.218 
205.625 209.000 413.062 452.500 543.687 610.812 612.593 1271.906 1319.625 1486.187 1769.468 1775.406 1983.625 2025.906 2077.531 2602.062 2613.093 3140.968 3151.625 3207.656 3359.187 3483.781 3833.187 3882.718 
207.406 300.531 370.406 543.531 667.968 844.062 1275.593 1615.656 2535.375 2558.625 3305.718 3510.218 
