404.843 472.406 1118.593 
19.156 472.218 524.281 980.625 1144.312 1313.875 1372.093 1723.937 
417.781 525.343 981.468 1117.562 1417.687 
17.625 162.843 649.218 825.000 1043.375 1266.843 1314.875 1528.218 
16.906 217.093 725.750 1265.187 1417.156 
959.093 1314.843 
51.093 189.125 473.531 557.000 885.843 1117.812 1226.000 1921.812 
16.531 16.875 20.718 472.718 1418.281 1920.468 
24.093 28.656 86.031 1055.437 1575.187 
16.687 85.500 86.250 86.437 443.750 474.000 557.468 1052.656 1266.031 1802.750 
