12.625 125.343 151.031 201.687 1813.687 
20.625 23.687 50.218 66.437 191.843 203.343 224.687 241.000 309.000 422.750 448.406 450.062 528.000 589.781 794.843 836.218 874.187 897.281 965.031 1089.843 1149.000 1399.250 1776.750 1981.906 
23.187 93.312 113.781 150.968 256.437 425.375 456.656 512.312 669.218 924.000 1138.968 1208.406 1655.750 
9.812 284.000 446.437 590.218 668.406 687.531 1019.343 1086.656 1485.843 1511.468 1713.937 1749.468 
10.687 23.000 53.125 325.312 433.218 470.093 560.343 634.187 816.968 861.125 897.937 999.250 1027.593 1091.343 1398.375 1527.187 1731.031 1747.937 1814.062 1893.812 
15.625 66.843 80.218 150.343 424.312 472.593 532.593 591.718 655.312 734.750 895.375 919.500 954.031 1122.093 1180.312 1258.750 1279.531 1344.687 1399.687 1748.281 1857.406 1892.406 
72.937 81.093 125.250 358.843 364.968 425.406 438.093 668.406 698.750 954.718 1063.000 1224.125 1326.531 1349.312 1444.156 1469.250 1672.500 1711.375 1931.000 
10.687 81.500 123.312 144.468 158.031 465.843 472.375 507.062 654.562 669.093 955.062 979.531 1243.062 1369.250 1399.968 1584.562 1689.625 
41.812 204.625 257.312 559.968 736.000 860.968 957.687 993.875 1203.312 1268.625 1813.312 1861.781 
84.250 93.875 130.875 325.156 408.281 530.687 696.562 819.843 891.718 1456.812 1842.656 
