17.062 20.937 464.187 1310.000 1355.468 1418.468 1606.156 
119.968 215.093 270.781 488.031 559.468 692.968 719.437 914.625 1177.937 1180.312 1308.031 1609.531 1615.375 1650.531 
76.437 154.531 213.937 325.343 376.281 403.593 664.500 1235.125 1284.406 1438.187 1508.656 1606.062 1628.937 1705.312 1974.750 
65.125 108.625 154.812 167.281 212.750 431.437 443.531 521.625 719.812 824.906 1000.156 1356.000 1488.218 1566.531 1866.968 
73.750 91.531 175.687 184.406 419.156 468.406 578.093 747.093 1044.187 1189.125 1727.187 1823.750 1839.437 
24.062 51.812 75.593 110.937 159.093 174.406 396.875 558.062 597.781 723.406 805.125 1194.562 1222.250 1234.812 1344.781 1453.812 1610.437 1960.781 1974.906 
229.281 289.468 308.312 527.031 702.843 758.437 823.250 1071.250 1209.125 1248.250 1313.312 1409.843 1502.906 1606.937 1742.468 1876.281 
121.250 153.937 288.531 335.437 464.937 557.687 598.937 720.281 827.625 980.937 1126.312 1219.156 1759.187 1879.406 1931.781 
29.562 267.343 309.000 489.625 599.375 686.375 822.218 843.781 862.406 1309.406 1343.562 1360.093 1630.718 1838.468 1895.625 1941.406 
53.843 61.031 249.750 290.687 307.656 464.687 488.218 541.312 634.000 915.375 928.875 979.781 1276.093 1466.000 1545.500 1583.093 1893.562 
