279.843 300.718 305.937 555.218 738.718 739.687 796.218 1022.968 3171.937 3172.562 3179.781 3181.812 3210.218 3562.562 3574.125 3601.562 3789.218 3805.531 
66.218 178.312 1032.031 2383.281 3945.593 
38.218 305.031 1146.000 1779.531 2066.906 2683.843 2685.531 2693.312 2739.156 3069.062 
247.812 399.781 817.187 1145.375 1624.656 2066.812 2068.093 2078.125 3215.562 
58.843 649.593 690.781 729.968 2574.437 3058.562 3450.843 
157.750 507.593 884.031 1131.031 1132.750 1182.625 2789.218 2799.312 2949.343 2965.593 3806.687 
61.312 69.125 301.656 585.593 713.781 823.656 1852.312 2589.875 2679.156 3705.812 
314.031 616.937 798.750 3200.000 
171.187 611.750 637.187 729.218 870.906 1128.312 1137.187 1287.656 2554.187 3965.812 
681.000 732.562 813.718 1126.875 
