3645.625 3664.312 3697.031 
2125.093 3718.375 3741.312 3750.468 
443.718 500.312 850.718 
123.406 415.531 836.781 856.312 895.656 899.687 1171.187 1810.812 3548.937 
1125.562 2125.906 2142.500 3976.343 
465.187 475.625 774.781 1741.656 3664.125 
52.625 1176.968 1235.968 3670.437 
604.156 649.375 755.843 978.531 1311.406 1711.031 1795.156 2121.750 2127.625 2370.718 2504.218 3934.625 
470.812 587.500 765.781 896.531 954.687 988.343 1204.750 1504.593 1632.500 1942.656 2171.562 2232.812 3278.406 
377.250 627.312 648.156 660.062 968.187 977.281 1601.750 2127.718 3643.468 
