-1798.938 -1792.407 -1789.407 -1779.094 -1771.563 -1758.594 -898.594 -642.313 -482.344 -276.282 71.062 133.281 1607.937 2065.937 2713.906 3117.906 3127.593 3803.062 
-1729.219 -819.407 -209.563 -62.500 -52.407 -51.407 -37.907 -16.125 23.812 424.375 2973.156 3270.156 3309.531 3331.093 3987.187 
-758.532 -271.375 117.906 236.750 1880.656 1944.531 2658.468 3414.937 3448.031 
-1799.875 -1794.125 -1258.438 -1249.032 -1231.938 -1209.469 -731.438 -375.375 24.500 26.750 396.562 459.000 2435.562 3965.468 3982.718 
-1116.657 -822.532 -820.625 -819.875 101.562 117.625 2014.750 2039.875 2040.968 2049.687 2053.250 2722.562 3089.343 3094.468 3109.281 3826.500 
-1451.500 -1102.125 156.875 208.000 235.656 425.656 2394.750 2413.562 2711.656 2768.093 3331.531 3530.468 
-828.375 -758.969 -459.219 -388.250 -127.188 45.687 80.281 96.718 945.437 1107.968 2933.968 2940.343 2944.625 3388.656 3807.812 3835.343 3846.343 
-1761.500 -1689.875 -1184.063 -931.688 52.218 61.593 69.968 118.781 138.531 1544.843 1570.156 1735.375 3224.906 3307.843 3767.812 3823.187 
-1609.594 -1535.063 -986.250 -794.563 -510.500 -314.094 26.000 53.906 143.156 257.500 426.906 1285.906 1335.750 1843.312 2013.187 2762.218 2784.906 2792.281 3570.968 3873.250 3878.156 
-1663.032 -1567.594 -1554.532 -1155.407 -72.594 -61.032 -31.188 -24.063 -22.688 46.468 57.125 436.375 731.687 1145.656 1374.687 1870.312 3203.968 3297.968 3750.125 3938.218 3973.312 
