27.187 70.468 73.750 87.406 91.468 120.718 158.000 162.593 168.218 168.531 249.531 357.593 397.000 466.000 469.687 481.250 548.812 700.093 1159.093 1192.437 1205.718 1285.343 1304.281 1554.375 1557.687 1593.125 1694.406 1804.843 1836.531 
25.031 36.093 44.406 70.812 77.562 86.906 98.500 115.718 118.593 166.687 341.125 366.562 375.968 398.906 419.000 466.875 683.468 1001.250 1200.593 1594.062 1604.000 1790.187 1904.250 1911.312 1924.406 1941.750 2032.093 3095.000 
75.250 123.562 163.468 256.937 266.468 270.718 276.187 369.281 448.500 685.343 714.625 719.468 945.750 1046.718 1210.968 1609.375 1840.375 1879.562 1915.906 3062.125 3077.812 3106.281 3114.031 
170.843 467.468 731.562 1659.187 3289.656 3293.625 
25.250 150.937 267.687 683.437 725.281 1331.968 1561.406 1910.375 
7.093 93.125 101.031 166.750 223.843 228.281 233.156 238.468 265.781 465.687 665.593 698.406 706.750 817.406 964.781 1622.968 1800.593 1916.812 1920.562 2817.812 
26.281 47.125 50.375 94.718 115.031 658.468 898.593 921.437 1221.718 1224.656 1267.781 1550.968 1795.437 1853.937 3314.843 3367.968 3443.968 3459.187 
70.375 85.625 90.937 115.625 116.125 211.593 295.343 598.812 685.281 691.000 1221.812 1234.687 1583.781 2729.031 3640.218 3646.156 3650.375 
25.093 30.468 82.656 113.187 1303.031 1571.343 3886.531 
22.625 76.062 87.468 94.937 185.187 565.468 904.687 1601.312 
