28.218 49.125 68.187 101.625 128.968 131.968 155.812 360.562 361.281 363.343 473.156 505.750 766.312 797.000 800.187 809.531 949.156 1257.031 1282.625 1330.625 1370.968 1591.000 1701.343 1889.656 1991.281 3863.000 
46.062 72.718 223.125 342.875 364.312 496.968 691.031 1095.125 1106.562 1291.093 1310.812 2540.437 2545.281 2547.125 2549.281 3459.250 3463.875 3464.781 3478.156 3921.531 
214.125 353.906 357.531 473.562 1083.531 1102.125 1577.781 1883.406 3905.468 3935.437 
290.718 345.343 360.343 362.062 1325.656 1704.406 3991.625 
28.687 882.375 896.812 1282.281 1953.656 
348.750 362.000 369.312 735.250 954.500 1764.750 1877.125 1888.250 3136.593 3148.468 3169.968 3176.781 3228.656 
494.000 795.750 960.625 1538.843 
24.843 51.250 110.812 307.406 356.000 466.625 1310.062 1669.468 1893.156 1927.500 1960.343 2527.656 3337.093 
35.187 60.843 1308.093 1889.312 1894.187 1976.500 3833.718 
29.718 31.531 805.218 926.093 3220.218 
