19.937 22.062 71.875 280.281 318.468 619.937 671.000 685.500 916.562 934.718 941.531 942.468 1043.781 1259.562 1566.468 1683.687 1761.625 1845.156 3040.625 
15.312 20.812 27.750 79.843 96.531 324.875 614.125 670.906 696.281 
56.062 67.968 286.781 343.593 502.875 628.000 696.718 923.937 961.781 1687.687 1770.093 1871.218 1875.468 
15.312 18.531 33.125 93.937 998.843 1172.156 1214.531 3868.562 
14.937 27.250 52.500 3193.656 3195.187 
14.375 18.875 52.125 374.812 420.500 433.531 535.312 918.687 949.781 1261.062 1456.843 1588.593 1717.968 2629.156 2633.843 2640.687 3579.093 
15.500 16.375 17.375 19.593 918.312 1238.843 3324.718 
15.468 48.875 325.031 629.468 1088.562 1235.187 1244.406 1249.406 1678.468 
17.093 20.062 91.906 295.500 520.531 626.812 686.000 1210.593 3176.312 
16.906 18.812 19.687 358.781 3546.781 3568.875 3569.750 
