22.937 31.375 32.218 66.062 71.000 73.718 358.875 463.562 464.687 468.062 470.437 471.187 479.656 496.937 805.437 925.687 941.906 1014.218 1018.000 1082.843 1154.531 1158.031 1504.718 1551.000 1655.968 1688.656 1699.625 1702.312 1707.718 1723.062 1735.437 1990.687 1993.875 2720.812 2747.812 2955.843 3092.406 3120.906 3141.562 
19.937 22.093 24.343 31.718 67.937 153.906 165.156 313.312 473.531 475.125 478.218 481.406 781.750 804.437 1024.687 1099.531 1308.312 1505.843 1512.843 1566.093 1743.250 1752.218 1801.500 1844.500 1994.906 3936.937 
165.187 177.718 319.500 814.312 843.093 1036.031 1110.187 1147.781 1156.218 1158.531 1160.500 1825.968 3552.656 3570.062 3579.843 
159.500 536.000 1515.187 1581.156 3084.437 
16.875 19.218 21.718 160.375 362.000 482.781 1042.468 1520.250 1783.062 1988.531 
17.968 21.812 313.281 354.468 367.843 437.968 475.625 489.093 753.718 776.125 784.250 1084.000 1155.250 1412.031 1501.093 3447.156 3910.812 3964.750 3970.593 
16.906 116.500 129.343 160.937 366.687 474.656 480.718 737.812 978.156 1153.875 1851.750 1991.250 1993.875 3331.437 3340.468 
16.687 16.906 18.906 169.718 472.375 477.375 2002.531 2900.093 3608.531 3612.281 
16.156 16.468 18.250 254.062 782.218 1778.000 1793.656 1871.062 2669.000 2678.437 
79.687 478.062 502.000 670.656 
