51.156 80.437 96.281 124.406 181.406 299.750 303.156 748.718 750.125 752.750 755.031 756.218 756.500 854.593 858.875 976.562 1055.687 1149.093 1182.093 1321.968 2213.812 
755.031 755.281 757.343 1012.812 1184.218 
90.406 748.187 748.906 750.156 751.843 755.312 757.343 758.875 908.968 1461.562 
755.281 757.593 1149.968 
254.343 752.718 755.312 756.500 1218.718 1766.343 
127.687 755.281 757.343 757.593 854.406 
92.093 748.187 755.312 757.093 757.593 975.968 1151.562 
126.750 424.406 426.000 757.343 956.906 1440.125 1766.125 
92.000 304.375 755.062 757.093 854.000 914.468 1475.125 
78.468 748.906 751.843 755.281 857.687 1101.906 1318.312 
