88.437 104.343 135.281 218.031 274.593 459.406 472.781 528.906 599.625 639.843 717.062 727.875 1193.375 1277.593 1293.187 1409.468 1493.000 2171.156 2534.562 2547.343 2568.937 2581.781 2829.875 3006.062 3250.312 3269.812 3793.875 3843.375 
57.125 105.625 137.187 148.250 247.687 271.906 471.125 478.937 481.656 494.375 562.843 611.718 785.593 927.593 946.875 965.687 977.968 1315.593 1330.625 1424.031 1457.937 1481.500 1856.750 2211.312 2430.375 2466.812 2481.500 2507.281 2584.968 3121.437 3596.468 3601.250 3758.000 3854.562 
111.500 127.937 145.593 207.375 223.250 237.812 251.843 261.375 282.437 480.656 496.875 508.343 535.875 574.406 635.093 643.000 789.718 927.750 958.718 1337.218 1393.281 1499.437 1627.562 1684.500 1691.312 1697.718 1707.156 1993.968 2276.187 2677.281 2757.906 3476.343 
6.281 92.375 109.156 120.343 145.031 159.812 241.937 249.062 266.656 464.000 494.625 591.656 619.656 655.531 752.000 788.093 826.062 1280.750 1298.312 1408.562 1440.656 1471.625 1501.312 1947.281 2181.843 2793.437 3427.531 3449.125 3456.687 3950.531 3955.593 3989.875 
108.125 147.000 161.125 230.281 259.687 325.875 489.062 618.625 629.250 641.406 784.843 796.656 811.187 831.593 923.968 1266.281 1275.656 1301.875 1315.875 1343.843 1444.531 1472.468 1505.250 1526.593 2334.187 3032.625 3041.968 3229.937 3893.750 3908.718 3915.187 3954.812 
122.250 129.750 141.625 152.562 257.437 472.281 492.187 503.156 510.625 522.218 699.812 727.125 732.562 743.843 753.093 1278.718 1299.687 1329.718 1462.656 1482.750 1504.562 1529.812 1637.468 2696.125 2713.062 2722.312 2749.343 2765.062 2777.437 3150.187 3155.312 3173.562 3231.531 3683.312 3878.250 3890.750 3956.062 
110.000 136.781 153.875 237.843 258.468 271.937 290.531 347.343 379.250 494.687 521.937 639.250 656.062 667.281 738.375 768.843 807.937 1055.500 1103.781 1156.062 1181.656 1284.406 1340.500 1354.218 1775.593 3006.218 3010.750 3043.218 3103.593 3570.406 3674.156 3695.500 
3.906 21.437 38.906 106.125 115.281 128.968 137.937 148.593 271.531 486.281 613.531 621.500 642.375 828.531 867.343 903.250 1092.156 1105.937 1357.781 1378.125 1386.500 1396.968 1408.875 1463.687 1937.312 1965.781 1978.718 1987.375 2887.875 2895.062 3045.718 3059.468 3276.218 3281.687 3453.531 3459.875 3474.343 3956.343 3986.093 
108.031 154.531 254.281 334.000 487.343 596.156 609.437 624.656 657.812 814.750 1373.031 1414.156 1448.093 2358.000 2579.968 2587.468 2612.031 3254.531 3839.062 3945.468 3958.656 
117.750 142.156 272.187 322.468 342.437 376.375 615.406 738.718 1341.406 1356.937 1618.281 1635.875 1735.906 1742.750 2380.656 2986.906 3227.156 3712.625 
