78.656 97.031 117.343 124.625 140.687 160.343 207.187 332.843 352.125 399.187 413.781 582.593 632.843 652.593 747.156 780.000 878.750 912.500 992.937 1001.218 1038.937 1122.843 1188.000 1336.468 1449.968 1494.000 1550.687 1725.687 1988.656 2016.062 2057.125 2110.406 2162.687 2186.281 2491.000 2507.937 3323.562 3931.281 
117.031 122.093 126.718 133.781 135.625 156.375 181.687 213.625 406.812 448.031 597.687 611.687 766.812 885.656 895.656 906.312 912.156 1014.625 1056.437 1068.156 1238.406 1425.187 1514.218 1569.343 1812.656 2041.656 2046.343 2083.968 2113.625 2208.812 2226.718 2240.625 2483.062 2505.281 2519.125 2555.000 2702.500 2743.031 2937.062 3177.406 3747.312 
70.531 139.312 219.343 242.437 255.750 264.125 578.156 587.937 631.062 733.062 995.812 1011.062 1029.968 1038.812 1187.312 1441.406 1510.093 1967.437 2041.531 2101.875 2132.250 2309.125 2426.406 2465.281 2631.937 3143.062 3153.250 3586.562 3985.750 
18.656 37.562 125.125 133.781 168.531 209.468 240.687 344.156 377.250 400.343 423.625 457.125 494.187 517.562 604.781 657.937 778.312 1016.218 1042.437 1119.718 1591.812 1602.375 1637.093 1963.968 1981.218 1998.062 2013.250 2135.250 2158.343 2493.281 3007.906 3336.625 3360.531 3669.937 3719.937 3731.156 
72.468 158.843 186.718 195.656 215.250 221.781 235.593 368.250 372.937 379.656 390.406 451.531 459.062 928.062 959.250 979.187 1060.562 1109.625 1123.312 1132.750 1256.031 1354.343 1510.500 1878.250 1984.718 2000.281 2010.781 2036.031 2808.468 2817.562 3031.093 3342.562 3348.468 3478.156 3747.062 3822.125 
65.718 101.687 120.500 143.656 496.000 734.812 886.156 897.937 908.343 915.562 933.656 934.281 973.687 982.281 992.250 1077.312 1090.031 1307.562 1325.406 1467.281 1807.437 1907.375 2026.750 2035.906 2054.437 2081.312 2858.000 2872.937 3615.156 3647.375 3703.000 3717.562 
123.343 136.531 155.687 285.062 414.875 427.125 439.156 452.093 563.562 914.062 930.312 1063.562 1068.437 1072.812 1091.000 1320.343 1335.812 1851.625 1989.312 2014.750 2033.187 2062.687 2919.593 3489.406 3513.906 3567.312 3869.625 3877.312 3902.593 3918.718 3932.218 
80.531 107.187 123.562 257.687 289.750 317.750 383.187 397.125 466.843 766.687 1062.500 1076.031 1318.343 1504.656 1795.656 2449.906 2463.250 3409.375 3421.843 3969.031 
59.875 81.843 179.375 247.500 326.218 550.375 556.718 566.468 879.218 921.250 939.968 1018.031 1056.906 1106.218 1116.500 1121.000 1141.562 1441.656 1454.875 1988.937 1999.937 2005.437 2019.718 2031.781 2048.843 2500.937 2558.312 3113.875 3341.625 3365.812 3712.625 3755.843 
124.968 140.687 146.125 158.968 238.781 262.781 870.968 897.343 917.937 1009.437 1148.312 1314.500 1326.156 1508.625 1589.281 1872.125 1884.718 2029.187 2046.250 2051.906 2619.875 2630.125 2639.531 2678.031 2686.093 2813.531 2821.750 3366.250 3434.656 
