-1970.657 -1189.938 -1140.813 -565.782 40.718 104.343 105.312 106.656 224.375 237.875 303.250 351.250 356.531 401.406 443.656 570.250 705.968 726.687 808.656 819.687 821.812 886.656 900.468 1171.218 1411.250 1428.500 1458.437 1556.156 1616.062 1685.500 1699.125 1699.906 2179.875 2251.531 2302.437 2415.968 2731.218 
-1478.750 -678.438 -661.157 -639.157 -614.094 -569.750 -551.188 -514.250 -501.563 -493.938 -493.500 -446.907 -310.094 55.093 105.343 105.750 109.843 112.031 114.062 381.125 426.500 449.843 451.625 472.218 495.812 589.593 611.187 736.625 882.343 883.593 889.968 1032.875 1034.843 1038.781 1272.562 1377.062 1399.437 1419.968 1421.031 1889.000 2039.906 2182.250 2182.750 
-1431.688 -442.000 -45.094 -39.094 41.281 42.625 79.156 80.437 108.593 226.031 281.125 355.156 454.843 570.531 714.625 734.781 821.468 889.968 1047.937 1094.812 1411.093 1415.687 1895.687 1961.562 2064.250 2171.687 2173.031 2180.312 2221.343 2320.406 
-1654.563 41.750 108.125 232.812 287.218 356.437 457.875 766.218 781.250 1036.906 1142.750 1259.843 1434.656 1618.875 1876.375 1963.218 2083.937 2180.375 2215.968 2290.531 3327.781 
358.375 388.031 391.125 452.312 453.187 743.000 885.156 885.562 1028.406 1036.000 1145.562 1253.656 1261.437 1379.812 1413.656 1415.250 1416.406 1421.281 1424.656 1688.625 2232.343 2844.781 2977.343 
-1143.500 -1140.719 -927.250 41.031 42.406 42.875 102.937 147.937 460.156 481.343 567.218 728.156 780.625 794.125 802.156 888.156 898.656 903.281 1037.343 1094.312 1196.500 1260.500 1274.031 1319.281 1399.187 1451.843 1625.750 1855.812 2187.156 2256.250 
-998.969 -997.469 -772.157 -403.782 -44.563 55.437 228.656 233.250 281.218 353.250 371.031 458.531 509.875 629.656 738.156 745.593 778.843 790.250 804.218 883.406 1033.781 1125.250 1142.375 1195.750 1414.781 1459.031 1693.812 1701.781 1991.968 2182.250 
-1156.782 -926.969 -360.313 41.750 284.375 284.906 306.437 349.656 451.937 452.968 615.968 706.812 708.718 740.218 740.437 743.500 754.718 760.250 763.656 906.937 1025.156 1035.250 1146.718 1197.437 1263.437 1431.343 1558.718 1686.937 1690.781 1693.906 2179.625 2796.906 
40.187 100.625 221.000 356.906 361.031 459.968 633.562 728.625 736.187 770.718 967.375 1023.218 1140.906 1159.625 1228.468 1270.343 1402.531 1417.437 1418.406 1517.531 1614.468 
-1514.313 103.531 126.687 373.875 411.718 463.093 718.906 776.343 813.781 879.250 884.406 1036.968 1253.375 1414.500 1415.875 1428.812 1689.625 1691.812 
