35.968 47.281 121.000 187.718 212.250 216.093 316.593 318.406 423.218 812.906 923.406 927.656 1008.875 1012.281 1073.218 1376.375 1398.781 1518.718 1672.812 1863.843 
28.781 29.187 30.218 49.375 208.093 250.687 400.187 522.125 596.593 662.031 809.093 816.375 949.093 1062.281 1065.687 1073.125 1366.750 1399.500 1499.500 1673.625 1823.812 1982.968 
28.843 32.968 247.531 421.406 470.781 519.937 813.125 1008.718 1060.562 1260.593 1499.718 1817.312 1930.437 3613.968 
28.125 33.406 33.781 37.437 46.000 51.593 60.906 72.468 246.750 279.281 377.218 398.468 667.218 808.906 810.968 842.875 850.968 1204.843 1260.281 1498.875 1601.375 1676.593 1827.437 1852.156 
29.281 33.937 46.937 75.843 124.343 130.781 396.750 401.281 558.281 753.750 1323.687 1360.656 1520.125 1737.062 1817.843 1843.406 1927.875 
47.562 247.468 311.500 376.281 662.062 702.656 808.281 930.156 1016.312 1060.343 1067.312 1099.250 1360.468 1520.562 
35.687 36.375 44.906 47.375 56.437 121.281 319.687 401.281 524.187 582.906 661.343 818.781 826.125 949.625 1109.437 1678.156 1818.406 1828.281 1849.468 1852.531 1924.312 1932.125 2879.406 
32.062 449.031 654.750 759.406 817.250 822.937 923.656 1064.125 1083.000 1203.937 1331.656 1397.187 1498.968 1500.156 1680.125 1705.093 1771.781 1816.750 
28.000 31.312 32.656 33.718 33.937 47.187 121.968 122.718 125.312 265.250 431.312 434.375 1299.250 1678.656 1867.343 1929.187 
34.937 35.937 122.125 307.375 831.750 1040.093 1355.187 1497.718 1548.968 1602.250 1739.531 1839.625 1925.500 
