46.125 163.531 310.593 1010.218 1470.843 2115.000 2604.937 2688.312 2781.218 3040.156 3255.625 3495.718 3883.593 3890.031 3893.031 3905.843 
24.968 27.875 41.500 44.531 143.656 1241.843 1383.656 1813.156 2087.281 2610.562 3521.468 3524.531 3614.468 
21.875 33.156 49.718 180.562 486.218 901.000 1029.718 1447.593 1455.812 1972.968 2057.156 2066.656 2280.375 2427.437 2642.406 2769.500 2848.250 2933.125 2937.375 2959.687 2990.750 2998.000 3082.437 3084.375 3293.750 3606.312 3711.625 3875.406 3952.906 3954.531 
26.812 34.937 114.281 131.906 143.250 250.406 286.468 333.718 349.500 404.000 406.093 529.750 608.625 617.156 826.687 1303.156 1309.500 1330.343 2037.312 2050.125 2236.031 2282.062 2522.906 3172.375 3176.468 
168.562 407.562 1019.687 1451.187 1944.750 2053.718 2410.937 2589.312 2792.968 3006.875 3013.656 3229.281 
260.781 346.781 1029.062 3975.093 
27.656 278.968 1552.406 3459.656 
126.125 
2071.281 2549.031 3005.656 3319.406 
260.250 2269.343 2288.000 3166.125 
