17.812 31.343 877.843 1366.000 1560.500 1728.437 1863.062 2702.562 2979.406 3007.312 3061.937 3097.437 3619.687 3868.031 
17.968 23.937 30.500 33.406 51.750 166.062 200.625 1967.062 2060.125 2813.812 2816.343 2861.687 3031.125 3336.500 3461.343 3464.656 3543.000 3554.937 3882.781 3884.656 3885.406 
24.406 42.031 77.687 95.562 2084.937 3132.343 
25.125 444.906 1134.218 1219.000 1431.906 1705.437 2808.656 3214.750 3764.281 3825.218 
1177.500 1558.593 1624.843 2411.531 2415.406 2965.406 3213.093 3565.375 3746.093 3763.281 
1925.812 2826.781 3024.062 3096.125 3584.500 
1350.218 1657.562 2059.906 2353.093 2606.468 2644.687 
2338.156 2456.500 2773.843 2854.937 
2740.093 3685.687 3741.625 
970.593 2681.968 
