334.531 342.406 432.187 535.156 801.218 809.843 818.312 1012.812 1114.406 1121.875 1132.093 1296.531 1680.843 1772.000 1883.750 2018.281 2030.187 2048.750 3239.125 3643.312 
339.687 358.781 618.625 839.593 1105.000 1110.781 1125.843 1545.312 1759.750 1874.218 2844.968 3747.781 3897.500 
221.625 333.656 339.156 577.843 790.406 815.062 819.687 826.625 981.718 1109.125 1115.250 1122.406 1319.187 1327.437 1374.875 1528.281 1753.437 1757.468 1926.156 1995.156 2608.000 2612.718 3013.281 3158.250 3659.000 
150.218 311.687 333.906 481.093 660.437 668.468 801.906 817.062 947.218 1103.500 1108.468 1287.937 1527.718 1747.468 1889.281 1990.406 2028.468 2033.562 2691.562 2946.593 3267.531 3272.968 3275.500 3277.656 3757.656 
334.437 347.250 526.218 817.937 946.781 959.218 1103.250 1109.625 1162.125 1512.437 1523.093 1539.062 1755.343 2041.218 2047.500 3351.500 3858.687 
335.593 832.625 834.750 837.406 843.375 980.562 1530.437 1757.937 1766.687 2000.531 2006.718 2805.468 2983.968 3492.187 3702.656 3894.437 3903.531 
68.750 330.625 337.656 807.375 812.843 817.375 1112.687 1117.718 1123.500 1310.000 1748.906 1761.406 1889.968 2009.218 2477.687 2943.281 3150.593 3355.625 
335.250 364.687 529.750 535.656 815.781 823.062 1114.218 1414.812 1555.343 1879.718 1885.656 2153.843 2311.125 2578.593 2929.218 2961.656 3242.437 3561.125 3961.187 3967.531 
332.875 340.687 751.093 820.531 1107.125 1147.843 1340.875 1518.375 1758.312 1771.593 1997.843 2019.906 2248.250 2261.000 2271.218 2782.468 3355.875 3599.531 3840.812 3880.250 
134.687 332.656 350.718 594.750 785.062 826.343 837.812 1113.750 1325.187 1512.656 1754.406 1997.906 2055.062 2057.343 2549.343 3024.312 3029.031 3035.718 3488.000 3815.093 
