108.968 136.843 263.968 272.218 379.843 385.593 639.187 652.437 868.562 989.781 1001.687 1011.781 1153.531 1274.593 1280.531 1286.281 1389.250 1400.093 1423.843 1768.687 1922.812 1931.125 1940.281 1946.593 2383.218 2394.500 2800.906 2972.343 3339.750 3501.500 
7.062 265.718 284.125 395.687 557.000 635.156 641.062 655.375 819.250 825.656 966.437 978.343 1260.375 1278.562 1388.281 1397.250 1646.187 1956.281 1961.406 2439.093 2523.000 3187.000 3268.125 
138.437 266.250 269.937 373.812 381.000 637.062 647.281 834.031 943.718 952.937 985.937 1266.031 1280.437 1389.187 1663.093 1987.062 2236.937 2351.156 2632.093 3482.500 3492.656 
28.937 261.000 265.812 274.093 381.031 643.093 817.468 822.375 965.281 969.500 1261.562 1274.062 1391.937 1415.562 1493.750 1662.500 1747.093 1936.781 1940.781 2099.875 2480.375 3494.687 3502.843 
259.531 268.218 384.625 415.031 645.781 804.750 961.843 971.218 1260.968 1273.031 1392.812 1764.906 1771.437 1930.906 1939.125 2577.343 2770.406 3577.812 
131.781 136.437 262.375 281.031 381.406 405.687 637.906 642.031 837.375 974.937 978.562 988.093 1257.781 1268.906 1391.687 1594.000 1598.531 1944.812 1957.468 2363.687 3818.406 
250.937 259.187 269.406 276.000 379.875 391.468 574.812 640.031 665.718 821.781 909.218 972.000 981.250 1262.437 1309.062 1386.437 1397.500 1794.656 1934.593 2897.781 3674.218 
70.031 88.562 262.468 268.843 379.250 403.687 643.968 935.406 983.218 988.531 1264.375 1272.093 1285.906 1286.125 1419.750 1663.375 1763.687 1811.156 1832.500 1930.781 1937.000 1944.750 1954.437 2617.937 2626.218 2949.906 3331.531 3371.000 
132.437 363.812 373.125 395.062 641.375 815.000 976.593 980.562 990.531 1000.031 1211.156 1277.781 1386.156 1632.968 1942.343 1953.875 2303.125 2790.750 2796.437 3328.718 
275.406 285.312 374.125 644.312 819.250 974.187 986.656 1261.718 1284.375 1389.656 1416.593 1789.781 1933.062 2339.812 2352.781 2633.500 3319.000 3414.812 
