33.781 38.781 50.906 59.343 107.593 282.531 591.093 599.562 642.187 746.062 763.312 1002.468 1158.437 1286.812 1297.500 1299.281 1379.156 1590.000 1684.843 1814.343 1918.343 2037.093 2989.312 3171.000 3326.468 3327.875 3334.156 3810.281 
32.500 191.093 365.875 605.375 608.593 691.843 783.687 892.250 1157.531 1167.218 1373.062 1429.125 1900.062 1908.625 2307.406 2900.187 3211.031 3217.968 3636.000 3974.125 
16.875 55.937 173.250 361.375 585.250 589.781 597.437 602.062 775.937 1033.937 1094.156 1275.218 1279.781 1287.031 1376.687 1394.406 1437.156 1707.562 1812.406 1818.187 1925.406 3871.000 3888.781 
53.906 56.187 216.375 594.031 610.156 749.312 754.593 988.187 1178.156 1183.500 1283.562 1289.500 1394.781 1657.468 1734.750 1905.375 1917.562 1926.281 2101.406 2587.812 3669.718 3806.437 
24.312 35.250 190.187 600.343 604.750 745.437 1181.218 1193.781 1274.781 1291.250 1297.968 1376.062 1689.781 1698.000 1711.781 1730.375 1781.281 1866.562 1908.000 1912.250 2345.218 2585.750 2726.343 
29.343 33.750 204.218 588.062 596.593 786.718 1005.531 1298.125 1380.000 1769.562 1903.218 1934.000 2691.937 2891.218 3243.500 3672.125 
27.968 404.062 600.750 609.843 749.062 769.000 774.375 783.937 1032.968 1150.718 1156.000 1281.281 1289.906 1356.750 1377.562 1774.281 1911.625 2043.593 2466.312 2657.406 3680.625 
29.531 245.781 552.812 600.062 752.968 757.812 1153.500 1161.781 1280.625 1395.906 1545.781 1639.218 1830.187 1919.218 1925.625 2541.718 2679.625 3091.625 3361.093 
28.375 34.187 192.187 239.593 363.875 579.718 587.312 603.500 757.968 772.187 1195.468 1286.875 1464.843 1469.218 1639.812 1722.000 1821.406 1901.000 1916.343 1929.250 2625.281 2961.218 2972.250 3863.781 
25.343 26.156 29.656 422.875 589.187 599.156 603.437 1278.718 1284.781 1298.125 1382.500 1702.031 1718.062 1901.437 1908.093 2327.687 2533.031 2829.281 3450.406 3638.500 3681.781 
