56.312 422.406 487.625 571.781 585.125 638.406 744.000 759.343 866.000 983.000 1312.812 1466.562 1582.187 1725.718 1861.812 3593.562 3719.281 
126.250 131.187 399.000 574.125 720.156 1613.312 2911.062 2947.718 3559.906 3610.406 3751.625 
557.156 1333.312 1510.781 1627.250 2130.781 2800.218 2828.000 2859.718 2909.687 2930.625 3570.531 3586.093 3613.406 
483.156 533.625 695.687 1462.156 1466.812 1955.125 2456.250 2509.500 
380.656 684.406 1028.812 1055.500 1254.468 1545.093 1754.875 2284.437 2454.906 3142.093 3185.656 3207.031 
479.906 685.093 1514.406 1531.062 1579.625 2580.750 2584.125 3335.968 3455.812 3486.593 3600.031 
402.000 460.625 575.562 856.156 1505.031 1513.687 1522.593 1528.218 1546.031 1582.906 1611.625 1652.562 1867.312 1900.937 1944.312 2452.843 2584.468 2595.500 2601.687 2607.093 3283.031 3293.125 3327.656 3335.343 3348.250 3363.843 
207.593 214.375 559.843 931.093 1237.937 1323.531 1503.406 1512.875 1530.906 1540.718 2454.437 2473.125 2534.343 2949.687 3037.062 3052.812 3070.156 3690.437 3696.968 3794.312 
420.906 448.156 588.781 712.562 1294.656 1341.406 1523.656 1539.812 1543.750 1632.000 1679.375 2159.406 2213.062 2709.812 2725.125 2860.125 3543.406 3570.406 3577.062 3604.156 3628.843 3646.125 3798.406 3805.750 
11.312 559.375 579.718 634.218 1208.531 1510.968 1522.843 1549.781 1646.343 1683.750 1863.156 3427.000 3471.687 3788.062 3806.875 
