92.375 185.281 419.000 457.125 482.312 1023.468 1321.500 1628.562 1700.187 2785.750 2798.281 3035.968 
94.437 232.218 293.312 328.250 424.906 637.968 1005.625 1096.375 1692.718 1958.906 2026.437 2986.500 2995.843 3029.218 3033.593 3038.031 3121.343 3126.968 3296.250 
75.062 98.687 107.218 301.000 310.218 352.875 773.937 871.343 1296.687 1626.843 2644.937 3745.187 3862.468 3867.531 3898.468 3949.593 3968.656 3972.625 
69.406 193.343 200.937 254.000 334.375 524.187 558.750 678.281 1012.500 1682.906 3196.062 3240.406 3343.687 3402.875 
193.687 210.968 470.375 741.437 1023.625 2026.000 
34.750 103.593 197.093 317.593 456.750 462.531 468.468 495.937 499.593 511.312 828.187 1312.531 1419.062 1629.406 1720.125 1796.531 1804.312 1840.593 1842.968 1961.843 1970.250 2028.937 2071.968 2086.031 2264.187 2266.437 2390.281 2399.937 2475.218 2476.687 2485.500 2733.437 3191.062 
292.531 307.281 316.625 322.156 326.218 344.062 412.750 470.000 475.562 702.312 932.343 1001.875 1003.625 1022.562 1030.000 1098.750 1315.250 1661.031 1680.125 1718.406 2146.687 2264.156 2296.250 2394.187 2558.875 2615.781 
239.375 330.843 362.531 497.468 804.343 1035.468 1448.406 1653.406 1830.500 2413.250 2926.000 2950.593 
144.968 164.812 170.156 172.531 175.843 177.968 321.187 344.656 476.062 518.750 525.250 1029.843 1138.906 1688.718 2782.125 3823.437 3828.562 3901.375 
202.500 236.812 240.093 273.250 284.625 292.312 453.312 644.156 796.468 1104.125 1400.468 2007.625 3729.781 3736.437 3896.062 3923.906 3930.812 3936.406 3983.312 3991.343 
