335.812 1124.250 
111.843 217.125 460.500 498.875 600.718 762.531 1008.093 1168.875 1699.343 1704.468 2009.875 
38.593 105.406 789.562 1667.468 
30.843 1817.187 1839.062 2022.843 2567.281 
286.468 1241.750 1482.968 1810.343 
34.593 37.750 42.343 52.281 185.281 218.468 286.000 494.781 498.625 514.312 773.937 1158.562 1254.250 1849.125 1940.156 1941.218 
344.093 358.093 742.062 794.656 797.062 914.687 934.500 1186.312 1303.625 1346.937 1501.781 1558.093 1983.968 
30.031 57.687 76.937 503.343 944.093 1012.875 1048.906 1242.125 1654.125 1998.687 
29.375 42.062 313.937 367.312 432.281 463.843 504.843 550.218 600.093 758.218 796.187 919.218 1247.531 1259.843 1299.781 1431.593 1444.812 1549.968 1721.718 2007.218 2011.906 3088.375 3916.781 3930.812 
37.343 97.281 142.812 336.062 456.000 793.906 1122.906 1259.062 1305.750 1320.156 1429.843 1435.000 1636.875 3274.375 
