139.687 446.906 591.968 615.343 1228.031 1462.531 1764.656 1805.562 3076.093 3935.156 
20.000 46.312 142.156 183.781 253.593 493.406 518.281 593.156 598.562 599.062 631.343 637.250 838.406 1291.687 1459.250 1811.906 1865.187 1996.968 2071.281 
16.781 20.750 812.437 1465.250 1769.781 2976.937 2977.375 3832.062 
78.343 107.875 115.156 302.468 335.500 362.875 628.093 773.062 785.656 1096.218 1235.718 
19.906 651.437 1457.875 1659.187 1780.437 1857.937 3825.906 
18.343 56.843 72.125 260.312 300.875 335.093 595.687 651.156 755.437 819.187 821.187 905.125 952.687 1228.781 1281.437 1282.687 1284.843 1397.093 1803.375 2846.156 3556.156 
15.968 68.656 94.875 238.000 371.000 591.000 598.375 761.062 791.781 903.343 1192.187 1281.312 1295.468 1685.906 1804.250 1830.562 1859.406 1985.812 3111.625 3297.500 3303.250 
17.812 36.906 75.812 76.687 155.406 601.187 601.531 633.593 1411.312 1834.750 1858.500 
17.468 30.250 130.906 194.062 201.750 233.500 327.843 575.343 596.500 601.656 658.218 1192.687 1193.406 1311.687 1456.312 1693.000 1706.156 1709.812 1763.250 1769.937 1807.312 1811.343 1903.375 1989.843 
24.531 247.750 365.843 376.031 576.781 597.718 598.937 898.750 1194.843 1282.218 1282.500 1394.906 1459.468 1498.125 1499.531 1601.843 1766.812 1786.531 1836.406 1858.031 1861.218 2891.937 3969.250 
