152.812 245.187 405.531 469.000 1153.156 1762.093 2597.656 2602.718 2607.656 2918.375 
103.781 191.593 396.968 410.781 647.875 688.937 816.156 1030.406 1204.250 1410.437 1452.093 1765.562 1899.718 2005.062 3370.562 3382.375 
177.218 199.281 1086.500 1247.312 1603.875 1740.531 1798.218 3620.625 
24.156 26.781 69.843 221.406 637.656 813.156 1248.625 1490.031 
90.125 143.312 207.343 222.406 400.781 1036.468 1155.593 1301.500 1418.968 1513.187 1629.312 1708.250 1764.812 1822.000 2057.062 2062.250 2063.281 2934.312 3100.218 
148.906 312.937 445.468 880.531 1045.625 1124.500 1200.125 1444.781 1761.468 1885.500 1900.281 1985.687 2840.875 
315.312 467.906 555.843 565.500 605.906 813.906 881.031 1125.031 1375.000 1430.468 1446.468 1765.093 1933.000 2048.781 2093.531 
3.812 19.343 22.031 37.281 140.375 176.781 200.187 435.937 566.562 689.031 784.687 909.531 1249.031 1266.437 1353.687 1430.531 1517.656 1534.187 1610.406 2000.625 
32.843 235.406 316.250 516.437 671.343 879.687 1157.843 1249.843 1355.093 1381.343 1422.781 
110.812 193.750 201.625 385.062 527.781 581.343 595.062 772.343 815.062 834.906 1046.375 1258.843 1418.281 2152.812 3447.687 
