23.156 24.218 28.343 74.468 79.750 84.906 102.343 176.687 180.812 247.625 421.531 730.937 741.468 770.625 1009.593 1132.000 2240.281 2331.125 2662.843 
24.156 37.437 85.031 208.281 217.875 309.000 397.218 437.531 639.156 730.125 770.031 976.937 994.468 1161.781 1935.218 1935.656 2688.437 3046.093 3088.218 3209.656 3249.437 3291.843 3453.000 3453.312 
28.062 37.406 85.187 177.625 183.250 238.875 338.093 424.562 567.937 625.718 726.187 730.250 829.531 912.656 913.093 998.343 1004.093 1862.781 3435.937 3475.812 3578.468 
15.781 28.375 36.281 64.062 84.500 84.937 90.531 108.906 133.843 153.718 177.937 184.093 234.781 316.281 459.281 484.750 526.000 526.781 619.375 730.312 889.687 983.250 1040.062 2519.968 3016.437 3615.375 3712.718 
28.625 44.718 55.437 65.812 80.562 85.468 159.093 178.250 212.062 215.656 251.281 259.250 444.750 490.437 509.031 617.906 639.031 727.062 884.718 1038.562 1130.218 2219.406 3355.343 
36.187 76.343 89.875 95.406 163.718 212.625 238.687 239.062 377.093 460.812 481.531 646.156 2809.375 3430.531 
19.687 60.531 62.375 78.125 85.218 89.750 104.125 131.281 154.250 154.750 165.500 238.968 263.437 281.125 315.000 384.218 478.562 525.937 604.343 617.937 729.906 994.281 1087.000 
38.093 85.437 91.500 133.343 151.281 176.906 183.187 237.281 239.125 375.500 416.218 480.718 486.000 526.937 619.906 722.687 727.000 727.656 830.125 896.125 942.843 1000.156 1053.375 1105.968 1117.937 1172.562 2284.406 
18.437 24.875 28.437 44.625 235.406 318.343 486.187 526.218 894.875 895.750 1038.625 1050.125 1138.875 1956.531 2606.906 2647.687 3532.062 3724.500 3726.156 3778.687 3918.656 
20.093 20.375 23.781 152.406 169.125 181.125 213.968 235.562 447.468 473.156 526.343 607.937 817.468 832.250 891.093 1008.312 1139.437 3465.375 3598.937 
