31.062 52.187 120.687 163.500 193.656 257.031 358.250 389.625 429.093 485.531 553.343 628.500 708.812 789.031 825.093 1031.937 1117.250 1245.843 1296.125 1391.000 1549.625 1595.781 1885.406 1922.625 2786.156 2958.218 3139.500 3416.375 3923.281 
30.437 52.062 85.531 147.375 147.562 243.781 285.656 339.968 358.968 376.562 428.718 492.937 510.843 814.437 909.375 1109.468 1160.406 1216.093 1269.125 1283.468 1597.062 1871.125 1976.437 2384.750 3814.750 
31.062 50.718 77.531 125.656 194.812 233.000 363.281 399.500 590.437 694.593 908.281 1075.093 1147.093 1209.531 1282.250 1347.843 1527.968 1543.031 1893.125 1983.406 2093.125 2754.218 3294.656 3419.906 3931.312 
31.218 55.562 104.343 263.218 371.812 383.843 481.906 907.812 1136.593 1319.968 1533.687 1880.562 1975.156 2501.281 2806.531 2892.656 3448.625 3958.031 
50.093 52.125 85.312 91.906 118.187 153.531 173.875 235.593 367.625 411.031 428.656 491.187 646.250 1040.781 1105.562 1222.781 1278.593 1299.750 1311.125 1361.687 1531.781 1596.687 1717.968 1902.375 1974.343 2902.031 3028.875 3356.687 3480.875 
28.375 51.000 78.062 94.468 146.531 177.656 352.437 370.343 420.250 487.531 495.031 565.218 674.812 979.125 1037.656 1107.250 1229.062 1273.468 1530.687 1596.906 1910.687 2534.093 3040.781 3706.531 
1.375 18.625 29.187 32.593 52.437 112.125 134.687 241.812 312.343 369.093 412.031 480.812 769.906 1039.843 1109.843 1217.187 1512.187 1609.937 1736.781 1897.093 1968.625 2470.468 2511.468 2781.281 3057.687 3127.875 3782.031 
30.406 42.500 43.406 50.718 52.687 76.750 109.750 229.218 272.062 370.843 397.968 429.093 484.281 516.875 542.062 793.781 827.968 928.718 1019.500 1206.468 1260.250 1536.593 1595.031 1889.187 1981.750 2350.125 3197.781 3334.781 3849.343 
18.687 31.343 56.437 77.218 100.343 127.218 145.781 272.343 368.562 425.375 488.593 505.937 637.343 691.187 743.406 819.437 1111.593 1136.562 1324.843 1597.718 1892.156 1935.781 2136.562 2486.156 3388.593 3546.781 
30.437 68.437 100.437 136.875 165.031 368.906 370.843 495.750 507.593 635.875 654.812 707.625 879.031 976.906 1113.562 1202.062 1266.187 1317.156 1396.250 1534.437 1605.687 1749.937 1895.093 2003.812 2155.187 2915.500 3298.031 3533.500 3840.250 
