153.250 177.500 207.187 244.687 377.625 403.187 569.500 611.375 621.750 748.281 811.125 866.812 953.343 981.343 1005.625 1039.437 1078.437 1216.593 1246.593 1431.937 1470.625 1527.656 1559.562 1577.781 1686.343 1786.562 1827.500 1906.062 1963.968 2036.750 2094.625 2114.656 2119.562 2177.312 2194.531 2203.125 2206.093 2244.093 2258.500 2333.062 2354.343 2369.468 2379.937 
22.218 163.656 167.781 224.000 343.062 410.875 454.843 507.375 516.375 567.093 666.718 691.687 1043.687 1208.468 1251.281 1284.625 1316.625 1357.187 1415.875 1476.281 1504.593 1614.906 1658.281 1716.250 1799.437 1823.968 1867.031 1872.250 1896.875 1936.625 2012.187 2150.812 2207.312 2240.250 2307.281 2350.156 2924.062 
-1764.813 77.968 110.937 175.718 194.187 196.906 264.125 357.125 430.531 461.812 575.625 585.531 603.750 624.375 690.343 723.906 780.906 807.312 814.562 850.000 915.968 1019.031 1027.406 1074.937 1104.812 1114.468 1126.281 1168.312 1237.093 1259.625 1277.625 1283.093 1397.468 1469.781 1608.250 1656.625 1728.375 1740.593 1915.125 1919.875 2004.562 2015.656 2119.000 2124.062 2124.500 2158.593 2208.312 2274.687 2320.531 2865.687 3807.625 
-556.219 40.562 44.593 76.843 111.656 147.875 164.687 177.687 193.437 302.968 303.781 410.625 445.843 517.000 569.281 572.656 654.937 686.656 787.062 878.093 990.687 1050.156 1116.625 1119.843 1127.031 1152.812 1210.718 1277.406 1391.093 1392.343 1426.875 1469.937 1520.187 1618.843 1634.062 1699.531 1921.093 1977.343 1986.781 2003.906 2005.875 2011.031 2058.031 2070.750 2138.750 2150.937 2210.562 2248.000 
56.843 151.937 180.593 189.062 204.656 245.593 302.687 419.156 444.562 460.781 535.625 660.906 830.437 858.375 905.218 982.843 1015.593 1041.031 1077.343 1092.250 1096.343 1261.093 1263.812 1278.562 1296.781 1368.000 1444.406 1453.250 1554.062 1573.562 1599.375 1628.500 1635.531 1696.343 1704.468 1868.437 1934.656 1952.093 1959.937 1985.250 2011.718 2094.718 2095.718 2159.875 2161.187 2195.343 2228.031 2242.250 2242.750 2289.187 2356.593 3102.531 
109.562 165.781 168.562 202.000 204.656 209.593 219.937 292.218 325.906 352.531 409.093 435.968 452.500 624.156 626.062 647.781 726.375 773.062 819.656 859.562 973.156 979.562 999.468 1004.187 1018.000 1078.000 1079.906 1096.750 1102.843 1124.843 1131.812 1142.687 1276.000 1283.562 1333.000 1336.156 1386.812 1392.156 1394.062 1396.218 1406.250 1438.875 1465.000 1518.375 1539.500 1543.437 1618.843 1676.031 1679.625 1692.687 1718.593 1726.250 1868.125 1876.000 1926.062 1947.906 1952.000 1986.281 1999.812 2092.718 2219.218 2226.218 2252.125 2268.343 2285.125 2325.468 2331.781 2842.656 
50.375 87.031 110.593 129.500 154.625 169.093 172.281 183.718 196.562 210.093 211.031 244.125 255.656 277.375 406.968 420.062 447.406 579.343 602.906 607.062 629.156 634.093 741.500 804.062 808.062 820.156 894.093 944.031 979.093 1014.593 1093.750 1119.406 1131.218 1148.656 1168.125 1188.718 1207.250 1224.218 1243.250 1257.531 1269.531 1298.437 1303.812 1317.718 1331.125 1366.250 1374.468 1387.250 1446.062 1510.562 1589.937 1594.062 1596.875 1615.312 1641.656 1722.718 1843.656 1864.281 1917.281 2036.781 2154.343 2170.343 2186.250 2228.906 2243.281 2257.687 2350.718 2359.968 2376.125 3094.093 3200.531 3496.781 
-1594.907 -184.250 39.656 55.718 268.281 302.312 342.093 343.843 391.437 398.843 551.531 558.218 563.218 575.093 580.437 610.968 612.562 625.343 628.875 682.593 777.093 891.343 903.437 912.625 915.718 959.343 977.468 991.406 1024.812 1025.625 1090.468 1099.031 1147.093 1208.343 1241.500 1249.781 1250.843 1263.250 1325.125 1334.625 1336.281 1379.812 1413.218 1458.750 1492.062 1541.375 1565.875 1598.000 1602.125 1619.312 1644.062 1679.312 1724.781 1822.531 1849.125 1865.625 1926.531 1992.031 2005.875 2034.968 2061.656 2165.062 2232.343 2242.625 2258.031 2292.406 2347.687 2375.625 
-234.750 35.375 98.156 141.906 164.500 198.531 199.875 212.656 279.281 291.125 312.531 459.343 538.218 574.062 584.750 640.375 774.500 798.468 858.250 928.593 975.000 1028.031 1031.625 1032.125 1071.781 1098.843 1135.875 1210.093 1215.375 1225.531 1255.687 1259.593 1275.125 1455.500 1457.187 1474.531 1484.125 1573.875 1619.406 1623.687 1669.250 1702.968 1731.593 1781.750 1864.937 1874.625 1881.875 1890.406 1952.718 1964.937 2031.781 2058.218 2058.937 2174.343 2181.906 2187.906 2197.937 2209.031 2225.250 2228.875 2267.875 2368.375 2370.656 2381.562 
-1461.469 43.156 59.156 75.937 77.093 143.125 186.343 198.250 247.843 283.781 302.062 323.750 354.250 400.531 411.312 420.093 426.250 450.562 487.312 533.718 549.906 588.593 593.937 604.500 610.000 614.593 630.031 673.406 716.593 733.812 775.875 788.187 858.281 866.968 872.562 875.781 918.781 948.718 975.750 1009.968 1023.750 1039.843 1050.625 1062.906 1075.812 1088.125 1095.125 1098.687 1100.343 1161.187 1200.656 1279.750 1331.125 1387.843 1389.250 1432.750 1443.593 1446.250 1561.000 1649.937 1697.218 1717.187 1726.312 1750.093 1823.187 1859.500 1876.812 1933.437 2009.312 2042.812 2094.687 2105.562 2115.937 2133.750 2140.500 2159.906 2166.781 2183.156 2205.312 2215.000 2239.968 2276.312 2284.281 2297.968 2314.156 2319.343 2350.250 2356.562 2419.593 3026.843 
-48.125 29.406 40.187 45.375 47.968 115.968 170.125 182.343 192.781 207.000 242.687 243.593 252.656 280.281 326.281 336.500 344.093 347.562 354.406 454.250 603.218 617.562 684.687 701.968 713.750 756.343 782.468 809.343 820.968 835.343 860.437 876.468 897.031 906.281 973.656 981.656 1026.156 1063.625 1065.750 1073.531 1093.531 1151.562 1176.625 1198.343 1209.781 1234.062 1242.968 1253.812 1277.093 1285.281 1324.281 1334.062 1368.843 1376.156 1389.781 1436.500 1502.000 1561.156 1602.843 1610.531 1631.750 1634.375 1649.125 1676.562 1726.468 1726.812 1813.593 1893.187 1927.968 2003.687 2050.781 2085.593 2119.843 2131.218 2152.468 2173.687 2203.718 2231.718 2243.093 2253.781 2342.562 2376.343 3192.875 
19.031 80.625 97.312 101.968 185.656 204.031 271.968 305.406 318.125 340.406 359.031 364.187 406.937 604.250 614.343 616.562 628.250 688.093 692.625 725.375 731.468 754.812 809.687 814.593 821.468 959.468 968.531 974.250 982.656 1009.531 1018.437 1049.281 1093.843 1097.343 1105.093 1135.156 1202.437 1208.656 1242.500 1262.437 1280.687 1335.250 1347.125 1373.250 1380.968 1427.656 1457.468 1482.562 1531.437 1535.781 1539.937 1558.218 1594.875 1598.250 1613.593 1638.031 1641.656 1662.500 1680.250 1690.156 1754.875 1795.937 1833.906 2004.968 2037.468 2053.531 2060.843 2092.687 2116.125 2154.843 2164.250 2254.562 2256.531 2283.218 2307.875 2337.281 2350.843 2351.593 2370.750 2380.500 2393.531 2404.875 
-1048.907 22.875 40.187 51.781 73.593 83.750 84.906 125.750 141.656 151.312 153.625 168.406 175.312 180.125 188.187 199.468 208.531 250.687 262.781 273.187 286.906 295.781 356.093 374.875 408.062 412.031 452.843 455.500 459.531 486.531 578.750 586.593 632.562 641.875 685.218 691.718 703.343 722.562 732.500 793.093 950.500 980.718 1002.875 1028.968 1030.468 1046.750 1075.843 1091.812 1101.562 1108.437 1152.031 1186.281 1191.718 1232.500 1239.375 1246.093 1253.750 1255.312 1302.187 1329.437 1343.250 1359.406 1376.406 1384.125 1388.125 1421.625 1451.156 1469.406 1518.156 1519.781 1528.812 1558.375 1575.031 1608.187 1632.093 1634.250 1641.281 1678.437 1707.562 1746.406 1757.968 1824.500 1868.156 1869.281 1950.375 1962.656 1967.937 2028.187 2036.000 2045.906 2117.562 2124.593 2150.500 2167.468 2172.875 2184.468 2186.312 2195.781 2222.156 2230.562 2238.500 2250.812 2251.343 2270.593 2325.218 2361.750 
-92.125 53.843 99.875 124.625 167.125 175.218 182.187 205.000 208.656 284.468 304.781 308.562 325.031 340.156 346.000 355.281 357.875 365.718 432.625 448.031 453.125 479.593 500.875 575.468 637.437 646.218 648.687 691.062 694.250 696.312 703.437 716.687 717.187 732.375 774.312 785.875 807.781 856.031 861.156 875.062 885.156 948.281 956.687 981.687 1015.093 1015.375 1033.250 1038.312 1089.531 1094.093 1099.031 1102.312 1174.968 1205.500 1208.375 1225.562 1242.187 1272.875 1299.437 1348.875 1349.375 1351.000 1391.281 1421.968 1458.000 1474.312 1482.062 1507.625 1519.437 1526.562 1599.687 1612.343 1687.281 1697.406 1723.312 1724.531 1799.218 1825.062 1833.062 1922.562 1957.562 1975.562 1994.031 2015.531 2020.093 2050.812 2055.843 2091.812 2108.781 2117.500 2118.656 2125.000 2138.468 2144.437 2149.062 2164.000 2176.781 2224.750 2229.781 2265.906 2275.843 2317.312 2342.687 2355.312 2379.468 2413.187 2613.187 3166.718 3317.750 
