-425.813 273.437 346.187 390.906 559.937 597.000 674.250 699.812 929.781 934.375 1063.187 1190.562 1195.375 1231.406 1283.062 1400.593 1470.531 1541.031 1774.312 1832.906 1880.218 
33.531 224.593 393.000 543.531 559.031 599.718 667.031 775.812 882.875 899.062 930.187 983.781 1010.500 1185.875 1197.593 1200.218 1233.312 1248.625 1273.343 1459.375 1544.031 1619.531 1731.281 1766.937 1828.312 1861.156 
20.625 277.062 297.562 894.937 928.250 984.343 1008.468 1021.250 1044.812 1160.875 1187.593 1223.875 1272.781 1461.187 1489.312 1527.500 1537.031 1617.656 1621.625 1731.500 1754.562 1758.781 1764.968 1836.093 1838.500 1844.375 1847.812 
19.062 31.281 342.718 415.312 422.125 598.156 660.250 715.812 739.031 789.281 891.187 931.343 992.656 1091.593 1150.156 1164.875 1188.875 1201.187 1238.218 1655.562 1714.281 1725.875 1732.093 1786.250 1829.250 1834.750 1847.906 1864.562 
20.062 76.343 86.750 233.968 260.593 547.093 572.531 723.750 886.968 889.031 907.687 935.375 947.250 963.125 1012.093 1017.468 1063.031 1171.750 1185.687 1210.281 1284.500 1285.781 1445.843 1455.250 1456.468 1505.281 1539.375 1613.343 1655.718 1718.843 1795.593 1849.968 1855.406 1863.156 1880.031 2930.000 3511.281 
-1742.438 -1181.000 -831.813 -565.594 -519.469 20.375 63.593 94.781 99.562 99.937 134.187 157.062 171.406 173.562 207.250 378.468 484.593 543.312 649.500 710.906 757.687 827.937 900.125 923.937 958.000 990.656 1017.156 1066.187 1070.437 1074.093 1090.937 1169.125 1176.656 1194.906 1216.812 1224.562 1230.968 1234.218 1240.437 1290.968 1390.531 1449.937 1463.656 1499.437 1549.750 1556.593 1589.812 1621.218 1623.625 1644.406 1736.375 1737.312 1744.687 1747.656 1796.125 1837.812 1840.562 1844.406 1862.468 1866.281 2249.750 
-1153.907 20.218 36.031 297.593 341.500 717.343 844.843 920.718 952.781 1013.093 1169.843 1203.375 1252.125 1274.031 1275.343 1285.968 1305.468 1536.562 1594.000 1640.468 1685.718 1711.593 1712.656 1769.312 1784.750 1792.437 1820.906 1842.843 1874.312 
22.937 70.468 83.875 168.437 229.718 343.750 350.281 543.250 568.156 592.312 663.687 889.250 928.750 950.812 952.125 956.406 977.781 989.312 1011.937 1084.531 1151.781 1180.531 1247.031 1285.656 1539.812 1547.437 1639.593 1647.125 1706.062 1716.000 1734.281 1762.937 1806.000 1818.000 1863.000 1873.218 3363.875 
-1429.907 -746.813 -563.344 -492.500 28.593 63.218 145.281 188.343 286.468 390.906 455.937 509.125 697.656 703.000 766.750 836.437 853.062 900.062 952.718 978.562 1008.406 1012.875 1168.781 1180.812 1213.281 1236.093 1240.843 1264.406 1271.531 1278.343 1286.718 1295.343 1402.687 1599.406 1670.031 1720.468 1751.843 1756.437 1786.250 1878.875 1889.656 2603.000 3702.562 
-1592.344 -1253.625 38.312 65.812 144.875 155.000 176.750 233.875 323.687 348.406 417.625 426.468 478.343 507.625 516.375 517.312 541.781 559.468 597.906 600.875 654.656 692.906 788.375 884.156 897.593 907.093 915.218 926.000 933.781 956.687 962.656 968.312 973.843 976.250 1007.781 1037.593 1126.343 1134.031 1147.750 1182.562 1233.406 1251.156 1262.187 1278.468 1289.218 1393.500 1513.375 1523.718 1543.468 1573.000 1678.937 1683.781 1726.718 1733.062 1735.843 1741.687 1742.718 1754.562 1777.000 1798.156 1800.593 1813.062 1826.031 1827.593 1833.593 1858.281 1880.625 1888.000 2332.968 2728.656 
-1076.157 24.062 156.562 233.437 239.625 331.437 341.250 367.843 513.718 670.593 768.937 794.906 829.781 888.781 889.781 898.843 902.125 913.968 976.718 1003.843 1008.718 1023.687 1061.250 1084.500 1087.187 1106.843 1110.343 1150.250 1190.125 1260.656 1261.625 1397.375 1401.531 1434.687 1447.250 1485.312 1540.937 1688.843 1717.750 1718.468 1735.281 1736.781 1745.812 1762.000 1795.187 1807.218 1823.125 1847.125 1858.718 1863.750 
-879.407 19.625 20.968 27.218 45.218 64.812 77.187 267.125 352.500 360.656 411.187 519.312 543.093 643.750 693.687 714.625 727.750 788.750 826.906 860.750 903.968 912.718 917.906 925.656 936.093 953.406 998.125 1115.593 1147.562 1155.937 1170.656 1177.187 1197.031 1197.375 1210.375 1291.281 1331.343 1393.937 1469.906 1472.000 1486.718 1551.343 1559.937 1640.906 1654.718 1677.843 1716.250 1737.406 1752.625 1758.937 1760.500 1781.250 1823.968 1852.812 1861.218 1865.312 1870.843 1876.656 1886.375 
-1855.500 34.625 50.718 53.187 77.625 79.906 168.718 230.687 259.500 271.781 275.250 317.562 390.687 494.031 517.562 564.375 571.500 597.187 637.468 684.218 688.875 712.625 832.843 885.593 894.968 905.906 935.156 959.000 971.000 980.218 1017.062 1023.562 1024.937 1047.906 1155.031 1173.843 1176.781 1181.500 1210.843 1250.281 1256.968 1267.343 1268.281 1273.406 1276.968 1278.781 1464.468 1488.218 1540.875 1557.843 1576.281 1577.218 1580.656 1600.031 1604.781 1634.906 1667.656 1717.843 1743.718 1744.437 1761.156 1762.375 1776.718 1793.281 1794.687 1826.375 1837.812 1840.812 1841.968 1847.375 1852.000 1864.937 1867.125 1876.718 1893.062 1894.406 2176.718 2793.062 
33.531 47.500 50.156 53.593 300.312 345.250 350.093 507.343 766.468 776.093 783.406 793.312 827.093 899.093 956.750 970.875 979.906 1007.781 1053.843 1064.343 1080.812 1154.687 1179.375 1199.500 1230.937 1261.062 1263.625 1266.718 1276.125 1316.937 1367.093 1490.437 1537.343 1543.656 1573.906 1596.312 1603.406 1609.500 1717.062 1756.437 1758.500 1764.375 1766.062 1772.875 1785.687 1797.031 2733.656 3709.343 
