-1870.282 -1271.657 -1198.063 -1114.032 -1076.844 -901.750 19.281 42.250 166.375 218.062 404.343 407.093 693.812 764.500 980.093 990.062 1356.687 1494.281 1842.093 2008.562 2518.062 2539.937 2829.843 3469.062 3473.187 
-1743.094 -1616.188 -1432.063 -324.344 -132.094 -25.625 -12.032 35.250 156.812 210.718 240.812 336.656 399.312 510.281 980.500 984.531 1194.437 1373.812 1469.781 1597.750 1835.187 2341.468 2436.343 2936.625 2941.281 3371.656 
-1895.219 -1567.157 -104.188 -6.188 39.812 651.187 1479.250 1522.906 1793.750 2619.156 2792.968 3310.156 3707.375 
-1398.469 -706.532 -416.469 239.656 396.750 1240.906 1586.593 3242.375 3247.500 3726.500 
-1952.532 -868.469 -374.969 41.531 1705.687 1817.906 2085.406 3073.656 
512.750 574.281 746.656 3984.812 
-521.813 38.031 43.500 233.531 1874.250 1912.531 3543.625 
-1700.750 -179.969 596.875 926.375 2211.937 2268.531 3216.437 3531.875 3543.750 3675.656 
-1164.438 145.000 
-707.469 42.437 1517.406 1525.375 1539.406 1541.312 2154.750 2269.218 
