71.625 113.656 579.656 1024.500 1032.718 1236.843 1574.781 1664.875 1732.687 1829.843 1874.343 
76.312 554.000 757.250 960.718 1106.031 1126.687 1193.375 1245.593 1545.218 1697.718 1882.125 
84.781 264.156 347.343 349.718 816.156 958.437 964.093 984.750 991.906 1068.812 1102.468 1257.468 1273.250 1324.156 1422.156 1733.781 2670.281 
66.468 74.687 348.468 646.562 1236.406 1811.531 1838.718 1885.156 1920.062 
151.312 290.093 339.343 552.937 814.531 1236.218 1598.937 1740.343 1887.875 1918.437 
-1908.375 503.718 532.031 665.687 960.937 990.625 992.250 1105.937 1168.093 1217.812 1308.531 1446.656 1961.531 
72.437 78.281 78.875 113.343 463.218 756.406 843.250 933.875 963.437 1108.500 1128.375 1216.781 1235.312 1488.937 1710.968 
73.875 74.062 74.468 239.937 338.718 510.343 554.156 635.875 769.531 783.437 900.312 904.750 1111.625 1594.750 1735.343 
73.437 113.062 327.437 353.687 438.781 530.437 621.625 665.625 666.187 899.187 900.718 1217.843 1318.062 1547.031 1735.125 
15.468 39.062 76.531 78.468 92.625 466.156 508.468 757.312 849.343 901.718 1135.968 1219.187 1598.062 1888.593 
