63.656 212.437 220.718 299.093 301.531 439.218 624.000 858.593 1019.312 1200.375 1533.156 1536.281 1551.062 1879.625 
31.812 175.875 212.250 228.062 296.406 323.406 478.406 565.937 781.593 793.187 940.531 1236.031 1395.500 1519.312 1778.750 
29.875 95.093 181.343 230.156 265.843 329.687 346.593 572.718 626.531 748.781 778.281 834.125 844.531 860.937 912.593 1059.812 1639.031 1964.718 1973.687 1993.406 
31.312 50.343 52.406 107.687 177.093 183.750 297.781 298.187 440.531 503.625 513.218 546.250 581.656 899.562 1166.031 1514.718 1532.812 1802.468 
119.875 215.718 228.062 353.125 438.937 501.906 626.281 1067.562 1090.906 1261.437 1299.125 1457.968 1536.593 1662.500 3709.281 
48.375 119.562 133.437 475.000 587.593 589.656 859.593 862.781 917.218 1064.156 1201.343 1403.343 1412.000 1616.875 1866.000 
91.250 119.750 122.593 133.468 237.187 300.031 415.843 477.062 505.937 567.281 588.062 772.437 918.093 1163.468 1186.281 1339.875 1415.687 1504.562 1509.468 
72.968 137.406 305.031 350.968 545.531 621.312 692.531 771.593 784.281 1161.500 1271.781 1499.500 1533.875 
72.250 124.125 210.625 219.062 261.625 298.218 298.906 300.156 523.562 544.156 844.468 899.187 1074.000 1160.781 1243.937 1309.750 1822.906 1878.093 1882.937 1965.406 
214.343 230.125 297.750 441.031 522.625 585.593 649.156 771.750 1142.875 1283.281 1551.812 1589.468 1733.468 1802.250 
