32.968 113.656 278.625 307.812 310.875 358.093 440.281 456.656 626.687 1064.062 1120.593 1165.093 1233.812 1712.406 1733.593 1828.937 
106.875 288.968 289.375 291.843 538.968 549.656 575.156 646.750 1069.156 1339.531 1627.625 1646.906 1865.843 1926.593 
21.437 49.593 474.625 487.375 522.968 659.000 790.656 857.031 1451.093 1468.406 1469.781 1733.875 1924.562 
95.125 215.812 218.031 285.687 617.468 658.031 660.531 837.312 982.062 1062.093 1324.687 1571.781 1665.750 1750.968 1860.437 
21.500 221.750 289.000 291.187 291.812 308.218 431.750 550.093 639.000 661.000 976.875 989.125 1030.625 1120.843 1151.000 1270.343 1407.031 1501.156 1558.000 1572.062 1717.843 1727.500 1731.187 1750.937 1929.718 
118.781 130.343 615.000 634.812 982.687 1055.406 1387.000 1642.562 
280.093 292.781 345.531 517.281 586.781 587.312 695.437 748.781 1666.656 1730.750 1827.656 1925.562 
41.281 282.656 292.781 303.656 463.406 570.937 578.062 635.062 982.531 1033.593 1272.500 1425.468 1659.718 1823.031 
16.750 27.593 57.968 118.906 215.468 285.218 408.656 576.750 659.968 1227.531 1646.343 1782.343 
26.875 46.562 291.343 984.906 1253.156 1389.343 1407.593 1495.437 1731.156 1804.125 
