24.656 212.968 276.531 278.187 445.687 700.593 802.125 828.812 979.468 1050.875 1192.750 1495.468 1543.156 1822.406 1827.531 
50.875 160.062 214.906 238.437 645.843 719.968 781.187 922.406 932.000 1193.718 1292.562 1355.656 1495.625 
20.625 73.093 213.718 309.000 444.812 825.687 845.406 924.812 1230.937 1236.343 1356.000 1358.062 1465.750 1786.750 
15.000 153.625 388.406 882.062 943.937 1055.437 1495.687 1662.375 1810.843 1914.968 1990.406 
14.281 15.218 21.062 41.375 209.468 216.531 308.312 467.187 470.812 660.625 672.406 1269.687 1355.906 1382.687 1803.968 1850.843 1960.656 
55.093 71.343 214.500 269.406 308.093 469.875 582.687 644.718 663.937 825.343 920.812 1093.906 1125.593 1178.593 1357.031 1527.531 1560.375 1657.812 1959.250 
14.187 43.875 50.843 68.593 112.750 215.468 279.656 306.937 308.968 444.906 471.125 501.375 1052.843 1144.312 1221.875 1232.000 1876.343 
14.937 148.562 472.156 620.125 709.843 721.343 1091.500 1224.625 1235.937 1491.406 1612.093 1786.875 1895.312 
13.562 26.750 92.531 216.031 308.312 332.218 361.750 585.406 717.750 846.031 1231.750 1466.375 1474.500 1564.125 1595.718 1916.250 
20.281 94.125 96.656 272.812 607.812 781.000 916.968 1219.812 1357.875 1875.937 1896.781 
