170.343 178.625 935.500 1442.875 3100.718 
19.281 20.156 157.656 162.375 167.625 329.156 476.031 632.781 739.843 923.593 1089.750 1176.437 1223.937 1287.562 1482.593 1566.125 1824.375 2433.125 
326.937 379.031 521.500 630.187 771.031 926.656 3055.968 
138.343 156.843 482.062 655.687 1124.875 1220.781 3605.062 
138.968 162.437 243.062 326.531 492.843 737.437 900.562 927.125 939.937 1329.000 1426.437 2662.468 3084.750 3468.062 
480.781 646.687 693.375 739.843 867.781 1211.468 1212.062 1348.687 3620.156 
137.093 325.500 478.968 638.250 739.843 925.093 931.093 1399.406 1413.031 
23.062 154.156 162.906 206.062 483.687 631.562 656.312 683.093 902.375 921.875 2479.875 3851.781 3864.718 
22.343 70.125 125.125 572.187 740.718 846.250 925.062 955.531 1221.718 1231.593 
31.281 144.187 485.093 640.625 920.781 1413.781 2701.750 3905.125 
