120.500 239.687 277.593 359.500 395.531 461.187 523.968 591.218 766.687 956.437 1198.156 1490.156 1820.437 1823.843 1829.812 1841.187 2017.562 3614.375 
16.812 17.062 24.031 154.031 238.218 368.781 502.718 572.843 739.937 1252.750 1568.156 1867.187 2013.093 
16.406 144.718 324.687 465.656 508.562 671.718 736.812 779.781 1013.250 1403.500 1535.250 1823.000 1830.781 1849.531 3776.781 
16.468 70.687 101.562 230.125 746.937 1281.531 1804.000 1855.906 1890.625 2995.218 3850.656 
17.062 107.187 136.937 138.343 150.593 154.625 241.125 323.593 1390.406 1806.593 
70.906 103.875 149.218 384.312 715.937 780.750 785.593 1490.437 1831.937 2016.625 3476.812 3680.437 3689.375 3690.500 
110.531 150.718 273.593 364.187 523.718 611.750 733.312 780.125 806.781 1092.156 1100.312 1114.093 1544.343 1690.125 1832.343 1918.656 2018.843 2701.125 3239.718 3476.593 
17.187 61.875 96.656 230.687 296.156 359.718 390.156 662.906 773.843 826.093 1562.843 1875.812 2081.031 3466.718 3860.906 
16.687 69.156 151.906 152.375 240.343 349.187 356.500 656.250 984.968 1557.843 1621.843 1842.562 1890.250 
16.031 16.562 160.718 444.750 580.500 655.812 745.156 774.156 1108.875 1122.593 1141.562 1464.875 1592.375 1816.843 1875.437 2015.750 3367.062 
