31.000 108.500 161.937 209.312 330.625 440.343 513.125 1277.125 1450.531 
17.718 94.343 176.281 239.125 341.031 415.781 553.875 1720.031 
19.687 170.437 232.468 356.000 602.593 
18.406 95.781 162.500 225.500 618.500 1251.718 1785.250 3499.781 
32.750 129.875 229.031 417.250 554.031 904.250 1248.968 1636.312 1723.031 1787.937 
29.625 108.281 189.218 228.062 330.968 425.750 1249.718 1375.937 1774.812 
71.843 156.781 223.531 399.750 492.000 603.812 1116.843 1778.312 
29.875 112.875 213.250 419.468 612.312 1251.531 1655.218 1759.093 
46.875 109.281 219.500 394.187 607.281 1254.593 1755.656 
30.437 130.437 189.312 261.625 479.968 605.750 606.500 1250.562 1386.812 1456.687 1738.812 
