-958.032 50.500 128.468 203.656 321.906 379.531 543.718 545.906 549.031 655.968 755.125 783.125 851.625 869.312 928.812 1323.968 1325.718 1446.593 1487.500 1495.937 1588.750 1691.843 1865.968 1940.531 
19.187 189.968 205.156 401.718 578.062 625.718 682.781 700.437 727.125 729.843 769.531 818.500 903.593 932.593 968.000 1005.781 1082.843 1133.093 1380.437 1445.218 1447.906 1554.718 1556.437 1579.406 1615.437 1658.500 1689.750 1691.656 1720.531 1821.906 1905.343 1998.500 3041.218 
19.187 20.437 116.468 139.781 160.656 189.062 193.437 222.968 403.531 421.437 545.531 803.687 906.218 1008.656 1059.906 1533.937 1537.750 1769.156 1777.531 1824.718 
37.125 97.031 158.687 191.406 285.093 825.093 861.531 925.968 930.656 991.781 1131.250 1133.156 1262.218 1279.781 1323.531 1555.125 1615.062 1653.156 1857.093 1985.781 
117.750 118.406 189.687 202.343 225.218 240.875 382.937 599.250 622.781 744.750 863.812 930.093 1123.593 1207.000 1307.937 1326.000 1617.593 1658.312 1688.218 1904.000 
17.437 22.312 156.875 261.750 349.531 420.687 604.468 704.687 731.875 756.875 757.343 856.750 1031.500 1092.750 1323.437 1376.500 1585.875 1609.250 1972.968 
59.125 488.687 640.250 1024.812 1326.625 1445.468 1537.687 1538.718 1598.875 1754.468 1846.375 1849.562 1939.968 
79.656 80.968 116.968 155.437 189.093 206.250 207.218 518.906 548.843 663.625 697.875 701.218 978.875 1131.656 1352.687 1379.937 1406.031 1430.062 1591.625 1770.375 1824.937 1901.125 
-1553.344 24.875 308.031 400.875 560.531 622.281 655.656 686.562 702.218 761.312 1087.562 1355.937 1435.312 1446.812 1611.250 1613.156 1672.187 1694.406 1889.562 
-226.438 17.468 71.468 99.156 145.718 206.343 377.406 652.718 755.312 1065.156 1090.593 1127.250 1403.312 1447.375 1629.062 1848.125 1934.218 1961.500 
