-823.219 17.312 29.437 94.593 104.375 150.500 247.687 275.218 305.062 348.937 449.250 471.843 489.062 516.187 528.781 591.031 626.062 1003.062 1054.218 1310.875 1407.812 1548.218 1572.750 1593.000 1752.937 1753.593 1787.812 1955.437 3139.406 
-1081.282 35.500 86.312 95.250 132.343 148.781 194.562 307.812 309.062 341.468 522.281 538.468 650.625 700.562 871.437 991.031 1080.562 1294.750 1298.156 1473.250 1509.343 1588.968 1628.437 1702.343 1853.968 1862.062 
19.156 138.500 148.093 277.375 327.875 348.906 476.968 504.500 513.718 577.312 662.468 870.406 913.406 1031.125 1069.781 1310.750 1315.468 1335.250 1442.718 1593.687 1596.375 1653.656 1701.406 1741.750 1976.687 
20.906 66.437 85.718 111.406 309.281 396.875 472.375 489.281 501.562 662.781 790.281 894.125 926.843 974.250 1091.468 1260.781 1464.968 1473.500 1492.468 1538.250 1655.406 1752.687 1785.437 1985.656 2270.218 
281.531 313.218 643.406 770.937 878.875 973.843 1082.750 1276.031 1438.906 1494.062 1631.593 1682.437 1725.593 1758.687 
24.812 111.062 169.562 219.500 273.593 343.031 389.906 523.125 745.531 896.281 1030.218 1220.593 1310.500 1356.875 1491.125 1603.406 1629.593 1696.843 1821.531 1884.593 1956.031 1977.218 1981.375 1999.468 
95.781 107.281 135.937 172.437 341.250 504.000 618.812 783.093 872.812 1156.656 1252.187 1352.875 1356.375 1505.781 1571.812 1609.218 1667.250 1759.375 1956.156 1998.875 
-1235.563 17.750 77.250 121.031 146.187 150.562 201.187 273.625 285.625 348.406 476.218 620.187 649.968 731.625 870.843 999.062 1056.625 1269.000 1310.593 1433.031 1437.250 1572.593 1589.343 1784.906 1862.468 1889.875 1928.343 1935.812 1951.187 1954.687 2004.343 
16.968 138.531 151.750 155.656 190.375 345.343 549.968 779.750 954.875 980.187 1144.593 1313.531 1436.875 1485.312 1598.437 1739.281 1754.843 1781.531 1862.218 
49.187 59.781 134.500 246.312 258.906 306.531 433.562 501.000 519.625 617.000 690.625 772.156 937.343 1105.562 1356.875 1470.468 1546.375 1633.093 1692.656 1773.718 1884.187 2000.750 
