-95.938 231.093 258.218 349.812 446.000 477.812 614.031 641.593 1122.812 1244.062 1304.093 1490.281 1494.343 1494.937 1500.093 1741.437 3926.531 
-1415.594 62.968 274.468 364.437 445.031 558.812 568.875 655.375 731.437 738.812 858.781 1123.343 1476.656 1507.000 1599.625 3805.000 3926.437 
-1355.782 -959.375 64.718 120.468 447.343 727.531 794.500 1041.437 1388.250 1559.531 1714.000 3789.906 
-1457.250 -139.750 259.031 446.750 539.156 567.062 575.062 778.937 780.375 798.562 873.187 1043.343 1381.687 1385.000 1557.000 1659.343 3222.968 
258.156 336.093 400.468 447.656 548.531 672.437 796.875 1065.656 1431.312 1491.687 1495.968 3973.218 
-1508.094 244.031 254.031 445.343 450.968 523.343 537.906 903.750 1210.000 1242.625 1330.250 1536.031 1561.250 3385.781 3764.718 3770.250 
241.406 243.937 244.500 670.312 1168.656 1319.000 1494.343 1496.437 1672.187 1706.312 3594.625 3655.781 
-280.625 119.968 340.500 537.000 654.406 777.656 783.218 1085.531 1498.687 1571.750 1712.031 
-1223.688 122.375 329.843 340.093 444.406 458.968 571.625 579.281 638.593 664.531 674.031 787.281 903.687 1162.468 1210.187 1245.687 1424.218 1478.312 1499.937 1512.750 1708.843 
-1561.688 67.562 68.312 263.000 372.562 504.968 515.125 537.093 608.312 642.593 735.031 744.937 768.343 1069.812 1231.875 1563.968 1579.000 1738.562 2384.812 3756.250 
