-700.438 -693.969 -191.532 69.437 235.531 242.875 415.812 420.343 681.062 761.281 811.093 947.093 1016.437 1178.093 1539.343 1592.843 1596.375 1670.156 1862.500 3374.000 3417.812 3875.500 
99.718 740.843 773.125 919.687 1021.093 1182.625 1190.562 1392.437 1544.375 1883.781 1890.593 1974.062 3839.656 
-384.469 450.156 753.125 1067.625 1068.343 1368.250 1761.000 1944.125 2039.343 2468.937 2919.093 
-1177.563 59.093 416.687 540.906 868.312 988.031 1026.343 1123.593 1127.093 1494.218 1839.812 1888.968 1937.187 1971.875 2054.781 3384.312 
107.843 463.437 586.281 842.375 911.750 1023.406 1067.781 1102.875 1752.687 1847.281 1927.000 2042.968 2425.187 2916.781 
-1703.250 93.031 104.093 270.281 543.531 572.312 572.875 653.437 881.093 1025.625 1097.468 1116.250 1390.843 1498.906 1670.687 1741.343 1885.000 1973.218 3519.906 3958.218 
-1119.719 95.562 273.000 453.031 658.156 720.968 754.125 758.875 819.343 882.718 916.281 988.187 1040.531 1043.343 1067.656 1129.093 1179.937 1374.406 1562.906 1590.187 1753.531 1844.968 1905.875 1962.125 1972.437 2002.093 2041.312 2046.718 2188.562 
-885.625 272.406 272.875 449.281 576.562 882.968 911.437 913.187 1068.375 1399.843 1496.281 1740.218 1864.031 1927.343 2042.968 
-947.188 581.375 746.468 787.468 846.375 909.687 1096.031 1132.468 1189.656 1649.531 1765.312 1773.500 1837.468 1971.031 2414.312 
-1046.594 51.906 113.468 273.468 841.187 902.843 903.625 907.875 970.718 1023.718 1057.250 1182.000 1380.312 1498.375 1537.281 1600.562 1725.500 1743.656 1886.687 1900.937 1955.968 2041.562 2051.906 2135.656 2197.875 2774.531 
