-1845.344 528.781 547.375 599.125 742.937 838.718 916.093 936.625 1397.406 1685.406 1743.593 1855.906 1918.625 2013.687 2134.781 
-722.094 177.343 187.468 522.656 765.812 888.906 914.312 973.625 1060.593 1085.312 1321.531 1501.093 1644.593 1684.156 1689.187 1786.250 1787.718 2029.281 2620.312 2745.906 3535.375 
-1863.438 -702.500 -282.813 61.437 186.812 396.968 401.062 494.437 545.500 707.093 921.343 942.000 1028.218 1082.250 1404.875 1536.062 1622.562 1684.562 1799.062 
62.812 204.750 300.875 404.781 595.000 597.375 601.656 702.718 704.625 902.343 1329.343 1517.562 1640.625 1682.781 1698.375 1758.281 2039.468 2083.031 2115.281 
63.656 77.281 404.875 919.656 1046.312 1069.687 1080.312 1084.687 1299.625 1405.656 1651.906 2550.531 3565.156 3635.406 
52.812 854.531 1008.656 1189.156 1314.468 1374.375 1411.843 1426.593 1533.906 1685.656 2014.531 2807.875 2808.562 
-417.563 86.500 703.437 933.656 1533.750 1652.312 1684.031 1877.093 1893.312 1906.687 1908.812 2079.500 2123.187 2650.593 
-1704.282 56.625 205.000 330.531 703.062 918.343 940.156 981.781 1106.843 1309.000 1323.312 1523.906 1688.906 1691.968 1877.468 2072.437 
209.468 324.062 376.562 412.406 597.281 877.437 944.500 1106.562 1550.156 1684.375 1689.531 2051.281 2120.625 
-677.125 180.406 332.187 393.375 397.625 568.500 595.218 761.593 1084.187 1324.031 1390.625 1394.187 1534.500 1636.281 1744.875 1784.968 1891.281 2414.031 3159.718 
