110.437 186.000 210.562 351.093 533.625 591.093 602.375 615.750 619.312 727.250 753.062 1238.406 1376.218 1399.281 1408.593 1413.875 1423.406 1427.000 1432.750 1499.093 1509.656 1514.687 1528.062 2239.000 2282.156 2291.093 2343.656 2444.937 2445.843 2447.125 2459.468 2474.218 2531.781 2741.281 2753.812 3215.656 3312.531 3331.468 3446.156 3470.187 3575.781 3587.312 3599.031 3603.312 3608.781 3609.937 
70.968 484.500 535.687 552.343 573.031 620.625 865.812 1184.875 1195.500 1198.343 1212.687 1533.687 1681.437 2116.750 2323.062 2328.031 2340.000 2823.031 2837.968 3057.812 3110.250 3156.843 
196.312 251.593 532.843 623.687 651.500 657.187 700.656 703.812 1365.843 1381.812 1410.687 1516.093 2441.593 2479.843 2502.343 2600.125 2647.093 2818.250 3299.500 3454.437 3458.218 
136.156 153.000 334.125 351.687 359.312 382.500 386.281 390.156 393.812 488.343 490.937 638.031 715.687 736.218 775.781 797.375 878.656 938.375 1227.500 1470.000 1507.781 1536.250 1733.968 2005.500 2645.843 2715.843 2748.250 3549.281 3559.375 3565.031 3573.593 3621.093 3643.406 3656.968 3683.718 
114.343 221.375 236.093 256.062 259.000 366.218 531.156 660.937 689.562 694.906 702.968 739.875 750.500 1398.218 1406.750 1416.031 1615.656 1617.437 1634.812 1770.937 3237.125 3251.750 3277.656 3281.875 3296.750 3972.468 
160.187 250.875 518.687 537.593 643.593 683.000 775.843 807.500 1340.500 1349.281 1360.500 1371.250 1399.812 1475.437 2013.437 2223.500 2254.468 2327.656 2366.406 2602.125 2784.312 2798.406 2877.781 3223.218 3963.218 3977.750 
81.031 89.031 90.218 98.343 101.562 119.781 139.031 140.625 148.312 149.250 171.687 178.500 181.906 224.187 246.906 263.500 521.843 573.531 581.656 637.312 675.156 713.875 760.500 765.031 957.531 1321.437 1322.250 1337.750 1340.218 1359.218 1367.156 1378.906 1392.156 1470.187 2634.781 2678.156 2765.406 2835.843 2840.593 2844.093 2904.125 2921.437 3128.031 3310.812 3341.718 3830.656 
41.093 57.125 61.718 83.125 105.093 200.218 219.593 257.718 279.468 373.843 532.812 870.312 1288.281 1315.281 1335.281 1350.375 1354.437 1376.968 2299.156 2379.468 2577.937 2707.812 3298.781 3452.406 3812.781 3854.375 3879.125 
78.593 110.375 202.187 211.031 341.750 385.906 444.937 450.750 479.718 487.812 638.312 732.531 1292.125 1346.343 1369.187 1503.281 1534.125 1541.281 1544.250 1899.093 1906.906 1927.531 1949.843 2038.812 2253.750 2271.968 2354.656 3203.875 3244.656 3382.968 
142.406 255.437 261.281 273.625 380.593 535.218 550.437 558.437 590.125 658.656 869.937 1370.687 1382.656 1405.031 1417.687 1531.187 1608.000 1829.375 1880.687 2599.781 2611.250 2612.750 3247.187 3674.718 
