25.750 278.625 400.437 414.062 1061.781 1398.437 2069.156 3509.937 3512.843 3815.531 
275.625 549.687 831.343 833.468 839.250 924.781 1144.125 1226.718 1393.250 1395.250 1555.937 1654.656 1735.156 1823.031 1825.718 1833.031 2713.656 3244.625 
22.718 28.593 35.156 277.750 415.281 427.156 547.500 772.468 1067.625 1232.062 1672.750 1679.312 1851.750 2903.218 3237.875 
391.312 753.218 829.437 831.718 1174.156 1262.187 1494.937 1604.937 1841.093 1862.218 3442.593 3447.156 3452.468 3749.062 3928.093 
19.593 1146.218 1394.031 1851.250 2630.406 3509.906 3514.125 3895.093 3939.781 3946.031 
42.781 400.687 409.000 477.593 481.875 757.500 879.468 888.406 1029.156 1263.812 
24.562 28.281 47.812 151.687 436.156 545.468 551.687 755.781 830.468 1559.343 1846.968 2089.250 2541.125 
23.218 26.000 30.093 218.875 276.156 412.750 547.218 830.187 836.187 906.250 1170.218 1227.968 1402.687 1567.968 1589.843 1593.937 1657.281 2104.843 2803.875 3324.250 3324.875 3688.375 
29.718 35.906 259.843 839.000 878.406 880.500 883.343 943.562 961.531 982.750 1067.937 1398.125 1401.062 1492.468 1550.625 
32.281 42.625 838.343 900.343 901.781 918.250 1001.375 1588.687 1591.843 1678.812 1888.593 2519.406 2522.937 2524.375 3179.250 3182.187 3185.781 3670.906 3674.531 
