27.781 39.781 55.031 526.375 629.593 1108.906 1288.437 1604.843 1704.187 3762.593 
289.000 527.000 530.625 531.312 1035.062 1526.937 1580.687 2473.531 2484.718 2495.343 2501.093 2503.093 2533.125 
3.187 19.156 38.125 414.093 415.593 416.906 779.375 973.937 1041.343 1449.968 1850.156 2744.437 2748.937 2759.843 2790.625 3332.000 3338.812 
47.437 408.718 628.125 628.468 634.218 752.218 771.593 813.031 884.343 889.500 1044.718 1051.937 1275.125 1275.343 1286.312 1419.468 1720.843 3224.031 3226.781 
22.125 252.875 266.843 271.718 351.687 625.343 743.281 1033.625 1703.750 2910.531 3671.375 
164.250 532.218 587.406 625.500 778.093 794.312 809.687 1080.468 1986.718 2753.343 2766.125 2870.531 3736.906 
24.312 29.093 221.843 780.812 880.125 1280.531 1410.843 1451.468 1592.593 
218.343 418.937 455.718 537.125 583.031 627.031 629.437 884.687 1046.406 1074.000 1077.156 1291.156 1297.875 1785.906 3090.656 
43.218 59.093 177.750 428.218 473.562 527.187 536.093 590.906 881.312 1076.281 1278.218 1924.343 1987.937 2031.375 3650.468 3660.468 
27.125 56.906 185.687 346.093 536.406 586.218 634.968 795.812 1164.093 1549.625 1704.625 1705.500 1709.093 2324.750 2715.781 3755.875 3758.406 3762.031 
