43.625 670.968 679.562 1010.156 1012.750 1142.812 1164.031 1263.562 1489.750 
46.406 444.843 1112.968 1420.593 1555.437 1724.062 
54.187 149.843 150.843 153.093 325.000 427.156 439.031 1120.031 1124.062 1125.281 1148.406 1499.125 1508.156 1529.718 1537.500 1555.250 1585.468 
28.843 165.281 422.718 1124.125 1230.281 1308.593 1333.906 1399.093 1610.218 
317.562 422.375 632.468 705.062 1438.250 1489.812 1491.437 1541.843 1552.781 1575.468 1608.250 
543.875 667.750 1378.812 1941.000 
38.343 677.875 705.218 1227.718 1308.656 1324.656 1437.406 1565.812 1621.812 3000.093 
60.968 320.375 623.312 1366.093 1490.031 1527.875 1615.906 
424.531 427.312 1232.656 1422.375 1488.343 
31.125 32.968 1129.843 1531.593 
