746.875 992.531 1584.312 1587.781 1696.812 2062.062 
762.031 1114.312 1209.000 1217.687 1542.343 1585.906 1710.218 1912.906 
-1496.000 747.906 991.062 1076.531 1320.437 1493.437 1567.750 1700.281 1825.687 1870.750 
420.593 535.093 741.093 1208.218 1530.812 1582.437 1684.937 1721.750 2075.062 2201.937 2206.343 
24.625 596.125 605.250 658.218 724.531 832.156 834.156 979.125 1008.062 1014.968 1172.437 1210.718 1218.843 1293.000 1671.281 1821.250 1915.062 2065.281 2066.812 2208.437 
24.812 498.812 772.812 778.281 994.218 1408.093 1475.281 1577.125 1713.562 1831.218 1837.750 1910.375 2110.843 
292.125 490.562 812.281 917.375 987.062 1009.906 1229.750 1312.437 1573.593 1584.281 1685.437 1719.218 1852.593 2117.687 
748.781 772.718 974.406 1328.718 1475.375 1687.312 1748.093 2202.656 
-1850.313 753.625 759.500 1210.593 1393.750 1641.937 1691.843 1932.687 2065.750 2084.187 2206.375 
537.343 759.406 1866.625 2204.656 
