599.406 922.906 1197.750 1824.656 1925.156 1959.375 
611.343 787.437 834.125 840.218 979.156 1001.000 1198.437 1297.750 1911.343 
406.156 420.218 437.093 600.437 601.875 848.062 984.843 1137.187 1490.312 1706.125 1751.281 3022.531 
239.718 246.312 426.625 440.218 446.500 743.312 910.031 1049.031 1071.625 1703.406 1837.062 1975.468 2004.750 2033.062 
402.062 418.812 863.375 981.937 1036.562 1069.656 1072.500 1126.375 1269.187 1861.343 1876.000 1912.125 
43.562 53.656 499.406 569.625 862.343 889.312 1582.000 
598.218 641.250 984.656 989.406 998.406 1054.656 1078.093 1137.531 1855.687 
264.937 588.843 992.031 1062.687 1071.187 1158.312 1198.875 1504.281 1583.031 1834.968 1836.531 2014.125 
66.906 405.187 420.156 537.250 638.687 848.625 1059.531 1117.375 1167.625 1837.187 1842.687 1848.906 1976.750 
269.218 557.093 714.062 875.156 981.375 1002.968 1061.250 1074.125 1155.687 1157.968 1508.000 1707.687 1869.906 1916.156 1971.125 
