-1922.219 1192.156 1217.437 1320.812 1346.625 1658.750 1709.093 1871.406 
591.125 974.843 1185.968 1208.156 1309.468 1413.625 1707.500 
176.156 298.875 409.000 442.187 596.187 618.593 672.937 767.937 831.375 897.062 1063.062 1188.312 1998.312 
66.812 292.750 611.625 672.093 678.843 683.687 809.625 893.875 896.093 921.906 1350.093 1647.343 1716.468 1970.375 
66.625 585.437 765.593 814.062 1083.593 1287.625 1713.718 1815.406 1855.031 
673.718 696.218 768.000 913.562 1186.375 1334.156 1447.406 1969.812 
187.218 293.375 300.906 541.843 591.218 687.250 701.031 711.187 1120.937 1183.218 1325.031 1362.750 1646.062 1712.093 1757.406 
595.656 601.843 897.093 1122.312 1128.187 1351.625 1645.500 
670.843 845.187 921.687 1209.843 1414.187 1643.718 
184.250 412.250 1192.562 1713.781 
