-1748.688 -912.907 72.250 75.500 308.906 332.968 408.843 413.375 552.281 604.218 606.281 621.375 678.718 858.218 924.781 997.656 1152.687 1162.531 1237.593 1287.468 1512.437 1673.531 1719.156 1722.562 1761.500 1762.968 1803.781 1853.468 1920.281 1964.250 2062.125 2095.000 2227.031 2231.750 2250.687 3407.031 3455.281 
-1945.782 -1938.657 -1890.344 28.437 33.125 87.625 396.656 441.656 445.500 532.781 549.031 596.875 642.218 781.875 881.281 970.781 1181.781 1237.218 1413.312 1509.937 1618.000 1623.000 1666.375 1739.000 1835.781 1860.093 1921.875 2097.093 2103.562 2238.593 2270.187 3087.250 3486.812 
-577.657 -571.875 -121.875 -104.344 -96.282 24.843 61.156 71.125 115.531 153.375 154.750 209.812 293.031 376.250 445.156 460.968 525.156 551.687 560.875 604.062 640.562 647.187 671.125 693.343 719.562 880.843 972.406 1036.937 1069.625 1075.562 1155.343 1160.312 1167.562 1246.281 1281.968 1284.812 1289.343 1494.218 1523.906 1530.812 1615.000 1725.187 1867.625 2060.687 2068.125 2070.375 3617.812 
-629.219 54.593 87.562 192.343 207.968 337.687 375.312 436.000 546.812 683.156 827.406 873.375 878.875 881.062 1147.375 1265.906 1346.562 1411.062 1535.906 1600.125 1686.781 1726.531 1763.312 1864.656 1887.937 1907.312 1912.937 2044.593 2100.812 2228.812 3395.843 
-1804.500 23.968 156.000 209.843 301.000 444.406 550.281 554.750 604.437 630.500 683.437 1149.031 1186.062 1275.406 1281.062 1286.812 1532.625 1576.437 1616.343 1911.906 1913.156 1973.187 2010.687 2090.968 2095.375 2143.250 2232.656 2265.125 2867.250 3302.437 3859.437 3901.562 3909.093 
-1733.188 -1425.219 -1424.594 -1039.157 -65.657 25.156 28.718 58.125 320.500 328.750 329.687 430.843 437.531 442.906 510.000 523.781 552.093 554.125 605.187 788.031 878.500 980.843 1137.812 1150.406 1183.531 1609.656 1728.906 1768.000 1899.375 1905.218 1922.312 2241.406 2270.531 3373.312 3430.218 3635.718 
-1531.657 -902.969 -402.657 -401.688 72.281 202.281 211.906 528.500 593.906 595.156 632.062 799.968 829.250 1004.312 1262.593 1433.406 1470.281 1514.468 1596.687 1612.562 1615.093 1673.468 1676.062 1727.656 1840.937 1901.812 1963.187 2281.187 2474.937 2852.562 3588.968 
-1931.157 -1647.219 -384.219 23.718 53.437 58.031 79.562 157.218 173.968 214.187 310.343 448.687 492.656 551.718 680.437 801.093 880.156 926.281 1016.718 1183.906 1237.968 1301.812 1435.562 1474.375 1526.968 1625.937 1666.218 1881.406 2069.125 2090.187 2095.968 2926.843 2946.125 3021.406 
-1929.032 -1578.469 -1575.719 109.375 147.875 210.343 214.312 305.312 416.531 509.781 642.812 875.562 877.343 963.812 1137.406 1153.718 1293.843 1501.781 1521.343 1597.437 1624.343 1674.843 1857.218 2015.312 2039.281 2065.437 2153.937 2222.875 2241.281 3173.968 3900.375 3996.500 
-901.282 -836.313 52.750 68.000 501.500 508.718 523.718 533.562 547.718 632.031 635.375 672.312 778.125 819.375 828.375 838.812 879.625 1010.093 1021.531 1231.375 1279.031 1287.000 1533.000 1594.562 1631.750 1717.468 2143.843 3839.593 3851.531 
