-1519.657 -711.688 23.875 41.156 74.062 74.343 276.250 621.750 742.406 982.906 1219.906 1221.687 1349.343 1572.468 1725.156 1976.218 2016.031 2325.718 2398.843 2979.687 3008.750 3517.843 3878.218 
-1211.438 23.312 32.593 74.000 227.312 273.468 370.781 384.812 396.093 406.625 473.218 891.312 914.250 1002.125 1129.468 1146.687 1151.843 1164.562 1165.500 1217.843 1242.093 1425.218 1427.500 1471.843 1590.906 1697.906 1733.218 1871.562 2023.343 2041.437 2207.906 2369.937 3479.843 3981.843 
-381.469 -274.875 21.718 110.312 194.312 230.187 241.125 362.406 505.187 517.875 574.031 793.406 905.812 940.500 1280.031 1292.812 1370.187 1579.500 1869.343 1885.937 1942.781 1971.812 2020.687 2143.468 2153.937 2336.906 2413.875 3012.750 3918.218 
-1809.094 -1797.688 -1748.532 -792.344 -789.344 -782.125 20.906 135.468 343.687 346.718 456.812 484.062 513.031 521.312 553.000 712.437 756.343 787.281 1100.312 1126.718 1144.406 1224.156 1263.000 1285.812 1356.031 1467.343 1567.250 1572.531 1617.968 1876.468 1878.093 1939.281 1951.906 2015.281 2110.593 2114.625 2197.875 2368.437 2406.343 3264.468 3897.500 
-216.563 -149.250 42.812 65.718 76.750 87.125 237.906 373.218 446.281 486.031 496.468 607.000 715.250 735.687 859.062 1130.812 1165.218 1217.562 1238.031 1277.250 1467.000 1470.156 1472.593 1627.437 1936.812 1975.593 2047.562 2109.187 2192.250 2372.812 3087.875 3141.656 3325.937 3678.531 
-1670.875 -1522.875 -1129.969 -245.563 -237.157 22.156 29.500 71.687 230.031 239.281 254.343 262.968 371.687 374.937 395.656 414.531 536.531 551.500 732.156 788.156 824.031 861.406 883.593 1123.843 1147.156 1169.375 1258.093 1260.875 1468.281 1571.750 1821.312 1842.718 2092.468 2157.281 2212.468 2213.093 2245.625 2321.843 2359.687 2399.156 3709.843 3759.500 
-1921.719 -1440.282 -115.157 90.593 206.562 262.500 352.406 496.187 572.843 758.875 786.781 825.875 862.375 872.062 1113.156 1171.750 1226.312 1238.000 1267.031 1938.093 1996.593 2158.125 2178.500 2336.812 2345.343 3044.593 3992.437 
-1717.719 -1713.469 -1712.407 -1332.094 -649.563 104.281 257.656 346.062 397.187 502.250 557.031 588.750 742.125 821.937 914.750 932.156 933.875 976.875 1100.750 1219.843 1383.187 1478.656 1511.187 1719.937 1870.843 1971.531 2046.656 2130.343 2168.843 2323.843 2324.750 2333.562 2366.812 2372.312 3196.593 
-1636.625 -1330.938 -1308.157 -271.157 24.218 223.812 225.218 233.000 234.875 337.218 351.000 443.906 477.218 717.812 894.375 919.281 960.718 1176.062 1223.437 1353.562 1376.906 1377.968 1717.406 1861.937 2225.125 2333.687 2490.656 3171.031 3371.531 3984.906 
-674.719 -583.500 -480.563 -466.625 140.562 223.593 228.437 460.468 465.218 478.875 554.000 565.718 610.625 612.437 705.875 751.156 826.250 847.281 958.312 963.531 1138.312 1159.468 1224.906 1288.500 1348.875 1656.468 1862.750 1941.000 1988.750 2023.062 2037.468 2122.875 2131.250 2217.593 2397.187 2421.562 3433.968 3509.937 
