-1634.782 100.562 436.875 437.468 551.000 602.250 704.812 725.250 1020.750 1042.187 1119.312 1164.187 1394.656 1685.000 1736.406 1811.156 1859.093 1887.812 1891.250 2576.937 2733.125 3006.687 3209.312 3479.250 3692.906 
-1621.594 -1594.625 -421.125 66.687 76.718 93.375 113.937 189.468 203.937 388.781 583.156 703.093 716.218 765.562 988.718 1023.343 1467.218 1495.750 1647.250 1741.187 1808.250 1894.718 
-1645.782 -1253.407 -1213.125 68.906 76.218 79.812 148.718 287.156 426.187 525.312 541.375 585.593 598.406 760.218 953.812 1377.875 1387.906 1394.250 1463.375 1690.656 1740.656 2950.687 3184.406 
-1454.000 -1427.375 -52.688 219.781 343.562 384.625 523.750 534.812 590.781 605.375 727.781 737.093 959.281 1025.281 1027.750 1149.687 1245.062 1364.750 1407.937 1494.781 1564.000 1582.718 1743.593 1856.906 1866.625 1873.781 1891.312 1904.437 2062.968 2373.000 
-1121.344 -880.782 -776.438 65.187 72.343 83.156 217.093 283.718 338.906 433.218 604.125 656.718 702.937 719.718 880.062 1038.687 1199.687 1295.656 1341.250 1365.625 1450.500 1462.875 1500.781 1682.843 1761.187 1781.156 2074.062 2085.625 3066.062 3072.656 3076.843 3226.250 
-1172.657 -1166.125 80.968 220.781 236.375 239.562 251.156 604.812 720.250 840.156 960.281 962.375 1017.937 1041.750 1153.812 1164.375 1192.125 1195.343 1333.312 1402.500 1460.656 1584.000 1687.406 1810.875 1821.718 1889.156 1992.593 2000.750 2101.250 3343.468 3854.968 
-1439.907 23.968 297.375 318.062 350.437 446.437 494.000 605.937 726.562 728.375 766.343 967.937 1032.562 1036.656 1047.593 1134.000 1190.781 1194.281 1367.937 1400.406 1577.687 1643.968 1677.625 1874.031 1918.031 2126.312 3009.093 3927.593 
-62.750 79.218 87.812 90.625 91.531 209.093 220.437 223.000 302.125 306.250 323.312 427.500 472.281 545.437 849.750 860.437 925.187 979.687 1002.906 1044.062 1064.968 1105.656 1296.375 1341.218 1563.250 1700.187 1866.718 2745.843 3180.562 
-1571.000 -735.719 -723.875 -682.938 -474.438 81.656 84.468 95.343 191.531 296.968 298.812 439.906 527.593 531.750 537.843 541.750 615.406 654.500 715.562 727.500 740.875 848.093 932.937 955.562 1033.000 1136.968 1335.312 1384.187 1456.593 1496.593 1581.718 1678.500 1696.125 1859.406 1881.343 1884.312 1886.875 1897.000 2385.156 2713.312 2735.593 2937.750 3887.468 
-1780.000 -806.125 -265.532 71.625 87.093 159.656 193.437 231.156 399.187 429.625 531.031 539.843 595.093 693.093 702.843 714.093 732.906 949.468 1187.656 1343.343 1348.593 1367.687 1388.531 1581.156 1852.375 1857.593 1915.906 3147.250 3488.062 3582.625 
