-1933.344 -1749.594 -1378.907 -1284.813 -1124.125 91.531 530.843 538.062 551.531 910.093 1257.656 2032.468 2123.625 3359.218 3363.062 
-1488.594 -1067.313 312.156 338.656 545.375 555.937 561.750 562.000 564.093 2046.531 3878.687 
387.968 543.562 887.000 1388.312 1433.906 2031.187 2135.406 3542.093 
-1567.250 60.000 99.625 255.656 521.531 606.031 1232.562 2422.750 3310.187 3639.500 
-231.313 92.812 588.875 892.343 920.625 1149.656 1242.875 1437.843 1804.218 2612.093 3976.187 
241.718 463.875 1014.375 2119.406 2896.625 
-76.750 68.000 1206.250 1627.531 2392.687 
-1628.000 -816.969 -367.907 77.875 203.031 321.750 786.687 1055.968 1078.218 1240.125 1495.906 2883.312 3468.218 
-1132.063 -801.500 -444.844 23.156 192.218 407.468 517.500 886.687 1171.343 1990.968 2924.843 3590.187 3946.312 
-1861.719 -731.750 -510.094 -210.907 550.593 907.281 1106.687 2366.093 2439.437 
