-1156.157 -909.250 -396.157 774.062 1092.468 1727.312 1789.937 1968.687 2052.750 3268.593 
-1108.532 -980.188 -506.750 237.750 472.750 892.781 933.218 2015.031 2250.375 
-375.032 -271.844 331.468 1044.031 1830.750 
-1882.625 -1196.907 -1188.813 -930.157 -921.344 -792.907 -725.532 -713.188 -708.719 -704.750 -661.532 -634.563 -628.188 -626.500 -613.688 -605.938 -594.407 -589.219 -340.657 -249.282 -245.407 -1.657 121.437 242.843 477.812 800.531 1553.968 1647.218 2022.312 3827.062 
-1537.313 -1028.657 -367.625 399.718 890.437 1050.500 1635.875 1916.406 3809.531 
-1246.813 -1094.719 -1053.657 42.843 139.000 225.687 226.750 531.937 855.906 1232.781 1339.031 1882.937 1968.906 2916.156 3077.031 3408.843 
-673.000 -191.563 37.812 330.906 2004.125 2226.843 
61.531 813.343 1555.812 1905.937 2986.312 
-1933.688 -1582.344 -1006.313 -887.032 -79.969 49.781 190.656 572.093 705.156 1452.375 3021.125 3163.218 
-1551.313 -809.688 102.906 396.093 995.843 1069.093 1425.906 1572.625 3289.843 3439.093 
