-1965.688 -946.782 -633.407 193.937 465.843 516.062 2414.781 2515.125 3595.656 
-1727.500 -1567.125 77.875 1639.718 2479.781 2894.531 
-1599.563 -1445.719 -1338.125 505.281 621.687 
120.468 3511.125 
-1156.000 -72.157 266.656 419.812 1324.437 1798.687 
-1825.688 -505.407 128.687 179.968 517.968 760.656 780.781 1320.093 2838.718 3011.031 3248.968 3263.531 3462.531 3565.187 
-1650.438 -560.750 802.718 1145.406 2351.312 2888.187 
-1565.000 -1506.063 -506.063 840.687 868.843 2047.406 2593.968 2703.281 2812.812 3288.531 3347.406 3383.687 3940.125 
-1294.094 -939.188 -703.875 -689.938 -570.969 -355.094 1664.625 3560.281 
-1049.625 -978.438 2064.218 2314.843 3074.468 3917.250 
