303.781 307.312 311.750 431.218 436.875 441.656 445.406 451.343 593.031 755.875 761.468 763.843 782.343 784.875 803.031 1034.218 1068.781 1072.625 1102.656 1204.093 1214.343 1236.468 1252.375 1306.406 1545.562 1691.687 1716.687 1801.625 2324.781 2402.937 2443.781 2502.406 2516.500 2519.000 2874.750 2970.781 3191.312 3204.906 
112.906 122.000 182.281 266.156 384.718 403.531 568.875 571.812 583.187 944.812 957.125 1224.281 1580.812 2736.156 2739.531 2755.093 2779.906 3081.093 3083.593 3291.843 3309.093 3310.500 
120.343 179.218 256.312 317.187 405.125 420.312 906.468 909.000 912.593 1126.906 1214.031 1227.843 1242.062 1245.250 1259.468 1289.500 2200.000 2202.437 2214.312 2367.406 2373.093 
253.843 261.000 278.406 337.000 507.187 864.656 894.500 904.656 1209.093 1215.156 1226.625 1417.718 1444.843 1448.156 1620.843 3024.781 3028.281 3537.156 3553.281 3566.937 
491.718 868.718 929.000 934.125 981.437 1205.406 1214.250 1774.593 2006.343 2257.593 2298.968 3176.312 3212.468 3230.531 3502.093 3819.500 3830.531 3863.843 3932.906 
334.500 418.187 437.437 443.625 499.531 554.531 558.218 642.593 1265.500 1272.812 1294.093 1310.156 1413.812 1590.968 2212.218 2218.656 2823.375 2858.281 2903.937 3478.000 3486.718 3541.281 3553.281 
6.343 577.062 680.500 683.312 1232.281 1341.125 1351.281 1388.812 1397.281 1401.937 1431.906 1434.156 1452.593 1466.843 1492.875 2302.718 2641.218 2980.406 2985.125 2989.906 3003.500 3174.062 3433.406 3935.812 
91.500 99.531 263.218 280.750 358.218 394.000 425.625 459.687 503.062 1211.718 1296.406 1412.875 1718.312 2645.312 
444.968 462.687 559.781 576.312 787.687 1154.906 1213.125 1218.468 1250.187 1430.218 1435.750 1436.781 1439.875 1501.250 1504.781 2928.687 3507.250 3514.031 3558.531 3583.562 3695.250 
130.000 429.250 434.343 440.718 573.125 1218.781 1235.437 1314.531 1317.031 1369.031 1613.281 2251.031 2255.312 2260.156 2268.375 2965.375 3023.843 3287.000 3297.000 3300.843 3358.875 3364.000 3939.531 
