105.281 119.625 143.468 152.937 185.500 187.625 191.062 205.000 227.031 276.937 289.500 315.312 348.843 385.625 412.312 415.968 442.250 462.531 468.687 483.062 517.593 825.843 844.593 958.218 961.031 1414.906 1433.312 1567.312 1583.312 1653.500 1979.250 1981.218 1984.031 1995.000 2037.156 3625.468 3655.437 3665.312 3676.375 3940.968 
212.468 214.906 222.531 255.312 258.906 292.000 334.312 341.250 344.187 444.625 447.468 451.187 471.156 757.781 805.875 809.250 1254.812 1257.781 1338.062 1344.312 1412.312 1537.250 1577.125 1688.875 1950.187 2453.468 3308.468 3317.812 3328.156 3364.593 
78.937 107.312 191.156 221.656 270.312 298.406 302.343 451.437 469.375 775.031 777.875 784.625 789.656 875.281 921.156 1081.187 1096.875 1131.531 1519.187 1547.562 1574.000 1653.593 1665.937 3653.656 3656.000 3805.406 3968.187 3982.062 
141.375 159.125 189.812 198.656 244.500 300.750 312.968 348.500 435.812 443.937 449.812 458.875 462.125 469.250 983.437 1026.343 1033.406 1049.468 1066.687 1071.062 1081.218 1348.125 1362.656 1365.343 1373.000 1520.437 1523.875 1652.625 1671.718 1993.562 2065.531 2070.031 2081.687 3296.531 3302.562 3360.375 3665.125 3669.343 3676.937 3685.718 3691.656 3699.687 3701.500 3757.500 3805.781 3820.937 3822.687 3825.312 3887.656 3920.875 3926.968 
460.187 465.656 468.718 471.781 762.093 815.968 820.250 1031.125 1043.562 1046.937 1124.875 1127.375 1134.750 1137.281 1144.437 1150.000 1220.937 1537.687 1653.187 1671.031 1690.250 1694.250 1734.281 1753.125 2894.531 3192.187 3713.906 3746.656 3771.187 3817.875 3854.375 3995.593 
186.406 320.781 324.000 326.968 473.031 486.375 757.437 777.468 780.437 789.906 1042.156 1580.343 1592.218 1634.218 1967.562 1971.562 1974.937 1991.593 2017.250 2020.000 2169.187 2356.750 2400.062 2453.718 2462.437 2465.937 2656.031 2774.093 2779.687 2784.437 2787.406 2980.812 2984.750 3001.593 3006.968 3051.281 3058.625 3149.750 3173.000 3188.437 3232.187 3802.812 
107.656 183.593 241.250 450.093 459.875 467.468 476.937 479.343 482.156 487.656 544.875 638.531 667.000 683.000 1041.593 1060.312 1068.500 1512.718 1660.843 2340.031 2779.031 2779.687 2788.281 2791.875 2800.812 3099.375 3509.781 3537.187 3848.312 3855.718 
209.250 211.406 462.093 465.093 468.187 616.437 875.468 1056.593 1537.062 1548.312 1557.062 1672.843 1985.781 1993.156 1995.593 1998.968 2057.531 2114.906 2124.531 2643.812 2691.031 3543.250 3872.281 
311.406 316.343 346.843 439.156 443.031 491.562 498.500 501.062 842.500 1041.718 1176.843 1183.937 1196.531 1204.500 1226.406 1287.937 1294.906 1338.593 1366.468 1392.562 1419.750 1421.593 1539.687 1559.156 1583.656 1607.125 1611.500 2007.437 2015.750 2027.031 2106.000 2580.343 3124.687 3129.937 3280.968 
79.187 260.406 263.750 275.781 277.781 437.218 442.187 577.781 580.750 582.812 587.406 590.000 764.187 778.812 924.156 927.906 941.062 946.875 950.968 1048.343 1051.687 1056.218 1248.312 1253.312 1257.625 1263.000 1683.375 2241.437 2245.906 2897.718 2962.656 3986.500 
