65.125 827.562 831.968 1076.906 1538.812 2765.031 3111.343 3500.625 3502.468 3530.875 3834.968 3847.343 
411.468 421.968 651.937 655.531 692.718 694.468 735.437 1152.125 1351.750 1411.593 2461.187 3352.406 
90.312 133.375 434.781 1013.937 
51.406 832.031 1114.375 1597.593 1821.843 1847.562 3067.781 3116.750 3122.000 3805.125 3807.375 3838.375 
79.781 187.468 963.687 1696.093 2570.531 3188.218 3196.718 
68.062 451.406 600.937 1250.750 1596.968 1838.250 1879.125 
82.375 239.593 694.406 789.718 889.625 1248.781 1565.312 1595.218 2232.062 2908.593 3047.906 
68.750 93.062 365.500 452.031 726.343 764.250 1002.406 1069.812 1219.906 1376.531 1553.812 1752.187 1835.687 1838.031 2708.875 2735.531 2852.218 2875.937 3469.937 
761.812 1357.375 1837.312 2078.562 2544.718 3721.031 
331.343 373.687 757.062 964.187 1751.937 
