342.812 344.406 408.937 410.625 412.593 416.062 534.343 536.093 540.968 699.906 701.625 1002.843 1004.500 1006.343 1008.625 1567.093 1568.718 1570.531 1790.000 1791.562 1793.468 2539.906 2543.406 2841.843 2843.562 2852.093 2856.125 2861.468 3894.625 3896.343 
24.687 95.531 97.250 774.000 775.687 856.562 858.406 1306.593 1308.218 1320.500 1619.968 1621.625 2046.031 2047.937 2051.937 2385.500 2387.156 2388.937 3088.375 3089.937 3096.968 3098.937 3332.375 3333.968 3884.218 3885.812 3931.250 3933.093 
150.031 151.750 153.531 224.468 226.250 303.062 304.812 835.718 837.531 839.437 1307.093 1308.843 1310.625 1399.250 1401.031 1517.343 1519.093 3135.406 3136.968 3320.250 3321.968 
20.625 22.437 141.000 142.718 144.468 161.593 174.437 176.343 365.406 367.187 368.968 715.781 717.625 719.500 1976.437 1977.968 1979.750 1981.625 2086.437 2088.218 2089.968 3317.937 3319.437 3321.125 3324.843 3328.156 3390.156 3391.968 3393.843 3413.343 3892.531 3894.093 3895.968 3897.812 3967.937 
7.468 20.343 24.125 26.093 27.937 431.968 433.562 435.375 649.781 651.437 653.250 656.718 658.593 1621.343 1623.062 1624.937 1626.812 1628.968 1949.281 1950.968 1952.718 2462.625 2464.406 2466.062 2467.937 2470.062 
146.625 359.593 526.156 527.812 899.031 900.718 1379.281 3021.031 3022.656 3062.312 3247.062 3248.812 
95.875 97.468 99.187 104.593 452.156 453.843 455.656 624.968 626.812 1451.218 1452.875 1512.812 1514.625 1800.656 1802.343 2598.000 2599.562 2604.656 2608.187 2613.750 2882.218 
97.375 99.093 101.093 147.250 148.937 185.437 436.343 438.062 439.906 495.031 501.250 854.906 867.187 873.125 988.156 989.843 991.718 1286.250 1287.875 1289.562 1292.968 1339.656 1341.687 1972.312 1973.968 1975.718 2671.687 2673.281 2674.906 2676.812 2678.781 3377.968 
24.843 26.843 92.843 94.656 140.156 141.937 148.781 157.187 160.000 162.031 285.312 288.906 709.937 711.562 713.437 717.062 768.656 772.250 785.562 787.562 796.937 1259.906 1261.500 1263.250 1949.437 1951.000 2346.000 2347.812 2349.562 2591.187 2592.906 2594.593 2658.750 2661.937 2912.562 2914.250 2916.062 2918.750 
21.187 138.593 142.312 183.125 185.000 286.562 302.906 327.031 1048.156 1049.812 1353.781 1355.500 1357.218 1961.343 1964.812 1972.531 2014.281 2024.437 2524.187 2525.812 2527.687 3546.750 3606.906 3608.593 3619.187 3627.687 
