22.968 24.656 26.343 368.343 369.937 480.000 481.812 509.718 511.625 513.843 769.187 770.968 772.875 953.937 955.562 1685.000 1686.625 1966.031 1967.625 3021.687 3023.343 3623.250 3624.843 3631.000 3667.156 
23.125 24.687 484.687 486.375 825.656 827.375 847.031 850.375 909.218 911.125 1177.062 1178.718 1202.156 1204.125 1441.437 1443.218 1444.968 1613.000 1614.687 1859.468 1861.156 1863.125 2785.125 2786.687 3528.062 3529.656 
68.437 70.125 138.125 143.812 191.562 193.500 448.593 479.250 481.125 484.281 1042.812 1044.343 1116.312 2657.468 2659.000 2703.250 2707.125 3313.781 3315.437 3320.093 3886.437 3888.000 
19.187 20.718 22.593 24.625 31.750 142.125 143.781 145.843 171.781 173.687 354.093 355.843 357.718 497.156 498.750 1201.093 1202.812 1204.500 3388.687 3390.281 3391.968 3393.781 3398.968 3679.281 3680.875 3682.562 3684.906 3708.468 3717.375 3719.125 3721.343 3723.656 
21.375 129.718 131.531 133.343 152.312 373.468 375.156 377.031 863.875 865.562 867.312 901.406 903.718 1148.375 1150.062 1151.937 1195.375 1197.125 1200.406 1281.781 1422.375 1424.031 1923.875 1925.437 1927.187 2252.156 2253.718 2255.468 2326.000 2327.843 2330.125 3173.406 3175.062 3176.812 
73.218 74.968 76.750 142.218 144.031 147.250 375.687 377.312 1165.750 1167.593 1172.093 1174.093 1966.843 1968.562 1970.312 2557.531 2559.312 2561.125 2592.843 3237.343 3238.968 3240.625 3260.281 3302.781 3306.562 3626.750 3628.500 3630.312 
229.531 231.343 453.687 494.562 740.468 742.406 896.875 898.812 900.687 1076.031 1228.125 1252.031 1476.562 1478.312 1877.750 1881.125 1886.812 1932.281 1934.281 2263.250 2264.968 2266.875 2692.656 2694.343 2758.656 3058.937 3062.312 3064.375 3312.906 
337.531 339.062 724.250 733.187 735.125 736.750 738.718 1174.031 1175.625 1177.468 1253.812 1255.500 1273.906 1279.531 1593.093 1595.625 1597.593 2023.875 2025.687 2027.437 2037.000 2053.093 2059.718 2076.093 3030.125 3031.781 3035.406 3051.875 3118.500 3120.250 3135.343 
21.687 279.562 285.687 288.125 290.093 292.031 300.781 307.531 311.000 481.781 483.593 639.968 641.593 1615.625 1617.375 1619.156 1621.062 2275.656 2277.406 2279.437 2283.093 2321.656 2333.937 2347.156 2355.281 2375.406 2883.718 2885.312 2887.000 3524.750 3526.343 3944.187 3945.937 
23.031 24.781 26.500 153.875 482.968 486.156 1747.062 1748.781 1750.656 1756.875 2875.312 2876.906 2923.406 2985.625 3369.218 3371.000 3372.656 3404.125 3851.968 3853.593 3857.031 3964.187 3965.812 3992.156 
