-1225.188 -705.875 38.750 41.593 119.906 227.250 420.937 442.937 551.687 578.687 589.781 628.687 742.812 824.656 849.343 937.343 1330.812 1358.312 1410.156 1507.156 1608.781 1639.468 1712.187 1973.062 2903.312 2959.156 2966.500 2983.343 
-1614.219 -1154.938 -710.188 -645.313 -128.000 33.531 69.343 115.062 253.187 310.187 345.468 359.406 660.312 684.843 690.718 766.062 790.156 801.937 859.562 871.093 1110.593 1225.718 1240.437 1316.375 1347.093 1370.781 1423.781 1455.250 1505.843 1559.312 1712.687 1715.500 1724.843 1754.093 1755.500 1843.187 1976.000 2401.500 2535.468 2809.093 2906.187 3417.562 3902.062 
-1948.344 -1923.438 -1853.000 -1792.782 -1646.188 -1582.438 -732.563 -663.500 -631.782 -219.157 -191.125 51.000 207.875 359.343 605.093 630.593 641.687 705.437 743.750 791.218 791.875 979.406 980.031 1134.531 1186.843 1187.062 1635.875 1671.875 1677.781 1726.281 1754.781 1756.281 1861.625 2279.125 2316.593 2345.875 2603.843 2756.218 2938.312 3111.187 3178.906 3489.062 3547.812 3625.156 3862.687 
-1857.844 -1835.750 -1761.969 -1347.282 -1070.969 -828.188 -653.125 -628.375 14.531 120.843 245.750 310.031 702.312 725.406 800.093 814.718 958.468 1046.343 1408.781 1524.281 1756.000 1841.937 1842.718 1941.125 2080.031 2357.156 2424.343 2549.843 2647.812 2773.500 2883.031 2983.125 2989.968 3117.875 3228.406 3666.000 3697.812 3796.937 3832.937 3905.343 
-1548.594 -334.625 -287.938 -221.313 56.156 166.250 360.531 414.781 440.875 450.656 567.187 699.312 706.906 958.687 976.406 1019.625 1134.812 1240.281 1266.718 1316.718 1517.125 1954.843 2227.062 2615.375 2629.250 2699.937 2858.093 3017.468 3282.531 3715.656 
-1981.188 -877.813 -216.063 -178.219 501.781 550.281 727.250 848.750 933.281 1346.062 1486.625 1806.906 2249.812 2303.500 2756.500 2758.531 2787.937 2797.562 2896.500 3016.250 3190.562 3200.437 3257.375 3294.687 3381.156 3439.156 3837.750 3912.281 
-1211.188 -119.125 -14.969 13.437 598.687 661.406 704.937 725.468 1016.156 1372.593 1506.531 2179.125 2692.343 2708.937 2817.218 2902.906 2906.500 2926.718 3003.937 3010.937 
-1667.844 -1561.969 -1430.313 -563.219 -230.344 -182.594 -87.657 13.093 75.625 277.843 553.937 604.187 726.218 1100.531 1425.875 1610.750 1756.156 1761.937 1843.781 2310.718 2421.218 2657.531 2938.218 2966.343 2981.062 3040.031 3045.687 3284.750 3531.812 3633.593 3840.250 3902.062 
-1980.938 -1897.907 -1684.657 -1655.125 -1609.344 -1507.719 -1289.625 -1183.000 -1000.969 -805.375 -645.750 -486.875 -132.344 -93.407 33.656 198.187 228.156 328.750 364.375 749.812 834.437 1346.500 1412.281 1501.187 1508.781 1628.562 1660.000 1755.093 1755.593 1929.187 2070.125 2110.687 2558.250 2645.687 2677.406 2847.406 2977.562 3327.093 3439.000 3442.750 3565.375 3589.250 3615.625 3671.875 3679.062 3853.843 
-1742.875 -1707.813 -1361.813 -1249.782 -1228.907 -727.157 -684.500 -625.969 -597.719 -506.657 275.312 298.250 307.812 312.531 536.437 683.937 724.937 726.562 1033.906 1263.000 1599.218 1609.500 1657.625 1937.093 1941.718 1951.437 2077.156 2157.750 2199.281 2280.468 2284.375 2289.468 2379.843 2420.125 2799.687 2816.062 2978.093 3342.406 3524.781 
