638.687 706.250 847.562 1553.750 1565.843 1580.625 
69.812 116.468 135.187 734.125 2891.687 3898.468 3902.156 3913.625 
808.812 872.937 1547.593 1635.843 2956.531 3323.656 3858.937 
708.343 840.187 1452.875 3755.156 
34.906 843.000 1566.718 2739.625 2811.156 3873.437 
456.093 721.687 865.468 1486.250 1548.843 
72.343 199.218 836.687 844.125 1609.781 
284.093 293.250 
195.750 219.468 247.156 248.031 304.843 506.781 510.468 510.687 
2126.812 2169.437 2175.781 2184.781 3113.625 3177.156 3215.312 3215.656 3215.906 3387.687 3389.281 3417.312 3784.531 3789.437 3802.812 
