20.437 42.250 48.781 49.656 70.906 72.156 362.062 447.625 541.031 1250.250 1251.562 1898.906 1964.593 
46.000 49.031 471.625 606.593 898.750 
49.875 152.218 1246.593 1278.718 
49.718 166.343 
1278.593 1696.625 1989.625 
43.156 44.250 379.937 575.312 1031.000 1520.062 1866.906 
44.093 49.343 71.343 634.281 879.281 1254.968 1278.906 1372.312 1585.343 1947.843 
50.375 85.125 411.593 479.218 499.656 815.281 1001.125 1957.093 1958.312 
140.125 154.500 380.937 471.250 546.375 691.437 
46.468 153.156 340.250 482.718 544.468 606.343 607.812 824.187 1097.812 1103.625 1279.218 1582.281 1956.687 
