-375.407 34.937 303.562 615.218 755.875 866.000 1225.093 1723.812 1817.000 
24.781 589.468 625.281 1233.437 1838.156 1913.875 1945.218 2201.906 
278.750 542.437 917.125 997.468 2067.437 
22.531 22.812 490.437 778.656 838.906 917.125 1206.875 1213.406 1684.500 1867.593 1910.781 2066.937 
155.687 489.062 651.812 825.625 830.781 852.781 950.000 997.687 1723.468 2067.968 
23.781 61.718 411.000 424.406 598.500 663.093 753.093 1028.031 1687.000 1933.781 2041.031 2089.031 2110.312 
148.625 163.625 581.406 834.156 1114.781 1225.406 1833.812 
22.125 394.843 618.843 1022.843 1212.125 1475.625 1711.062 1923.125 
18.406 23.000 49.906 155.468 497.312 512.218 639.062 668.562 743.937 827.031 1212.468 1225.531 
23.531 27.093 34.843 1128.875 1684.687 1719.062 
