26.312 136.812 137.531 327.750 441.781 573.187 679.531 902.968 990.062 1185.656 1804.687 1960.000 
985.375 
45.281 130.500 240.437 438.250 515.906 833.406 860.812 911.031 1721.843 1979.500 
326.906 335.687 422.250 667.718 897.000 1193.687 1495.250 1903.812 
662.625 1369.531 
237.687 337.250 515.875 523.218 534.437 687.656 1196.156 
26.000 430.406 833.968 1180.125 1640.062 1727.406 
352.968 836.812 1009.093 1156.000 
139.687 247.843 427.125 1216.031 1493.093 1556.250 1623.562 1695.875 1708.250 1976.875 
237.343 440.500 738.062 1540.187 1805.031 
