745.812 830.656 853.687 915.937 924.312 939.406 954.625 970.062 1006.312 1039.406 1112.656 1188.968 1211.843 1305.218 1485.718 1500.343 1520.031 1584.468 1659.625 1883.156 1982.031 2069.812 2096.031 2100.906 2120.875 2148.937 2171.000 2203.343 2259.250 2322.937 2356.843 3134.343 3143.562 3147.093 3157.312 
259.625 387.062 559.875 647.500 669.875 671.562 688.968 762.625 832.375 921.562 926.187 993.656 1028.406 1109.031 1115.687 1162.281 1211.437 1301.281 1405.218 1492.312 1503.437 1527.125 1576.125 1661.000 1777.062 1791.875 1795.000 1809.000 1820.781 1840.156 1892.031 1985.500 2062.156 2068.281 2140.437 2175.687 2251.218 2321.218 2354.937 3504.656 3521.437 3527.531 3554.468 3588.062 
105.312 224.718 246.250 560.750 651.531 834.468 871.187 917.625 924.656 990.531 1003.718 1041.687 1107.343 1114.375 1165.718 1276.562 1303.906 1484.750 1495.906 1514.843 1531.437 1570.937 1660.718 1890.781 1978.125 2059.468 2067.156 2079.906 2141.031 2158.875 2247.343 2259.937 2301.843 2335.906 3358.718 3374.812 3385.093 3391.406 3802.218 
88.750 98.781 111.218 201.250 563.781 677.093 746.593 833.000 916.156 924.468 930.593 997.031 1035.625 1108.875 1115.062 1156.843 1165.156 1184.437 1307.437 1418.843 1485.406 1490.375 1503.468 1527.531 1590.468 1663.812 1884.531 1981.312 2061.218 2067.406 2142.500 2250.281 2268.312 2286.031 2322.093 2353.750 3391.625 3408.625 3464.656 
253.968 401.687 745.718 832.750 915.906 924.125 940.437 952.125 992.562 1014.437 1113.656 1161.687 1306.718 1335.906 1413.000 1487.812 1501.218 1518.843 1538.000 1577.718 1661.437 1879.625 1898.750 1977.375 2037.968 2067.875 2093.500 2142.562 2253.718 2353.062 
105.687 392.281 647.750 743.468 760.468 830.781 861.375 916.812 924.093 931.937 1027.125 1068.218 1113.687 1166.562 1207.625 1415.718 1483.500 1488.531 1501.968 1518.562 1585.218 1656.406 1825.656 1980.843 2056.218 2065.375 2074.156 2144.000 2178.125 2252.250 2319.000 2352.593 3179.437 3204.531 3740.750 
84.625 396.406 638.312 649.875 659.218 749.750 833.718 915.531 923.843 998.718 1018.531 1107.781 1115.062 1163.562 1195.218 1298.531 1327.937 1408.625 1485.062 1491.250 1502.781 1518.812 1529.062 1661.812 1719.718 1738.531 1799.781 1884.125 1983.500 2058.843 2066.906 2076.281 2142.625 2176.531 2312.375 2351.156 2818.593 3880.312 3990.218 
38.906 376.656 528.875 750.406 832.843 916.906 927.000 1001.093 1034.875 1112.093 1167.781 1193.218 1303.468 1409.656 1481.718 1489.406 1501.625 1518.656 1532.343 1583.000 1890.062 1978.531 2059.468 2067.500 2137.406 2144.312 2163.187 2181.250 2193.125 2250.562 2353.781 3335.437 3350.687 3423.656 
261.687 356.500 433.156 672.687 740.781 823.031 842.562 915.875 924.187 996.718 1109.531 1119.718 1155.906 1186.781 1211.062 1295.343 1311.812 1434.593 1483.812 1489.375 1502.500 1527.843 1570.062 1806.375 1978.656 2058.843 2066.187 2142.968 2160.281 2183.781 2254.250 2314.156 2355.250 2661.750 2676.218 2698.531 3855.625 3861.687 3872.531 3885.531 3902.468 3941.093 
102.781 124.406 131.875 397.937 648.687 832.218 863.031 915.781 924.531 934.375 1000.281 1038.031 1110.593 1114.812 1160.843 1200.625 1305.281 1430.187 1485.406 1490.187 1504.281 1526.937 1662.250 1888.250 1974.656 2064.437 2072.406 2164.937 2255.625 2309.875 2356.406 2390.468 2400.937 2416.906 2430.937 3482.781 3500.531 3507.968 3516.437 3522.812 3565.656 3569.281 
