12.656 13.718 14.531 16.250 31.625 54.000 55.093 56.156 63.843 78.312 80.750 153.562 178.812 181.781 193.031 217.781 239.968 273.562 347.656 429.718 551.656 633.500 648.468 694.687 698.375 1027.875 1230.968 1316.625 1404.406 1543.375 1615.406 1735.343 1778.468 1904.312 
13.031 32.968 55.156 66.500 83.093 183.187 198.875 273.468 430.656 538.875 635.187 636.375 1117.062 1378.781 1382.375 1618.031 1735.218 1899.312 1905.156 
13.250 14.343 56.218 58.906 433.656 474.593 635.812 811.593 917.968 1028.937 1116.156 1375.843 1377.406 1538.531 1618.000 1632.312 1737.937 1781.437 1902.562 
12.125 13.812 14.812 55.593 63.500 80.031 83.437 432.281 472.625 536.968 632.218 921.781 1114.437 1377.281 1381.000 1616.062 1736.687 1902.281 
12.812 13.843 14.812 54.375 55.437 58.312 67.750 82.562 185.093 273.312 429.500 538.468 812.937 1028.468 1117.031 1333.000 1376.125 1405.281 3926.781 
10.937 13.750 14.812 56.125 62.562 82.781 197.375 275.500 431.718 698.906 1027.156 1379.250 1623.062 1738.343 1782.437 1887.687 1904.250 
10.968 13.218 14.625 432.343 539.000 633.250 1027.531 1115.750 1377.031 1382.906 1406.593 1735.718 1888.312 
12.593 14.656 15.812 54.687 56.250 62.218 82.531 193.937 196.062 199.937 235.468 273.625 515.156 634.281 698.656 919.625 1027.375 1029.343 1117.656 1378.468 1550.031 1554.437 1615.531 1620.593 1634.437 1737.937 1904.687 1907.156 
12.062 14.343 55.062 81.187 183.593 431.031 432.343 540.093 699.343 1116.593 1378.937 1382.593 1616.968 1618.968 1718.093 1737.843 1781.312 1784.156 
11.625 13.687 15.062 55.343 62.968 81.500 431.000 633.031 636.906 913.593 1027.125 1377.468 1404.562 1616.218 1619.906 1716.750 1737.218 1784.468 1902.468 
