24.312 55.375 139.062 159.312 160.437 233.875 271.343 272.500 282.062 352.281 439.125 518.875 595.750 596.812 699.531 802.687 865.750 866.875 927.843 1010.343 1098.906 1123.562 1183.218 1432.000 1486.562 1890.687 3514.812 3542.875 3716.218 
24.750 140.187 234.468 273.343 958.062 
24.093 55.062 97.843 139.125 343.000 533.781 596.656 3139.500 
35.031 78.468 117.156 139.187 142.812 241.312 247.093 318.250 340.656 596.281 597.406 770.437 777.312 873.531 1109.156 1497.437 1732.937 1787.625 1801.656 2815.718 2819.687 2896.812 
22.375 24.843 31.687 383.875 927.812 1475.562 1540.406 3949.218 3964.375 3993.468 
27.125 33.656 35.062 60.812 165.718 245.875 256.375 307.531 318.406 325.406 447.468 601.625 682.625 707.312 757.125 803.937 807.468 886.062 1210.687 1600.125 1600.718 1617.812 1714.750 1761.343 1802.343 1903.625 3561.187 3572.906 3626.593 3639.093 
32.156 39.812 98.218 145.250 323.531 433.968 834.312 1073.031 1139.937 1616.906 1633.125 2017.437 2380.250 3500.906 3589.656 3618.031 3657.250 
28.062 98.875 139.625 188.125 232.625 246.437 340.500 389.343 413.500 554.062 577.843 852.750 866.125 1272.625 1596.156 1733.531 1745.250 2766.625 2861.625 2970.062 3003.812 
34.312 98.843 144.500 170.687 246.125 306.093 683.343 701.156 830.656 887.218 1074.218 1277.062 1568.093 1673.906 1717.031 1808.000 1903.625 3806.812 3863.906 
27.781 104.218 138.312 709.625 1116.656 3110.531 3242.093 3263.656 3362.718 
