28.593 32.062 53.843 91.531 153.281 173.625 300.906 358.156 378.812 466.968 640.812 818.343 1211.218 1214.531 1602.906 1767.687 3958.718 
32.281 153.781 173.625 1370.562 1927.468 
28.375 68.906 174.250 259.125 718.343 939.750 1031.531 1173.500 1189.906 1991.625 3075.656 
29.812 33.656 59.125 173.281 218.281 399.031 408.343 558.343 1045.500 1210.343 1427.125 1521.843 3289.812 3313.875 
29.312 29.968 33.906 46.625 72.687 74.187 92.531 93.312 157.906 174.593 360.312 389.687 461.687 1050.812 1369.125 1674.937 2634.812 2741.156 2785.781 2799.718 
32.156 41.187 47.281 48.906 71.093 72.312 75.093 175.000 193.687 381.687 385.781 453.781 1196.656 1354.187 1478.875 1670.125 3483.343 3488.781 3499.781 3588.781 
28.312 32.125 36.531 39.593 40.750 48.875 58.562 68.593 73.250 91.468 92.500 217.562 250.031 298.843 391.968 500.406 649.843 1100.125 1206.812 1653.156 1718.062 1741.062 3643.187 3688.156 3718.187 
44.062 47.250 48.312 92.062 242.093 385.187 471.968 738.031 1051.906 1080.000 1188.562 1899.687 1928.687 1933.031 
29.937 32.250 43.062 131.000 135.625 214.375 256.906 471.500 497.250 500.593 532.406 618.656 645.500 649.968 839.812 940.218 1029.000 1049.625 1724.093 
29.062 29.406 42.593 44.375 123.093 126.500 505.625 1376.218 1502.781 1565.093 1717.062 1743.812 3630.531 
