13.000 24.093 92.000 209.281 215.250 370.500 718.250 1002.062 
12.812 15.250 25.062 90.968 369.718 432.437 556.406 712.531 715.031 884.312 903.000 
12.906 24.531 29.718 188.656 206.750 218.843 367.500 369.875 697.843 716.843 734.062 884.031 
13.250 15.375 122.656 207.031 368.281 717.187 885.218 
13.000 15.093 90.437 93.250 206.437 372.281 700.812 715.468 719.875 885.093 
13.031 16.125 97.312 121.750 206.562 214.156 467.875 714.656 
13.156 15.312 25.343 61.281 124.812 205.156 223.093 511.281 716.187 883.656 
12.968 15.656 25.125 120.718 122.343 149.687 188.312 208.500 373.093 695.812 884.625 1055.812 2201.000 
13.218 15.562 25.187 90.250 116.187 121.843 370.937 501.000 719.187 720.687 
12.718 14.687 16.406 25.093 92.343 204.343 373.781 714.437 913.562 2215.656 
