87.031 376.781 397.468 405.000 577.718 588.343 674.187 1120.562 1140.312 1147.218 1255.937 1267.343 1290.375 1302.656 1452.218 1467.781 1488.875 1615.125 1635.750 1981.687 3185.312 3607.281 3616.687 3628.812 3862.968 3876.781 
55.531 65.093 70.562 96.968 122.187 358.281 390.218 405.187 584.500 778.937 1138.500 1155.156 1207.593 1212.812 1254.875 1452.437 1489.718 1622.406 1997.062 2816.656 2845.312 3883.781 3919.593 3948.593 
86.093 96.531 377.312 397.656 515.343 580.937 1145.937 1211.687 1303.968 1445.812 1471.968 1481.750 1642.468 1659.531 1973.843 2732.125 2758.375 2768.750 2781.562 3488.718 3531.968 3554.218 3658.562 
48.468 72.750 86.062 365.406 388.406 407.125 408.718 583.031 795.312 808.406 1136.875 1149.000 1259.093 1456.312 1477.500 1547.500 1588.250 1652.156 2493.343 3188.656 3196.093 3256.187 3266.187 3282.906 3332.093 
72.156 95.406 108.406 375.937 583.812 784.062 1131.031 1269.625 1325.093 1458.562 1489.187 1496.031 1643.125 2743.312 3485.656 
29.031 68.406 94.218 220.000 229.406 252.468 387.750 403.218 582.250 778.468 1142.625 1259.343 1281.687 1480.687 1930.843 2798.187 2824.437 3046.968 3598.843 3701.562 
64.281 791.812 930.343 1110.218 1130.312 1271.062 1280.937 1613.218 1983.250 3705.250 3819.562 
72.343 117.812 202.468 237.843 386.781 1110.750 1115.656 1117.125 1136.718 1151.906 1271.812 2874.531 2897.656 2946.437 
67.468 77.312 375.000 402.843 963.500 1147.250 1277.875 1446.218 1467.875 1622.406 1640.906 1663.062 2697.593 2735.343 3741.343 3747.343 
72.281 93.218 97.531 103.656 377.562 403.500 443.500 504.812 798.250 1160.031 1166.750 1207.250 1215.031 1467.062 1480.187 2720.593 2735.968 2770.937 2787.281 2821.093 3332.093 3647.625 
