73.468 94.562 172.562 177.781 183.531 300.718 342.343 363.000 551.343 561.062 1257.625 1279.156 1418.187 1440.312 1848.000 1882.875 2534.281 2910.312 3013.531 
106.875 316.812 510.406 558.718 642.281 658.281 1017.156 1288.375 1416.218 1426.531 1438.031 1480.281 1505.906 1837.093 3346.562 3505.718 
18.000 27.250 163.718 292.093 357.531 439.593 451.625 551.062 573.156 652.343 1281.250 1411.625 1429.531 1440.375 1823.093 2940.468 
74.625 156.875 173.218 305.625 439.812 534.187 736.187 1153.218 1234.812 1263.843 1272.187 1285.625 1414.500 1443.656 1546.500 1641.968 1834.812 2924.718 3083.750 3091.687 
76.937 96.406 118.281 144.437 558.593 664.656 1414.093 1499.875 2828.093 3857.500 3914.000 
29.156 63.843 118.093 129.000 161.312 194.437 231.656 311.687 556.062 571.250 747.312 754.062 1288.781 1444.218 1454.718 1503.156 1637.781 1887.968 1898.375 
40.500 131.187 165.125 182.000 450.093 553.312 1259.500 1397.343 1413.156 1478.031 1651.875 
168.093 454.625 549.281 569.250 650.656 774.843 1263.687 1289.125 1423.375 1478.281 1509.625 1894.031 1952.125 3196.437 3197.781 3323.781 
95.468 125.093 169.406 178.281 455.062 645.031 1276.718 1403.000 1419.187 1479.500 1557.875 
9.343 19.406 1246.750 1268.156 1425.312 1523.281 1529.125 1928.687 3189.812 3235.875 
