49.093 67.343 90.062 155.437 157.593 206.343 227.125 498.312 530.687 572.843 702.718 733.062 1067.218 1109.187 1194.843 1344.437 1397.468 1776.937 1883.437 3105.718 
87.281 217.812 219.375 484.687 494.093 507.593 748.156 761.718 885.281 1071.531 1346.062 1363.406 1527.031 1783.437 2828.093 2874.406 2917.500 3001.406 
501.125 530.937 551.000 682.750 700.312 877.687 1356.156 1369.218 1780.687 1796.343 1864.968 3073.906 3769.906 3809.156 3898.593 3950.406 3964.062 
43.093 79.062 94.937 228.593 517.312 696.968 884.093 1186.187 1343.218 1361.250 1636.781 1794.187 1819.437 2243.437 2268.062 2988.781 3004.250 3043.000 3450.375 
39.468 68.250 211.718 493.750 520.312 538.687 562.125 708.406 804.093 876.812 1078.156 1298.156 1363.937 1761.250 1776.156 1794.656 1810.968 3067.843 3143.625 
77.812 213.593 345.781 577.906 749.468 870.968 1069.125 1196.218 1348.343 1624.968 1775.406 1785.531 2707.781 2746.531 2881.562 3894.937 
44.937 207.687 219.625 331.812 509.468 520.750 802.906 886.468 1348.437 1364.281 1644.437 1775.781 2677.218 3565.406 3623.781 3630.250 
64.968 208.156 1258.812 1361.312 1368.687 1772.156 1822.687 3373.625 3415.687 3436.000 3461.718 
74.687 76.625 93.968 482.437 702.562 714.750 877.906 1804.250 3069.593 3132.531 3918.562 3953.593 
148.687 150.000 525.968 884.718 1067.656 1713.531 2827.687 2921.312 3518.437 3550.125 3554.031 3639.656 
