54.718 78.375 102.031 141.468 177.406 395.718 472.031 489.687 522.218 1043.843 1128.750 1277.218 1289.812 1299.125 1323.750 1340.531 1394.718 1524.562 1535.281 1593.125 1611.250 1668.125 1705.437 1920.375 3755.281 3770.781 3813.625 3877.562 
55.937 76.843 454.906 472.593 496.281 821.812 1040.343 1100.000 1287.875 1314.187 1524.468 1613.468 3065.718 3074.125 3112.562 3152.093 
64.593 94.187 99.562 126.250 165.562 386.437 489.218 1290.125 1537.718 1594.031 1608.187 1720.593 2930.687 2957.687 3967.843 
125.281 181.500 380.000 401.812 469.125 495.125 1049.031 1246.531 1272.312 1290.062 1296.031 1541.187 1593.062 1609.750 1832.875 1911.906 3802.125 3821.500 3847.031 3890.750 3892.531 3902.656 
12.406 57.093 74.156 397.125 421.218 1040.312 1298.875 1322.250 1535.718 1657.687 1920.906 1953.625 3307.093 3328.687 3344.687 3360.562 
15.312 63.531 506.343 592.375 606.375 1063.656 1293.125 1322.125 1529.062 1598.062 1918.062 3353.000 3358.406 3470.031 3857.468 3877.281 
86.812 487.187 1319.593 1534.406 1914.281 2948.031 3723.375 3836.968 
75.656 82.968 166.656 195.562 475.031 695.812 1042.093 1050.968 1393.781 1531.468 1545.375 1588.718 1600.312 1610.875 2731.750 2740.218 2757.687 2791.406 2872.656 3473.937 
53.656 105.406 119.031 384.750 476.968 483.593 488.843 510.875 832.062 1024.687 1101.062 1119.906 1332.468 1344.656 1382.562 2131.718 3087.531 3122.531 3703.687 3709.312 
69.281 121.750 376.156 642.593 1654.437 1948.937 2915.687 3847.031 
