42.000 360.593 467.031 473.187 654.156 655.781 916.062 1317.031 1417.031 1501.125 1600.531 1809.343 1859.656 1860.250 1871.156 1873.156 
342.312 360.656 473.468 489.281 555.187 712.750 1367.406 1413.093 1413.406 1647.125 1783.906 
27.156 210.031 477.218 600.062 654.312 909.968 1141.156 1256.906 1312.125 1357.468 1410.218 1412.187 1430.281 1610.250 3810.875 
222.812 314.250 596.281 597.218 705.781 1363.000 1456.093 1506.312 1733.625 
186.875 670.031 694.968 861.812 1152.687 1245.000 3928.500 
67.843 334.781 1258.875 1409.718 1418.031 1551.968 
55.218 364.406 1155.375 1321.781 1414.375 1680.906 
53.906 336.562 477.812 1311.218 
16.875 474.875 483.500 495.000 1424.656 
357.250 365.937 1674.093 
