355.625 545.968 638.500 671.812 1429.781 1455.375 3356.093 
321.781 351.156 405.156 430.000 434.156 1566.593 1693.625 1700.531 1871.781 2915.156 
246.343 246.906 330.156 347.031 396.343 404.375 579.906 680.687 1134.750 1137.187 1175.593 1180.687 1346.281 1370.875 
171.687 321.625 350.437 533.468 688.218 804.937 1140.156 1188.343 1279.187 1388.093 1695.812 
74.500 139.937 147.437 173.437 247.812 323.718 414.406 651.687 1773.312 
124.656 158.593 349.281 1608.000 1775.468 
255.406 1439.031 
248.375 581.875 591.000 936.437 1375.562 1781.656 
340.843 1240.750 1848.593 

