12.593 13.843 34.187 47.500 53.125 55.218 63.781 64.500 65.687 70.312 72.437 109.250 144.156 162.875 171.593 172.718 190.593 216.781 240.500 253.343 298.593 321.375 335.781 347.312 381.468 398.250 404.843 478.093 487.968 509.031 533.156 554.437 565.343 626.156 628.781 635.843 689.812 758.062 812.625 836.500 848.125 867.093 903.937 942.250 946.406 1003.062 1055.718 1074.718 1101.875 1143.531 1225.687 1275.625 1340.156 1366.312 1393.500 1407.843 1440.218 1463.718 1493.531 1544.812 1569.125 1575.250 1619.531 1623.375 1638.187 1660.562 1848.843 1870.531 1875.031 1919.218 
12.718 13.875 21.000 36.375 44.468 47.718 65.468 71.687 114.281 137.531 200.812 249.343 251.031 290.187 323.250 358.093 440.312 478.531 587.312 599.531 604.406 641.093 663.343 728.593 782.562 793.906 847.750 908.906 1012.500 1054.781 1076.031 1113.093 1135.093 1150.968 1166.250 1171.750 1234.093 1343.531 1425.656 1817.437 1835.093 1874.125 
12.218 12.812 13.468 13.968 15.156 18.812 22.093 43.312 48.812 49.843 72.906 81.281 82.281 113.781 138.750 147.906 179.875 213.187 239.281 263.406 360.062 380.718 415.437 477.718 552.406 564.812 689.031 801.531 957.656 1011.281 1054.531 1074.000 1152.343 1244.437 1276.468 1313.000 1376.281 1401.687 1439.437 1587.750 1633.875 1764.250 1831.562 1916.906 
12.218 13.718 14.875 15.375 31.093 42.843 49.531 71.875 80.718 96.812 173.187 219.343 322.843 368.968 415.906 477.625 553.437 562.031 601.625 625.250 665.343 746.156 769.281 905.687 1007.375 1074.375 1170.968 1206.531 1258.718 1304.406 1313.187 1382.218 1419.031 1438.687 1462.218 1488.625 1489.406 1659.812 1804.687 1834.718 1849.375 1872.468 1922.312 1925.062 1957.156 
12.406 13.000 48.281 64.656 135.281 217.843 323.937 410.781 476.375 511.781 552.812 563.093 606.750 625.843 848.562 1055.000 1103.625 1116.062 1168.093 1170.156 1171.406 1184.687 1265.125 1266.343 1340.281 1487.187 1542.531 1575.875 1638.187 1675.156 1687.750 1803.906 1872.000 1874.000 1952.625 1953.531 
13.906 18.312 19.937 38.843 48.375 63.593 81.531 84.000 96.812 111.343 138.343 162.031 162.906 223.875 253.031 270.968 274.031 290.375 354.062 405.812 487.156 510.718 519.687 520.343 554.125 560.937 620.687 664.031 695.343 723.437 745.343 788.375 802.312 902.906 937.437 961.562 1004.500 1041.406 1050.000 1107.500 1167.062 1174.812 1339.000 1381.656 1450.781 1458.312 1546.375 1574.156 1580.593 1621.281 1625.468 1638.687 1662.562 1747.343 1794.562 1851.500 1877.000 1936.156 1951.812 1986.625 
13.281 14.281 22.718 23.562 36.000 50.062 61.468 71.062 71.937 81.937 112.906 134.875 146.875 205.750 276.562 288.125 297.281 329.593 336.875 368.468 374.062 394.781 398.343 437.500 451.187 459.468 477.875 517.875 552.718 553.531 585.531 604.062 621.531 671.062 692.093 758.375 789.812 869.000 1038.500 1147.343 1152.406 1154.062 1301.500 1339.843 1396.250 1414.312 1439.468 1461.031 1586.625 1655.343 1668.500 1840.406 1927.968 1986.875 
13.156 14.156 15.687 22.375 25.968 43.656 49.937 50.687 53.718 72.531 81.312 83.656 95.281 128.218 143.812 193.750 236.406 293.968 381.281 476.781 587.843 614.156 633.281 665.375 721.031 749.000 755.968 757.375 787.000 794.343 849.406 899.375 906.500 960.593 1002.781 1104.093 1142.937 1162.406 1172.625 1180.812 1224.000 1285.406 1296.937 1312.468 1343.281 1361.437 1413.093 1438.812 1490.125 1543.062 1576.750 1607.843 1651.250 1758.656 1775.625 1800.468 1801.812 1872.687 1892.937 1898.062 
13.218 15.312 35.531 43.968 49.718 50.531 71.250 79.500 80.531 98.062 113.156 113.812 129.937 181.218 201.656 204.218 219.250 275.343 288.281 336.968 374.187 382.093 401.093 436.031 515.687 554.718 562.968 606.968 642.625 731.375 748.218 768.125 799.375 808.187 847.375 848.687 853.656 900.750 959.000 1004.687 1056.281 1078.531 1102.593 1145.468 1170.406 1239.968 1286.593 1289.687 1296.281 1341.750 1380.843 1410.187 1411.000 1413.562 1442.500 1458.656 1636.343 1651.718 1735.093 1802.062 1802.968 1853.031 1870.500 1932.312 1958.187 
13.156 13.437 14.937 23.906 24.281 49.375 64.843 80.968 82.750 94.843 95.718 113.468 137.437 176.031 253.000 334.062 361.906 397.031 400.375 408.250 422.093 436.531 462.156 463.531 481.343 514.468 554.375 585.625 585.843 611.125 620.843 712.156 756.937 766.062 789.375 799.031 811.281 850.250 909.687 959.968 1009.656 1013.625 1051.656 1086.812 1152.281 1176.875 1242.437 1290.156 1295.375 1312.531 1349.062 1425.875 1471.218 1539.531 1542.906 1582.656 1592.687 1644.031 1658.750 1678.593 1758.312 1843.531 1850.906 1870.437 1873.062 1875.468 
