201.343 370.437 604.656 1005.468 1455.312 2371.218 3559.875 3561.937 3729.093 
131.218 543.187 547.968 900.187 919.156 1334.468 1345.593 1789.843 3465.218 
133.281 847.500 1296.875 1352.562 1365.718 1553.031 1915.625 1953.218 2900.093 3446.250 3484.406 
610.781 953.843 1922.437 2149.468 3331.875 3459.250 3857.968 3904.656 
114.031 355.093 524.656 553.218 1546.437 2633.875 2666.437 2673.218 2701.375 3261.093 3817.312 
1160.500 1163.906 3554.031 
1260.687 1438.875 1972.000 2981.781 2984.937 3652.562 
31.406 93.281 401.812 405.156 768.000 1988.468 2621.093 2622.343 
364.125 514.625 736.562 1131.093 1572.187 2507.375 2514.125 3974.562 
75.843 1280.781 1363.187 1722.250 3085.718 
