6.406 22.687 223.000 281.687 601.125 621.406 891.125 1088.437 1101.906 1608.250 1724.531 2660.093 2660.312 3249.656 3286.593 
4.531 11.375 17.687 243.843 619.437 755.625 1179.562 1527.875 1763.875 1999.125 2594.156 2609.218 
130.437 219.687 261.656 739.125 863.343 947.656 1162.468 1540.000 1594.750 1764.281 2820.312 3456.406 3468.312 3763.468 
482.937 523.093 795.843 906.500 919.625 1213.906 1734.250 2752.500 2849.218 
246.437 297.406 700.593 721.500 882.062 1197.000 1884.875 2719.812 3176.156 3201.968 3721.781 
108.687 251.281 902.718 1427.031 1592.968 3660.250 3668.250 
907.937 
399.312 628.093 633.937 1177.625 1228.812 1639.812 2311.718 2721.031 3359.906 3655.656 
169.062 344.437 1431.562 3349.031 3933.812 
2245.437 2758.312 
