118.343 138.968 270.000 304.468 456.312 508.093 665.093 1062.281 1094.625 1241.250 1366.531 1667.406 1672.781 1849.875 2769.531 2857.000 3061.125 3954.625 
27.218 280.437 293.968 305.562 1160.906 1405.250 1625.250 1764.781 2569.531 3235.718 3254.281 3367.968 3596.750 
115.375 189.625 218.500 244.562 335.718 409.375 525.375 583.812 597.843 604.656 1105.968 1739.625 1750.156 1889.468 1951.875 2609.406 2830.593 
109.406 717.937 1184.531 1945.937 2725.812 3662.906 3771.156 
668.625 971.312 1740.843 1749.968 1950.250 2860.843 2916.187 2927.468 
68.937 671.343 903.281 1821.218 1988.468 3854.156 
385.656 1694.687 2903.343 2973.031 3521.718 
104.312 590.468 1023.437 1489.187 1833.531 1878.218 2934.125 
1059.750 1336.625 1823.843 3949.000 
551.375 3458.531 3533.312 3685.218 3693.625 
