358.312 1230.437 1330.625 1853.843 
18.031 62.625 63.406 166.593 495.750 699.968 741.062 782.343 1102.375 1196.250 
-1716.719 -1708.063 -1705.250 -1553.000 -1534.344 -1526.625 18.343 150.656 361.656 487.875 682.343 690.437 861.875 873.468 990.343 1028.500 1329.031 1845.656 1878.500 
-1968.000 -1063.125 12.906 21.500 126.468 309.656 389.000 495.281 495.562 769.687 857.343 878.218 972.531 1119.093 1155.812 1292.156 1618.625 1968.093 
-855.125 62.843 112.750 236.281 240.437 354.375 601.500 614.625 1193.093 1350.812 1403.312 1726.812 
61.968 97.468 114.000 119.625 143.781 233.781 346.187 363.093 365.281 573.812 594.687 615.500 799.343 911.687 929.500 1066.093 1436.781 1492.000 1750.437 1812.312 
-1748.969 26.906 51.187 274.500 301.406 357.125 360.312 466.906 559.750 838.937 913.250 1005.406 1061.312 1199.406 1236.281 1279.281 1780.218 1920.187 
-1884.750 63.218 110.468 186.468 200.531 255.437 314.875 339.031 523.593 619.687 668.687 700.906 900.593 1138.187 1208.062 1250.843 1519.125 1602.406 1648.500 2292.062 
80.687 131.781 167.812 267.625 286.000 495.125 798.312 873.218 1001.687 1059.312 1087.250 1271.281 1328.000 1473.812 1489.812 1588.000 1748.281 1846.312 1966.687 3211.218 
24.218 234.968 273.875 328.531 343.875 387.031 579.812 761.812 980.000 1027.437 1065.500 1187.750 1292.375 1401.187 1408.062 1602.281 1849.625 
