-710.657 18.843 158.125 162.062 200.031 202.281 228.406 821.593 845.562 1162.625 1306.375 1507.468 1818.187 
80.312 82.281 153.062 849.281 896.062 1040.781 1075.281 1187.250 1339.500 1525.343 1547.968 1641.250 1657.500 1734.531 1909.968 1938.937 2531.625 
-1268.500 19.812 51.062 80.093 80.906 201.156 329.968 337.562 555.031 717.468 1006.343 1208.343 1292.218 1404.875 1477.031 1591.312 1641.250 1679.593 1867.656 
-1964.250 -1686.844 -1664.094 -1539.657 -1219.250 -1031.625 -718.125 -85.500 80.093 82.062 262.218 424.125 588.343 638.781 747.000 850.437 854.781 954.562 997.625 1169.093 1258.781 1355.875 1424.437 1499.000 1500.000 1657.406 1843.156 1869.562 2132.531 2448.843 2681.812 2719.000 2798.500 3081.218 3370.250 3514.968 3695.906 3781.343 3990.875 
23.812 78.531 81.500 82.281 94.125 109.843 153.125 186.125 201.781 227.312 232.281 258.718 291.125 374.875 457.812 565.937 582.375 618.281 624.500 717.312 724.562 764.406 868.562 886.312 945.656 1071.312 1073.031 1075.000 1162.687 1183.312 1297.218 1381.250 1641.156 1656.187 1734.500 1781.468 1810.437 1966.437 1970.843 1974.375 3568.718 
26.750 57.250 81.093 83.843 213.125 216.250 232.062 296.187 411.968 419.937 433.750 461.375 566.906 638.781 748.187 950.468 961.343 966.750 1162.687 1421.937 1540.218 1653.531 1865.375 1900.531 3666.437 
22.843 38.625 82.093 164.218 403.312 435.937 488.125 517.312 519.656 538.031 568.656 758.906 802.875 807.625 876.468 893.937 921.562 931.156 978.468 987.437 1040.781 1164.000 1331.406 1345.750 1423.718 1486.312 1731.406 1809.968 1823.593 1854.843 1855.437 3675.937 
24.531 25.031 37.312 38.875 56.000 78.343 80.312 143.250 190.781 228.156 229.843 393.781 544.875 601.781 635.593 662.531 753.406 764.218 841.000 1111.000 1128.093 1181.968 1187.093 1193.437 1300.468 1341.656 1421.875 1586.750 1646.781 1652.656 1658.562 1708.562 
23.906 25.093 80.093 80.500 84.031 171.437 184.593 186.125 202.843 238.906 242.968 277.968 355.000 360.687 388.843 554.468 821.656 836.031 849.281 936.656 954.687 991.062 1007.031 1008.843 1040.812 1213.968 1235.687 1292.218 1295.000 1312.000 1357.187 1452.687 1604.000 1865.218 1866.718 2127.125 3981.593 
72.875 80.343 163.343 218.812 256.093 294.250 323.437 337.156 440.031 461.875 491.781 558.406 600.093 639.656 715.218 722.062 783.937 906.281 1003.750 1110.718 1113.593 1215.906 1296.812 1419.343 1452.406 1655.343 1657.437 1846.656 1867.656 1951.281 
