-276.688 110.406 123.156 148.593 198.718 257.968 267.031 401.562 565.093 775.031 788.968 812.406 946.500 1012.875 1049.125 1228.343 1313.031 
243.625 283.687 392.500 486.968 500.281 550.000 781.156 910.125 934.062 1123.875 1413.031 
294.375 593.093 653.500 861.250 1046.000 1143.437 1146.500 1326.250 
100.125 110.312 113.781 245.187 246.343 393.312 399.187 623.937 919.968 1154.281 1233.968 1254.906 1467.093 3473.593 
-1403.532 120.375 132.218 328.906 335.062 362.937 484.562 505.343 588.406 
129.156 285.781 362.281 382.250 628.031 691.625 740.156 826.562 846.062 1039.718 1091.875 1281.656 1497.437 
158.500 245.687 582.218 751.812 937.687 940.281 1040.656 1218.468 1315.875 1383.031 
-252.188 27.593 52.843 147.062 507.437 564.375 657.437 745.406 789.718 855.187 1124.375 1218.375 1354.906 2831.156 3506.687 
-1817.625 -1135.532 -752.157 -513.188 22.093 48.906 504.468 557.125 657.750 799.406 862.750 1071.531 1115.375 1222.000 1281.718 1346.875 1398.281 1407.187 1765.531 2423.593 2954.718 
-1603.719 -1592.844 -1301.938 -1248.219 -1157.969 -1016.063 -649.750 55.656 336.843 794.187 834.843 934.562 1017.531 1047.156 1088.593 1163.437 1168.343 1408.468 1631.937 1711.500 1957.750 2484.500 2540.968 2782.937 3162.062 3250.218 3281.000 3316.125 3650.718 3674.562 3947.406 
-1929.750 -1879.594 -1772.250 -1613.032 -1537.063 -1467.563 -1108.157 -1025.719 -982.344 -879.407 -825.219 -812.750 -354.157 -245.469 -220.969 -105.219 -71.375 -46.282 93.906 249.312 256.968 299.750 411.812 416.250 475.312 561.031 736.000 895.875 1067.625 1198.437 1210.125 1219.031 1400.156 1453.656 1721.000 1809.093 1980.343 1989.343 2086.468 2165.968 2206.625 2275.656 2292.843 2346.750 2427.031 3116.562 3265.343 3363.625 3464.875 3617.656 3704.187 3933.843 
-1967.969 -1674.313 -1543.625 -1356.750 -1340.188 -1238.594 -1140.875 -1089.938 -1085.813 -1021.407 -927.844 -754.657 -680.813 -633.282 -536.157 -496.219 -452.094 -383.563 -310.594 -264.844 -230.375 -159.719 -142.907 94.593 245.656 387.406 502.312 554.687 731.000 825.125 884.125 887.718 1009.625 1022.875 1126.125 1216.500 1280.437 1337.687 1442.875 1703.000 1715.781 1755.781 1801.843 1827.250 2426.093 2553.625 2612.125 2635.625 2685.906 3025.687 3165.750 3253.406 3393.937 3409.906 3468.500 3534.218 3612.062 3692.218 3745.937 3768.531 3841.656 3997.156 
-1941.375 -1913.219 -1830.250 -1702.907 -1613.188 -1601.032 -1575.219 -1531.250 -1510.719 -1460.844 -1228.594 -1206.500 -1094.157 -1085.844 -1073.000 -923.063 -880.938 -689.813 -617.063 -545.813 -535.594 -470.563 -128.532 -64.469 10.343 109.750 160.875 254.656 268.000 390.093 559.906 596.000 611.281 686.812 736.000 769.406 788.062 898.750 915.156 1000.750 1206.968 1371.937 1394.906 1516.968 1596.812 1606.875 1936.875 1963.593 2116.000 2293.062 2381.500 2429.593 2498.843 2571.062 2593.093 2682.593 2770.093 2824.125 2887.812 3038.625 3105.375 3199.875 3334.656 3347.531 3425.687 3478.500 3491.687 3569.156 3581.625 3641.343 3647.625 3722.468 3735.437 3757.062 3977.031 
-1983.125 -1911.094 -1813.125 -1791.188 -1768.313 -1687.938 -1600.688 -1570.500 -1468.188 -1452.344 -1437.313 -1399.094 -1393.782 -1111.219 -1038.157 -938.157 -924.969 -857.750 -649.813 -582.438 -496.469 -427.907 -407.375 -318.688 -306.032 -267.532 -128.969 -59.219 -35.094 70.781 82.468 156.375 166.906 229.437 241.125 340.437 537.906 542.312 556.875 694.156 701.125 707.718 717.593 909.375 922.718 930.125 1187.468 1243.281 1316.625 1415.125 1485.062 1811.468 1832.625 1878.687 2017.968 2248.343 2256.218 2316.187 2320.875 2355.781 2380.187 2432.437 2459.343 2523.312 2527.687 2673.343 2752.187 2824.187 2877.406 3041.843 3055.968 3222.687 3264.906 3269.968 3346.875 3473.531 3495.656 3528.500 3563.875 3641.750 3716.031 3795.656 3851.843 3929.562 3943.531 3963.250 
