-1528.250 16.812 39.718 101.781 127.625 236.218 240.062 373.093 403.750 455.125 500.750 612.812 818.218 829.187 855.312 869.125 874.718 982.437 1062.906 1230.937 1358.156 1397.156 1473.093 1488.187 1510.500 1548.187 1669.250 1796.250 1943.468 1954.406 1971.281 2087.531 2107.343 2347.125 2412.343 2463.500 2501.281 2536.125 2544.000 
30.000 36.781 243.812 552.125 593.562 693.562 695.718 730.531 773.375 951.937 1041.218 1081.625 1207.062 1680.000 1707.843 1852.406 2098.593 2211.468 2559.093 
31.500 38.687 64.312 117.906 125.843 268.843 636.187 865.812 868.250 953.937 1062.906 1292.843 1473.093 1526.437 1545.875 1555.718 1848.750 1969.843 2041.093 2047.406 2096.906 2197.187 2235.531 2545.437 
23.343 35.625 124.093 240.625 468.500 702.625 864.000 1093.656 1125.625 1282.281 1296.281 1706.781 1820.562 1851.437 2039.218 2181.718 2238.343 2351.968 2550.281 
-148.125 50.281 341.781 513.468 518.562 902.750 957.593 1064.875 1339.218 1885.687 1930.531 2030.437 2101.812 2481.250 3946.843 
-1854.875 -1827.157 106.937 152.156 236.406 660.468 711.218 767.437 1063.593 1513.687 1549.312 1934.156 
-760.532 16.437 30.156 121.312 255.500 371.968 787.125 968.593 1077.781 1773.656 1793.375 2077.437 2109.187 2501.437 2684.593 3146.468 
-1563.563 -1186.125 -952.938 51.062 176.343 374.000 407.031 863.156 1526.937 1768.875 1812.125 1975.187 2008.937 2024.000 2046.031 2096.437 2112.968 2336.937 2850.625 3418.187 3436.156 
-1933.625 -811.563 -549.344 -456.719 400.062 857.875 906.906 1482.656 1565.687 1752.343 1757.406 1979.468 2011.187 
-1937.250 -1047.563 -1042.094 -664.969 -316.875 -309.125 -161.094 94.500 147.843 148.656 324.375 378.062 404.125 699.125 767.687 843.125 930.343 962.000 1033.656 1106.625 1111.093 1288.187 1358.718 1519.625 1785.875 1835.406 1850.906 1944.812 2140.281 2278.187 2317.656 2505.687 2675.031 2885.218 2962.218 3044.843 3212.187 3483.343 3801.312 3869.468 
-1904.688 -1421.125 -1340.875 -801.063 -757.157 -622.250 -273.219 121.812 159.718 349.250 438.125 741.000 855.562 867.843 943.312 1204.750 1251.281 1380.968 1767.468 1985.218 2025.781 2215.000 2254.906 2366.500 2391.593 2430.812 2451.750 2570.843 2622.718 2731.218 2881.218 3221.093 3767.312 3977.562 3986.687 
-1881.657 -1788.375 -1697.375 -1634.907 -1526.188 -1372.250 -1146.188 -908.375 -821.750 -758.563 -689.250 -610.813 -313.282 -121.563 27.687 31.031 299.406 420.500 515.156 555.312 646.218 795.937 807.937 870.781 1014.406 1236.406 1320.687 1467.281 1620.281 1657.156 1684.687 1792.843 1830.406 2005.500 2014.437 2037.500 2104.218 2188.906 2246.781 2307.281 2338.375 2377.718 2473.812 2657.187 2736.312 2943.781 3265.687 3637.187 3816.968 
-1843.469 -1825.438 -1729.188 -1588.219 -1423.032 -1367.407 -1131.875 -1004.282 -993.063 -858.282 -704.532 -611.750 -601.063 -562.875 -535.969 -455.625 -359.532 -305.188 -252.719 -224.407 -85.094 -19.625 75.687 117.250 146.187 187.843 306.593 355.906 799.812 885.187 893.125 1052.406 1070.062 1089.375 1105.156 1125.718 1339.875 1479.906 1513.406 1534.562 1546.687 1610.187 1705.812 1767.562 1912.781 1978.656 2130.000 2158.031 2271.531 2278.531 2419.031 2493.968 2685.906 2739.750 2963.750 2971.687 3039.468 3044.343 3063.468 3094.906 3202.093 3528.031 3610.312 3745.250 3831.656 3982.375 
-1855.625 -1808.219 -1696.782 -1660.563 -1526.532 -1415.407 -1184.719 -1145.157 -997.875 -976.719 -857.875 -769.657 -626.907 -613.375 -229.219 -170.282 -164.844 -154.688 -26.532 30.625 90.500 106.843 120.562 171.343 178.062 297.343 346.781 434.687 553.062 618.406 701.250 778.562 785.937 794.687 859.718 879.031 1105.187 1210.906 1342.718 1438.062 1515.312 1593.781 1820.718 1825.812 1990.687 2000.531 2272.031 2395.187 2449.437 2508.375 2666.843 2742.437 2767.531 2843.187 2861.406 2948.250 3054.937 3120.687 3275.531 3283.625 3303.718 3348.718 3363.312 3543.968 3650.593 3666.343 3722.187 3733.093 3813.375 3872.875 3927.812 3976.562 
