-548.500 255.187 350.718 546.375 794.875 832.093 1007.656 1166.843 1221.843 1482.125 1489.156 1558.187 1580.062 1618.093 1637.468 1754.375 1835.375 1852.937 2689.687 
78.812 158.531 194.375 303.187 330.312 367.187 418.656 530.187 596.718 698.062 861.531 991.687 1156.593 1262.593 1656.468 1743.593 1768.031 1845.187 2877.750 
52.593 267.906 299.093 467.250 710.875 894.000 957.000 1058.906 1289.843 1763.843 1872.156 3383.187 
-1332.500 -1035.625 71.218 195.531 511.937 702.031 965.781 1037.062 1062.562 1168.625 1594.375 1767.781 1771.250 1789.562 
-656.563 72.843 233.500 547.218 873.250 894.625 1001.781 1161.500 1618.718 1759.812 1844.406 
20.687 27.125 84.875 175.812 292.968 480.781 949.125 1057.625 1301.937 1643.531 1807.656 1878.093 
-1326.750 -752.844 -686.157 -393.844 52.781 80.500 351.093 439.562 715.781 740.312 887.906 969.718 1004.000 1045.468 1117.781 1196.312 1312.812 1388.656 1916.937 2755.781 3146.125 
-1722.782 -1635.407 -1115.907 -1049.313 -370.688 18.187 44.843 160.343 243.000 263.937 311.218 524.250 672.718 680.468 749.968 778.218 926.281 1015.312 1027.062 1034.437 1062.437 1240.843 1296.812 1438.781 1484.500 1697.781 1757.093 1815.250 3855.781 
-1901.219 -1819.407 -1393.157 -1149.063 -652.594 304.125 371.593 572.750 654.343 855.218 1027.843 1073.718 1147.312 1544.468 1764.062 1835.656 2423.875 3381.187 
-1969.657 -1823.875 -1758.032 -1651.688 -1604.438 -1435.375 -1311.032 -1179.782 -988.844 -935.719 -714.125 -643.532 -568.938 -298.094 25.687 174.343 243.250 309.375 413.531 426.875 549.781 631.843 845.250 1119.750 1265.562 1317.250 1416.031 1441.968 1778.781 1805.843 1822.781 1885.062 2053.906 2170.343 2201.437 2363.468 2409.625 2476.687 2641.093 2664.906 2710.062 2784.125 2870.187 2948.906 2966.062 3100.500 3172.250 3216.093 3246.312 3396.562 3504.031 3558.312 3916.250 
-1964.969 -1893.938 -1829.500 -1745.407 -1735.375 -1419.657 -1062.750 -946.657 -924.719 -862.219 -818.657 -639.532 -487.375 -410.844 -334.750 -183.875 -108.094 46.718 79.218 324.312 346.906 362.875 417.093 762.593 838.968 901.406 1025.406 1029.843 1046.656 1106.031 1190.156 1386.625 1413.718 1607.750 1624.812 1697.125 1766.531 1823.343 1969.625 1989.843 2225.750 2386.593 2450.406 2822.562 2901.781 3169.375 3265.718 3411.843 3463.375 3750.093 3788.750 3930.531 
-1892.032 -1699.938 -1454.282 -1300.032 -1112.282 -986.750 -622.250 -539.438 -324.188 -191.500 -84.344 -77.375 -7.907 80.437 86.250 174.156 247.437 328.468 400.031 475.562 612.125 758.593 765.812 867.062 955.437 1277.343 1287.843 1341.625 1367.562 1526.500 1620.875 1711.750 1816.406 1851.875 1872.812 2029.843 2118.500 2209.781 2269.437 2275.093 2391.250 2402.843 2476.093 2582.375 2697.875 3312.093 3757.562 
-1966.844 -1824.532 -1748.282 -1530.375 -1512.469 -1487.344 -1434.250 -1379.938 -1251.500 -1189.657 -1178.532 -1169.750 -1075.375 -944.469 -800.532 -710.313 -704.875 -423.782 -303.438 169.531 174.718 316.781 337.875 479.656 958.593 1322.781 1435.281 1476.531 1525.343 1594.937 1667.500 1748.031 1787.687 1831.156 1936.656 1959.156 2014.250 2083.187 2090.531 2152.375 2219.343 2229.000 2304.875 2464.781 2485.312 2596.531 2657.468 2746.500 2897.312 2965.312 3002.062 3200.656 3219.625 3283.062 3303.906 3441.156 3541.000 3661.250 3740.531 3755.031 3830.562 3878.937 3895.406 
-1952.844 -1888.500 -1814.344 -1738.657 -1725.250 -1690.063 -1591.907 -1582.157 -1420.938 -1346.594 -1259.625 -1199.750 -1106.000 -1037.250 -1012.125 -994.719 -969.188 -819.594 -733.407 -713.313 -663.469 -650.532 -417.719 -382.407 -251.219 -238.375 -181.157 -121.657 -103.750 -56.282 63.906 75.250 141.343 159.937 265.062 297.968 505.812 585.125 659.000 666.531 754.031 817.468 884.343 963.593 977.500 1114.593 1119.906 1126.250 1330.968 1415.218 1425.000 1538.437 1626.406 1635.625 1773.625 1927.312 1954.625 2103.593 2153.125 2198.375 2224.250 2353.843 2437.531 2441.656 2506.687 2515.250 2526.500 2675.750 2716.406 2749.750 2758.437 2891.375 2907.218 3041.593 3110.312 3116.125 3127.750 3257.062 3305.375 3469.687 3482.156 3682.031 3750.968 3820.625 3885.968 3991.218 
