-1983.907 -1970.532 -1684.907 -1682.282 -1607.157 -1594.313 -937.094 -533.344 95.500 142.781 145.312 248.875 393.906 427.125 690.406 790.093 799.437 926.062 928.656 994.000 1109.812 1131.406 1575.562 1610.125 1671.625 1682.312 1718.593 1739.718 1749.687 2758.187 2984.156 
-1942.500 -1665.500 -830.625 -811.375 -743.657 -672.313 -627.657 -335.407 -122.063 -120.157 -110.750 -103.875 273.187 278.906 404.781 430.062 1191.812 1577.281 1710.031 2283.312 2861.906 
-1015.813 -633.532 15.437 61.437 297.562 311.000 347.625 434.625 610.968 613.906 617.562 664.250 726.187 731.906 746.562 787.937 814.375 816.281 916.218 928.187 1196.531 1215.718 1240.312 1257.218 1269.093 1283.218 1285.031 1317.718 1343.843 1362.343 1463.906 1517.250 1584.750 1866.625 3723.843 3748.031 3967.406 3970.093 3972.812 
-1846.469 -1600.438 -502.407 186.875 399.281 420.500 472.312 690.781 701.593 717.781 783.500 814.406 815.375 817.156 874.656 876.750 885.593 890.062 918.937 939.125 945.687 1055.812 1074.312 1077.531 1088.625 1099.187 1109.406 1555.218 1572.250 3556.656 3557.437 3562.593 3562.812 3571.218 3651.875 
-1978.969 -1959.469 -1810.032 -1510.907 -1421.969 -548.063 -426.813 -384.282 429.843 719.250 2725.125 2726.468 2994.093 3591.562 3594.843 3827.281 3847.375 3848.937 3856.031 
-643.282 -637.344 213.937 225.406 265.656 419.093 541.593 579.531 864.937 882.781 1192.062 1225.437 1304.062 1452.562 1531.750 1736.218 1769.562 1861.281 1874.218 2559.062 3021.093 3653.656 3878.437 
-1335.250 -1328.719 -1323.438 -163.844 148.156 1407.593 2822.312 
-1416.969 -828.500 -819.375 -244.188 -135.188 144.937 371.125 980.750 993.875 999.062 1277.406 1369.968 3489.468 3669.156 3677.062 
-1300.313 176.125 364.718 384.406 426.031 460.062 550.718 583.562 736.468 1024.250 1560.031 1572.718 1588.125 1647.250 2082.500 3491.500 3603.843 3679.687 
-1188.157 -1173.907 -206.532 318.781 1097.031 1312.375 1511.125 1986.156 3038.468 3156.156 3810.343 
