-1103.594 -580.532 -487.563 -272.407 641.781 1044.187 1415.906 1481.968 1605.343 1865.593 1865.875 1898.281 2230.718 2570.656 2685.156 3501.343 3524.875 3916.625 3924.687 
-1779.500 -1368.907 -1195.563 -1080.469 -184.469 671.687 1243.312 1614.250 1623.468 2148.843 2471.375 3843.281 
-1688.344 -1619.969 -1229.688 -1013.313 -125.688 100.875 338.375 800.906 2058.375 2284.875 2419.531 2879.281 2913.406 3155.406 3217.500 3284.437 
-1828.313 -1712.688 -1694.688 -1084.188 -909.250 -592.750 -554.625 -452.469 -84.188 45.218 45.593 145.812 1101.718 1321.718 1446.375 1579.343 1986.812 2055.343 2181.843 2698.875 2806.937 3419.031 3773.031 
-1432.469 -143.782 25.156 204.625 1354.968 1717.843 1804.218 2620.968 3327.468 3811.812 
-1741.907 -1479.750 -1420.813 -1225.625 -1069.657 -349.157 -71.594 -60.594 79.562 137.968 370.968 1599.250 1720.687 2063.250 2104.343 2507.000 3072.906 3404.187 3483.687 3972.437 
-1819.688 -1614.750 -1499.813 -1397.125 -1318.407 -1173.219 -983.469 -424.344 -326.219 -15.188 629.968 783.062 1230.343 1649.812 1652.968 2169.625 2973.312 3071.406 3421.812 3721.468 
-1349.250 -1072.407 -415.875 -276.938 284.031 2161.031 2314.593 2554.781 2650.906 2950.250 3309.875 3433.406 3938.687 
-1738.188 -1307.407 -1002.282 -320.063 -85.688 383.968 937.062 1440.156 1691.125 2530.218 2663.312 2743.625 3275.093 3276.968 3528.062 3543.906 3643.625 
-1636.750 -276.094 94.906 266.968 395.687 1408.781 2279.187 2583.937 2810.437 2978.781 3614.218 
