-1049.313 702.156 1446.437 2709.593 3689.593 
-941.157 -810.344 -656.875 -38.532 31.781 212.187 374.718 494.468 523.218 665.437 683.000 823.062 1145.593 1216.437 1487.312 1747.937 2294.187 3453.937 3691.625 
-1798.688 -1545.782 -1203.500 -976.219 -735.719 -663.719 -86.094 -41.063 310.562 366.687 981.125 1034.125 1502.937 1683.500 1692.375 2388.468 3667.000 3851.531 3936.031 
-474.375 -447.750 124.000 362.625 625.562 631.406 1064.031 1157.812 1425.531 1441.625 1818.687 1874.906 2047.375 2389.468 2584.906 2992.218 3143.812 3355.875 3399.062 3503.468 3801.062 3948.468 
-1848.532 -1631.063 -1399.532 -1335.563 -1014.094 -811.657 178.125 202.500 471.750 1026.000 1060.281 1484.625 1495.875 1552.187 2893.031 2946.750 3161.156 
-1701.782 -1493.313 -262.469 550.593 715.687 866.250 1025.375 1064.031 1223.437 1525.625 1626.375 2000.531 2884.000 3606.312 3896.812 3905.031 
-1930.313 -1626.375 -1573.188 -827.438 394.218 1128.531 1459.593 
-990.500 -684.125 -635.969 -244.063 -68.813 139.531 508.687 624.593 953.593 1143.375 1284.406 2055.218 2388.187 2551.625 2719.593 3043.968 3370.031 3460.218 3592.625 3767.156 3858.593 
-1670.532 -885.375 323.281 969.281 1061.187 1114.968 1232.562 1476.531 1927.687 3034.000 3381.656 3410.250 3935.593 
-1759.719 -1332.875 -1142.657 -71.344 58.156 567.625 891.281 1795.468 2508.687 2622.812 2646.562 2735.125 3111.687 
