-1934.563 -1219.594 -1122.907 -787.094 -580.313 -20.188 320.906 407.687 1340.718 1569.312 1912.781 1976.843 2277.781 2554.375 2656.250 3788.250 
-1297.875 -1124.563 -1054.250 -622.313 -610.125 -551.438 -326.500 -219.969 -77.250 85.718 121.218 247.656 670.093 1113.437 1171.500 1236.187 1241.343 1303.062 1457.468 1631.250 3091.187 3148.562 3942.093 3978.875 
-1780.438 -1611.875 -1569.969 -1445.875 -1441.938 -1219.969 -1127.750 -1002.782 -981.313 -930.500 -675.719 -392.438 -321.657 512.125 1358.375 1778.468 2014.187 2155.500 2827.968 3044.875 
-1577.407 -1406.532 -1242.563 -111.032 -102.625 89.812 148.968 1303.156 1356.500 1397.750 1472.062 1686.250 2079.125 2234.812 2420.062 2609.218 3188.375 3488.656 3582.156 
-1881.125 -1822.969 -1443.532 -839.219 -255.782 51.406 144.218 285.031 930.281 1207.218 1222.218 1238.906 2104.625 2148.906 2195.843 2219.468 2465.687 2576.906 2636.968 3241.812 3438.062 
-1632.813 -963.657 -45.063 178.750 438.031 600.625 1227.281 1637.750 1776.125 3562.000 3805.625 
-1518.438 -1258.875 -1142.657 -505.813 69.000 665.000 757.031 808.375 1810.593 2516.843 2907.156 3870.093 
-1213.969 -823.219 -185.500 269.093 1008.500 1028.187 1028.406 1771.968 2276.687 3253.562 3405.812 
-1760.532 -1680.907 -1323.375 -1255.532 -805.625 -419.157 554.250 716.218 1387.812 2296.000 3241.687 3639.375 3797.343 
-1789.375 -1647.313 -1322.188 -787.032 -425.219 872.812 1546.187 1549.500 1568.281 1906.406 2155.906 2989.218 3238.281 3371.937 3907.781 
