48.593 126.093 200.625 357.531 452.218 486.406 494.218 527.187 816.125 971.531 990.781 1008.687 1087.906 1095.656 1316.562 1441.093 1782.562 3383.500 3986.750 
8.562 13.781 351.218 367.625 373.375 434.750 485.875 657.812 876.968 1011.812 1095.562 1150.593 1369.375 1782.437 1783.250 1878.031 3065.156 3215.937 3921.875 
25.125 29.125 130.531 240.500 244.906 369.937 488.937 494.906 511.562 538.125 886.500 1006.625 1038.718 1143.031 1150.562 1482.812 1541.781 1566.781 1692.093 1847.718 1858.843 3368.406 3941.687 
47.000 55.250 202.062 367.468 436.468 495.937 519.375 745.937 746.593 1081.312 1178.406 1184.781 1192.906 1446.093 1676.718 1701.125 1782.750 2003.625 2010.937 2705.156 2721.375 3891.218 
20.656 24.625 351.187 492.375 738.656 748.531 997.750 1149.281 1426.593 1429.687 1670.656 1780.562 1850.375 1941.937 2007.218 2016.281 2839.687 3307.062 3314.093 3900.968 3901.718 
27.406 53.781 366.750 490.531 541.000 738.000 992.406 1007.468 1045.750 1202.531 1345.718 1783.250 1854.031 1900.937 3330.812 3356.781 
28.625 42.750 102.375 368.250 439.750 450.000 506.843 523.937 1086.875 1091.156 1143.750 1177.468 1316.218 1442.593 1494.562 1531.437 1547.437 1957.312 2883.843 
24.500 25.437 44.375 47.125 54.937 234.937 240.625 450.937 451.968 743.625 756.562 881.906 1483.031 1675.343 1993.468 2002.937 
43.250 51.531 145.687 177.187 430.593 442.218 464.312 664.156 1086.687 1177.656 1179.875 1373.937 1560.750 1666.500 1677.218 2503.000 3003.718 3005.718 3306.718 
1.312 22.843 23.187 25.437 54.000 61.375 367.750 432.312 509.156 549.531 963.031 1450.750 1484.781 1725.187 2001.781 2004.718 2011.656 2777.937 3189.375 3880.093 
