-1845.782 -1844.469 -1837.625 -1836.282 -1818.625 -892.407 -889.563 -886.813 -727.657 -425.438 -415.500 42.375 48.031 54.000 81.687 87.625 88.375 95.218 105.593 114.093 191.062 224.062 255.343 435.718 560.937 820.406 938.593 947.625 960.343 962.062 985.687 1002.125 1185.156 1350.843 1544.875 1565.812 1746.218 1803.000 1817.500 1818.781 1836.781 3189.375 3190.031 
-1671.813 -405.969 -403.688 -403.063 99.812 117.281 253.531 820.531 1032.281 1184.562 1196.281 1427.687 1492.156 2687.250 2687.468 
-1426.657 -1407.875 -975.344 -973.375 -963.125 -178.313 -176.157 -174.719 -162.532 -154.782 -121.750 68.875 100.406 278.937 334.687 421.968 550.093 661.187 885.375 983.718 1595.437 1694.000 1835.156 
-1448.657 -1444.844 -865.875 48.406 51.031 61.562 62.312 81.781 86.687 128.000 129.281 464.125 657.093 664.093 820.718 1013.718 1133.000 1545.218 2852.500 
-1865.938 -1860.750 -1848.907 -1818.125 -1766.657 -1249.688 -1244.344 -305.344 -289.375 48.312 94.375 190.843 195.656 370.593 374.000 551.156 657.281 671.000 867.875 946.437 946.843 950.968 1148.093 1167.812 1219.093 1226.437 1427.593 1431.031 1548.062 1835.093 2965.187 2966.625 2976.406 2982.906 2987.468 3293.812 
-889.719 -456.282 41.125 47.968 228.625 322.093 375.875 376.187 662.406 946.125 1143.875 1591.562 2890.093 3157.718 3346.000 3354.750 
-1972.282 -580.094 -564.938 -563.125 -561.094 -555.188 -183.938 41.593 48.125 61.218 71.500 87.531 371.343 396.562 417.375 549.906 557.250 558.750 662.250 819.125 823.875 824.250 941.500 942.625 1097.375 1193.562 1229.093 1550.343 1745.250 1840.000 2219.687 2253.437 3576.531 3672.531 
-1843.438 -1834.625 -1831.844 -1006.032 -975.750 -974.219 -604.563 -597.219 -591.844 46.062 79.593 200.687 202.562 370.343 472.343 675.687 861.812 953.500 956.125 1137.687 1140.218 1196.906 1344.750 1550.031 1740.156 1743.062 2649.875 2663.187 3900.125 
-975.313 -939.563 -938.344 -921.969 -919.875 -914.219 -529.532 -102.625 -100.344 -77.125 43.187 47.031 87.875 661.000 820.093 946.062 1067.343 1135.937 1229.156 1344.531 1361.875 1554.093 1558.156 1566.062 1594.187 1628.437 1645.843 1659.625 1681.687 1806.406 3042.468 3058.125 3069.406 3659.843 
-530.563 -502.250 -27.438 47.062 51.093 52.687 53.000 84.093 92.625 115.281 207.687 275.000 486.468 519.500 554.062 662.406 840.218 877.187 937.437 941.625 942.000 943.843 961.312 1227.656 1346.281 1428.250 1438.093 1439.562 1489.187 1550.062 1695.937 1743.062 1835.218 3042.687 3940.968 3995.437 3996.812 
