-1303.000 -1301.344 -1170.907 -874.969 -174.438 63.968 83.593 95.500 132.625 134.406 749.031 884.906 1161.625 1211.687 1300.437 1350.062 1437.718 1537.718 1909.312 2526.937 2640.218 2975.937 3177.375 3798.875 3805.093 3866.531 
-1813.969 -1394.188 -1386.875 -668.375 270.625 751.437 1160.281 1235.156 1303.562 1492.937 1638.093 1671.625 1762.843 1996.093 2489.468 2617.406 2724.062 3262.156 3396.437 3417.656 
-1583.063 -464.907 -24.719 16.468 353.156 466.593 603.531 785.437 996.875 1100.937 1305.937 1545.187 1556.500 1916.593 2422.156 2822.906 
-1746.063 -845.375 -432.563 -347.094 -263.750 127.093 592.718 658.562 677.437 867.812 884.906 910.156 1224.375 1560.156 1591.500 2037.031 2679.093 2843.281 3582.750 3934.437 
-1671.719 -904.469 -854.719 -254.657 -66.969 154.937 1540.625 1589.718 2099.000 2317.468 3035.937 3759.875 3762.312 
-1735.219 -794.000 -782.532 -135.750 403.531 545.125 1626.187 1826.593 2710.843 3846.250 3903.656 
-976.407 -101.313 -91.907 74.343 440.781 1091.250 2078.500 3976.250 
-1863.813 -1861.500 -1837.719 -96.938 -10.407 692.156 980.375 1011.812 1445.218 1813.562 2142.687 2201.000 2855.531 3376.968 3550.281 
-1932.719 -1927.250 -769.719 404.781 1116.343 1519.375 3107.531 3166.812 3889.281 
-1975.188 -1406.875 -793.844 2170.750 2617.125 2824.093 3303.843 3492.000 
