64.562 90.218 388.281 412.500 460.062 680.000 945.593 964.437 987.062 1012.531 1090.875 1184.062 1208.500 1318.531 1341.593 1477.250 1486.875 1498.687 1680.187 1789.906 1807.812 1903.062 1937.375 1976.500 
12.906 14.187 68.812 145.468 244.843 341.937 363.718 460.000 641.343 664.781 813.250 822.468 834.781 1184.656 1240.750 1321.093 1341.468 1497.906 1783.093 1904.718 
64.156 112.968 121.781 145.531 412.937 462.687 679.875 820.656 1184.218 1341.531 1478.281 1560.531 1678.125 1789.343 1800.281 1929.625 
13.437 116.250 121.843 145.562 184.843 250.875 384.781 639.656 1236.281 1929.156 
13.093 113.218 123.281 342.437 388.875 459.156 636.968 640.250 679.656 716.218 1184.656 1911.125 1929.281 
68.593 112.843 388.812 413.093 458.812 665.531 1183.937 1789.656 1801.218 
113.125 191.375 363.343 388.937 468.375 640.312 679.937 1184.187 1680.250 1790.312 1929.687 
12.875 113.125 121.687 207.125 389.250 640.875 1800.625 1929.531 
113.250 122.093 363.187 665.562 1498.093 1929.406 
121.718 388.625 1790.031 1929.406 
