21.125 114.562 369.718 414.343 493.031 710.812 717.156 844.468 845.906 925.406 944.718 1267.468 1413.406 1560.281 1974.843 
296.093 369.343 845.281 1310.000 1564.375 1704.125 3085.218 3086.281 
31.906 37.687 46.593 238.531 414.906 746.531 845.062 945.250 1310.281 1852.468 1902.968 
45.750 310.468 751.968 1564.406 1605.312 
21.875 124.062 296.562 515.031 653.062 723.031 846.468 1300.093 1314.937 1392.750 1684.937 1773.156 1782.156 1804.593 
23.875 32.156 370.125 653.218 1363.625 
19.531 31.562 122.125 414.968 1314.687 1977.343 
757.656 845.843 1310.000 1655.875 1683.625 1781.906 1978.031 
342.468 414.437 844.781 
845.500 
