18.875 55.875 58.156 64.343 67.125 117.562 240.937 496.000 790.156 1915.781 
19.312 21.093 54.375 63.718 67.281 122.562 326.625 329.437 494.343 1363.031 1960.531 
19.593 21.843 54.250 69.218 117.000 128.781 150.343 241.593 249.375 995.343 1914.750 
19.156 21.375 62.812 76.218 127.968 242.062 1357.500 1594.625 
18.718 19.937 60.437 116.843 1061.812 1594.750 1829.687 
19.156 54.625 70.656 118.218 124.593 240.343 968.468 1003.562 1351.750 1802.000 
19.718 50.531 54.375 63.406 99.781 122.312 240.562 376.406 610.593 1062.531 1137.906 1829.500 1879.437 2462.093 
19.437 54.312 62.062 92.593 122.031 262.781 518.843 618.031 1596.406 1941.062 
19.375 25.968 54.281 68.906 250.843 637.906 1407.656 
19.125 56.437 76.281 120.562 242.531 263.218 489.062 1761.656 1786.406 
