13.468 62.718 196.406 434.000 635.718 1030.906 1376.875 1908.250 
13.562 15.531 65.625 195.875 470.687 636.031 1030.562 1565.906 1784.187 
12.750 14.875 633.968 1377.500 1905.031 2070.968 
13.343 14.906 99.093 636.531 1383.000 
13.156 15.781 63.281 634.187 1202.406 1285.312 1380.687 1904.750 
12.468 14.625 62.406 189.125 432.750 536.875 1041.125 1781.031 
12.218 14.031 15.375 63.656 185.562 433.437 634.156 1380.312 1905.218 3786.781 
12.468 15.093 93.843 181.187 282.093 634.843 1380.156 1903.718 1905.000 
13.000 14.375 177.093 698.218 1029.625 1212.281 1378.937 1474.468 1784.281 
13.343 15.656 17.968 58.625 65.218 82.281 84.000 202.031 432.906 549.343 833.343 1377.843 1406.562 1633.625 1641.531 1903.468 1978.375 
