14.375 16.125 57.500 77.218 255.156 274.156 514.687 616.968 994.500 1139.187 1210.250 1272.218 1768.281 
14.718 17.312 76.062 256.656 258.250 310.593 748.000 1161.281 
13.625 15.593 76.843 362.593 517.843 614.218 1273.437 
14.437 16.250 58.343 78.500 257.968 1768.125 2081.343 
14.406 17.375 76.343 257.968 612.968 1941.218 
14.531 258.250 259.125 279.156 424.093 613.312 748.218 890.875 947.156 1547.875 
13.875 14.625 18.468 18.656 75.625 171.250 256.875 343.625 611.812 1034.937 1274.250 
14.656 16.437 37.218 76.406 158.406 257.937 622.468 720.406 869.812 956.281 1273.500 
14.500 17.687 35.593 75.750 257.218 310.406 445.437 1280.468 1445.625 1675.281 
13.500 14.187 17.656 57.312 75.593 109.218 256.937 271.656 518.375 614.437 946.468 1505.718 1594.406 1786.375 1874.687 
