-1598.375 -355.907 -350.344 -348.032 26.625 70.218 179.843 244.187 405.968 486.437 600.718 642.718 725.687 914.812 1154.750 1185.125 1569.875 1734.937 1748.781 2306.812 2885.156 
-1542.782 13.437 30.937 58.218 198.406 201.531 659.656 684.937 707.093 915.468 1153.031 1232.375 1296.593 1332.687 1567.343 1603.500 1678.437 1775.781 1973.968 3448.562 
-1860.438 13.625 59.281 91.875 97.093 282.000 349.000 384.031 404.218 491.437 558.562 572.031 580.718 607.062 665.125 794.125 805.312 968.406 1015.437 1124.718 1153.875 1210.093 1480.500 1652.281 1814.812 1831.531 1914.531 2669.593 3439.843 
-1890.532 15.250 24.218 30.218 59.218 66.906 73.250 108.437 116.593 205.562 372.625 392.656 448.468 766.812 1168.281 1353.656 1395.000 1657.062 1739.468 1925.937 
-1547.532 -694.907 13.531 38.843 73.875 126.843 328.500 404.750 476.250 845.687 942.406 966.031 988.562 1088.781 1153.718 1332.750 1505.500 
11.687 14.937 128.593 182.406 351.187 388.093 390.687 404.250 576.250 579.281 733.312 750.968 808.750 848.843 965.343 997.406 1043.781 1048.250 1171.906 1249.656 1395.343 1456.968 1568.750 1689.593 2214.156 3158.750 3165.375 
124.093 127.375 213.593 327.750 449.437 574.406 599.500 637.281 661.531 709.500 794.906 874.687 892.531 1129.250 1538.906 1633.750 1692.250 1836.562 1905.406 1973.625 
-887.250 -113.813 40.500 48.781 136.750 167.968 243.062 271.062 301.843 382.875 539.968 557.406 600.875 1003.781 1080.843 1231.468 1398.812 1570.093 1880.250 3234.125 
-966.000 30.031 80.250 116.781 118.656 206.187 226.531 240.593 256.250 273.531 375.375 406.406 538.531 561.718 572.375 740.218 847.375 945.125 1068.250 1077.843 1125.437 1262.031 1273.562 1571.562 1589.750 1649.500 3991.562 
96.125 149.406 168.093 184.093 258.250 348.093 439.406 448.937 485.937 516.406 557.656 662.968 666.968 736.843 808.437 840.937 845.281 1171.000 1212.781 1331.062 1413.343 1442.531 1444.906 1480.156 1539.000 1540.843 1566.281 1633.531 1866.656 1988.375 
