-1645.500 -1159.657 -150.938 -123.907 125.375 126.750 129.562 145.437 146.718 148.812 167.843 201.250 215.156 758.687 851.156 907.187 910.937 1055.312 1071.437 1171.531 1202.937 1516.781 1521.500 1537.781 2235.437 2241.406 2245.468 3459.937 3467.656 3609.312 3644.937 
-1523.375 -1382.625 -1379.157 -738.500 -736.563 -701.032 -693.813 16.593 153.812 164.375 209.281 306.593 514.093 961.093 1279.687 1509.843 1510.187 2493.406 3184.500 3575.406 3606.968 
-1872.719 -1870.750 -1733.375 -892.282 -877.125 -112.219 99.875 124.875 180.656 181.750 284.000 306.312 576.218 647.625 1043.500 1154.781 1160.125 1162.750 1292.812 1396.625 1514.250 1523.625 1647.156 1747.781 1755.218 1912.843 2520.750 2523.125 3149.531 3172.250 3176.250 3398.718 3417.062 3559.937 3578.093 3586.437 
-1179.719 -1168.563 -889.844 -886.907 -886.625 -880.594 -98.625 -89.594 -71.969 5.906 218.281 336.031 339.468 731.250 744.656 771.406 1048.781 1066.250 1079.093 1275.187 1749.187 2442.093 2453.593 2940.718 2984.718 3166.625 3177.812 3651.687 
-1724.188 -856.813 -797.594 -660.625 -468.438 -457.188 -439.407 -378.907 -369.688 13.968 19.093 257.656 304.187 330.593 543.781 723.156 727.750 728.562 910.375 927.625 952.437 955.562 1195.250 1220.843 1225.218 1225.718 1745.718 1771.500 1781.406 1782.375 1806.406 2128.937 2776.187 2819.406 3225.218 3353.562 3405.531 3689.937 3741.812 3993.875 
-1775.594 -1747.375 -1715.657 -1133.844 -551.782 -396.125 203.468 216.562 230.562 244.531 253.062 502.718 758.718 1099.843 1452.781 1453.093 1860.218 2754.062 2758.656 3154.968 3977.781 
-1488.907 -1450.907 -1059.157 -85.875 -74.125 218.218 732.531 769.625 1276.250 1291.156 2159.625 2766.625 2834.812 3478.093 3505.656 
-1881.469 -1777.688 -1763.782 -1751.688 -1746.125 -1653.438 -1177.125 -1176.094 -1119.438 -912.844 -905.938 -903.563 -878.344 -403.750 172.875 184.812 631.156 632.156 637.062 969.468 1082.625 1093.437 1716.406 1744.843 1755.062 1997.843 2546.843 2595.781 2604.062 2605.656 2651.250 3000.875 3003.687 3445.093 3465.000 3465.937 3472.125 3480.125 3495.312 3502.812 
-1798.500 -1556.594 -1554.219 -1296.969 -1291.157 -1285.313 -1281.563 -413.375 -372.938 -345.157 -15.750 -6.750 17.531 153.843 177.687 314.968 320.750 848.937 855.312 855.812 856.125 875.312 883.437 1137.656 1289.718 1291.875 1315.468 1395.250 1560.375 1776.062 2357.156 2598.031 2972.750 3407.781 3669.468 3694.718 3791.531 3819.062 3834.187 
-1351.844 -1217.907 -1010.313 -1009.032 -1004.313 -865.063 -857.344 -843.375 -826.282 -805.188 -419.000 -417.344 -416.500 -407.125 -397.282 -372.813 -327.625 -319.032 -299.313 -279.688 98.312 107.937 133.375 159.218 159.531 170.781 185.812 189.937 197.781 321.593 373.031 446.968 749.500 751.812 776.437 917.593 944.125 954.531 963.343 1026.312 1055.500 1140.187 1189.750 1539.031 1601.031 1611.343 1614.031 2353.125 2379.625 2392.500 2663.500 2693.125 2745.562 3078.750 3102.125 3120.218 3133.000 3139.718 3144.500 3147.968 3160.937 3163.375 3175.031 3764.531 3778.218 3794.000 3824.781 3884.843 
