14.062 18.218 42.250 90.437 328.281 398.937 580.531 737.218 773.531 815.375 835.312 888.750 960.187 965.281 992.937 1042.468 1087.406 1088.406 1178.093 1264.875 1265.343 1322.187 1324.093 1371.031 1384.906 1554.937 1561.218 1580.625 1760.250 1810.187 1811.156 1836.281 1842.562 
90.406 183.843 184.593 244.593 264.406 416.750 568.687 683.312 734.656 802.500 926.250 983.000 993.000 1048.125 1114.062 1348.187 1380.468 1445.718 1463.562 1542.281 1704.000 1868.468 
29.218 48.593 49.281 90.062 121.187 209.718 217.656 529.656 725.437 744.281 771.031 833.187 834.062 1035.656 1060.093 1108.687 1132.093 1324.906 1487.562 1567.187 
55.843 82.406 199.687 209.156 233.218 241.812 264.281 304.968 314.468 481.343 497.937 507.031 556.468 580.312 725.343 726.906 801.968 919.312 963.562 1065.218 1112.437 1179.875 1186.125 1265.562 1300.968 1321.500 1325.843 1346.718 1348.250 1380.781 1409.781 1544.156 1560.625 1585.187 1605.562 1628.406 1667.187 1715.843 1743.656 1842.875 1846.531 3275.156 3339.281 
41.250 49.875 89.656 90.156 100.187 183.781 244.000 264.562 297.406 473.906 474.781 516.500 517.218 525.593 715.062 802.625 914.562 917.656 959.843 999.562 1031.375 1033.000 1042.406 1082.468 1087.031 1104.468 1137.781 1172.468 1182.968 1266.031 1303.625 1367.031 1462.937 1463.937 1492.531 1555.218 1571.281 1585.437 1716.593 1768.875 1810.406 
28.781 44.937 89.968 161.312 199.562 217.156 231.156 266.343 284.625 310.687 559.875 570.562 578.468 717.468 801.781 803.312 909.562 962.562 979.718 999.718 1027.875 1032.312 1039.562 1043.281 1066.562 1085.781 1089.250 1132.625 1175.406 1301.750 1322.437 1448.843 1543.031 1554.406 1555.312 1574.937 1670.875 1762.531 1763.500 1766.531 1788.750 1811.937 3144.312 3653.343 
36.531 49.906 118.562 141.750 144.687 209.250 265.031 298.781 368.062 401.437 402.906 436.281 523.968 559.093 559.656 561.250 575.718 580.125 633.500 745.218 760.000 802.125 834.156 888.593 915.093 992.750 993.625 1085.875 1087.687 1103.718 1115.625 1127.656 1263.656 1320.562 1381.468 1408.250 1492.625 1555.125 1666.937 1713.531 1738.968 1742.031 1743.406 1744.125 1768.031 1810.468 1825.656 3916.031 
17.156 32.218 33.531 71.468 90.156 182.250 190.281 207.968 225.250 231.750 253.968 264.906 299.406 305.187 317.406 367.093 377.093 402.656 434.812 537.375 559.500 569.593 678.718 757.781 802.500 814.468 917.625 981.406 998.718 1007.218 1029.125 1042.625 1069.125 1105.531 1128.031 1134.625 1149.218 1253.093 1325.031 1347.937 1380.593 1532.625 1542.843 1554.125 1555.125 1561.843 1609.812 1622.125 1622.937 1650.718 1692.062 1713.937 1717.875 1768.875 1824.656 1865.875 1871.375 2044.156 
28.343 42.562 115.531 131.718 158.156 173.000 175.718 209.031 210.031 226.843 268.062 295.343 327.687 367.437 368.250 374.062 417.562 483.000 483.937 517.906 542.656 579.812 584.656 628.093 691.843 728.718 756.281 762.187 766.593 768.468 806.875 834.406 863.125 878.343 888.406 916.125 971.156 982.093 998.875 1029.281 1037.000 1141.125 1174.125 1178.000 1183.531 1300.437 1302.062 1327.156 1341.031 1347.625 1354.062 1365.937 1370.781 1450.531 1492.312 1555.093 1570.343 1667.875 1683.687 1684.468 1712.468 1733.218 1740.125 1752.500 1762.968 1810.656 1814.031 1904.218 2010.250 2908.437 3962.656 
45.656 55.781 59.843 79.593 101.500 105.187 132.375 150.781 171.687 185.968 200.093 208.687 209.000 244.437 265.312 279.500 298.156 304.937 319.531 329.218 383.625 418.718 474.562 506.937 527.343 551.468 567.812 578.031 578.906 652.656 678.406 679.468 738.750 740.781 755.750 771.781 804.281 813.468 877.156 888.906 910.781 922.437 982.125 983.281 986.687 992.687 1051.125 1068.968 1069.375 1080.531 1081.312 1127.218 1132.906 1139.656 1253.500 1325.000 1347.906 1372.187 1383.875 1408.843 1449.250 1543.437 1554.718 1559.937 1560.875 1594.968 1614.656 1663.906 1667.156 1667.843 1683.906 1686.562 1708.687 1784.593 1851.093 3210.906 
