21.343 26.281 38.406 69.531 109.625 124.750 160.781 198.468 223.500 248.468 254.406 282.687 283.062 342.906 386.500 393.093 429.593 450.812 477.281 519.656 524.156 550.906 553.093 581.125 592.187 676.843 780.343 783.218 939.187 941.250 1023.468 1062.718 1154.062 1168.250 1240.500 1269.375 1312.281 1326.031 1346.312 1392.781 2934.375 
14.000 22.187 124.625 218.031 251.375 304.125 380.781 429.250 524.687 554.031 594.625 608.156 693.375 780.218 1022.031 1303.843 1312.625 1347.000 1413.500 
21.093 197.593 218.718 285.875 297.812 429.718 446.812 478.437 479.156 589.281 791.875 917.218 952.156 960.437 1017.250 1055.906 1240.625 1264.062 1303.406 1311.500 1376.281 1392.843 
35.687 36.437 47.000 198.250 218.343 300.125 387.718 397.625 468.250 582.343 591.156 592.687 625.781 627.062 685.562 693.843 816.062 874.062 916.187 1303.000 1304.000 1304.437 1312.343 1325.968 1418.531 
20.031 21.875 54.625 55.187 64.718 140.375 160.625 193.593 222.218 338.406 375.750 377.343 380.843 414.906 428.781 429.500 588.906 608.000 613.875 677.875 799.218 872.250 917.156 937.968 1107.250 1243.093 1325.187 1352.218 3822.406 
47.156 158.875 199.437 230.812 299.312 339.031 363.156 375.750 382.718 388.531 394.187 467.750 500.593 524.937 589.187 594.750 610.906 685.281 699.968 776.218 868.218 917.000 937.718 938.843 943.625 944.468 1108.281 1109.781 1167.687 1299.750 1304.687 1393.312 1463.812 3646.468 3667.125 
15.406 143.406 156.031 196.781 250.062 252.281 298.312 298.687 301.906 304.937 340.406 361.187 373.906 375.875 388.093 446.281 524.093 548.093 550.562 558.875 563.500 608.843 626.062 627.375 628.062 642.156 662.406 690.812 854.250 869.718 873.781 915.781 918.437 959.062 989.031 1017.312 1034.187 1060.812 1110.781 1112.125 1161.750 1198.843 1276.468 1286.500 1308.906 1325.687 1327.281 1360.656 1367.718 1392.468 3633.625 
22.062 47.625 102.687 137.281 157.281 191.187 223.000 249.531 278.593 284.406 285.906 297.875 302.781 324.187 339.625 380.125 386.156 446.812 521.281 524.343 597.750 651.343 655.718 673.437 674.281 694.406 754.218 835.187 839.156 1016.906 1052.812 1055.250 1093.687 1094.468 1111.406 1122.812 1149.343 1167.062 1189.312 1243.125 1281.000 1330.343 1331.468 1361.812 1393.906 3042.531 
64.156 110.531 125.875 142.656 163.687 191.281 192.843 197.875 217.812 245.062 249.687 260.250 274.187 294.312 328.937 342.531 376.906 380.156 380.593 400.062 447.593 450.656 547.468 593.062 612.718 633.781 643.062 698.750 700.218 791.718 817.125 821.375 829.437 875.906 916.093 1023.250 1086.156 1087.125 1094.468 1097.781 1108.500 1149.406 1168.406 1189.312 1279.218 1279.968 1280.343 1346.375 1347.593 1366.781 1378.125 1468.343 1488.593 1744.937 2238.093 2253.062 2592.093 
22.593 64.250 103.968 138.156 140.843 201.031 217.750 218.843 228.343 259.500 299.000 314.656 326.718 336.843 337.500 380.718 419.437 429.125 446.906 512.906 521.437 523.812 602.000 612.093 616.843 626.093 666.343 690.937 694.343 867.968 891.968 939.468 972.875 1018.468 1018.875 1060.906 1091.656 1111.468 1197.312 1275.531 1311.187 1312.093 1323.500 1334.968 1335.562 1360.687 1376.687 1412.656 2263.437 3584.781 3586.250 
