-989.094 16.156 18.156 32.250 287.250 310.468 348.281 518.468 565.781 626.093 633.718 686.437 707.187 820.875 857.593 1276.218 1320.843 1347.375 2423.468 2473.968 2689.281 2749.875 2916.875 3412.250 
-1419.875 -1058.125 108.937 126.500 222.500 259.062 514.406 549.187 851.781 859.375 874.750 926.531 1252.937 1272.625 1325.375 2621.187 2681.000 2783.093 
-1420.188 -947.438 -680.875 16.875 49.718 75.218 86.656 115.531 144.125 202.625 213.187 286.812 380.593 413.375 478.562 545.031 551.000 615.625 657.062 873.875 923.031 940.937 973.843 1029.437 1099.906 1278.125 1418.968 1804.000 1963.593 2029.031 2090.062 2719.687 3144.437 
-171.688 32.062 50.218 80.250 108.437 258.281 379.406 456.031 556.593 591.406 617.031 623.218 633.125 796.906 857.062 930.125 942.437 976.093 1100.906 1172.375 1249.343 2567.375 3373.031 3467.343 
-319.907 -104.344 15.218 19.375 49.812 126.031 204.812 258.718 305.156 432.875 463.312 502.687 561.875 572.218 583.375 632.218 634.187 691.625 788.875 849.500 919.343 942.375 1001.062 1004.500 1100.062 1173.500 1272.875 1276.750 1396.031 2245.625 2351.187 2648.468 2870.156 3156.656 3579.562 
-958.375 50.312 79.875 89.656 129.343 141.718 306.093 456.156 477.156 551.968 774.375 840.250 1100.156 1206.468 1343.125 1601.906 1873.343 2175.406 2712.687 
-888.375 -611.219 -447.750 -409.563 16.750 25.906 50.875 121.656 126.343 203.281 221.937 223.937 308.062 359.406 692.500 858.781 919.781 940.875 976.218 1077.187 1193.437 1375.750 2901.812 3201.625 3439.218 3888.500 3919.468 
-1739.938 -1464.938 -1298.688 -1235.938 -936.188 0.843 95.125 95.593 156.625 349.437 380.625 456.562 519.312 551.687 618.406 859.125 918.781 978.375 995.093 1070.968 1161.000 1976.468 2795.468 2995.812 3714.968 
-1480.844 -1471.719 -991.938 17.843 19.062 49.031 94.906 126.375 258.218 356.218 491.718 572.187 1175.000 1282.656 2448.125 3727.281 
-1173.282 75.687 114.875 154.343 449.937 526.906 696.312 871.437 1024.000 1029.531 1062.875 2472.406 2886.812 3096.750 
