-486.157 -79.250 70.062 163.375 198.062 238.406 421.281 498.937 528.218 669.906 681.343 736.468 760.593 853.125 977.218 979.968 1055.500 1519.812 1621.062 1926.781 2037.656 
-1859.500 256.843 280.031 454.187 463.062 725.656 771.000 773.593 813.250 930.468 1023.875 1041.968 1054.375 1081.000 1104.218 1554.562 1959.000 2164.843 2291.125 2435.562 
-1208.782 -241.157 58.187 80.875 104.875 161.531 195.437 573.218 674.125 724.187 795.125 804.562 808.593 847.687 1014.062 1094.718 1124.718 2255.562 2761.531 3059.656 
-1110.063 52.250 58.437 78.468 304.906 475.468 521.718 631.406 708.281 752.750 756.968 798.125 890.218 965.312 977.781 991.468 1036.218 
24.062 160.187 322.593 352.750 475.781 541.000 622.937 858.468 1048.593 1095.500 1124.937 2681.875 2959.062 
210.281 250.000 279.187 291.125 300.375 507.718 511.843 540.375 1778.906 2179.968 3251.531 
-1027.782 -587.438 19.156 57.968 82.000 177.718 251.781 417.656 446.062 500.562 517.468 586.406 628.906 639.125 648.250 691.875 867.218 965.312 968.687 991.781 1084.625 1112.343 1136.250 1146.468 1434.968 2880.062 3668.156 3912.968 
23.750 156.812 212.875 228.187 289.906 463.000 540.375 544.187 578.437 600.093 695.406 767.000 773.718 794.000 841.281 852.937 874.125 1061.156 1110.093 1129.156 1718.218 2285.312 
-713.094 213.250 222.031 241.218 261.781 310.875 340.750 388.718 590.812 596.000 600.531 614.343 636.812 702.843 836.062 902.906 931.156 991.343 1031.500 1127.281 1146.718 1164.406 2608.406 3326.718 
-878.625 -202.907 47.375 150.343 200.031 251.062 294.187 333.843 350.250 408.437 410.500 417.593 441.593 468.250 511.656 607.156 633.562 773.781 779.312 791.593 808.156 852.812 858.312 874.187 900.625 907.125 967.750 989.125 991.750 1021.843 1124.781 1145.625 1157.250 2302.000 2746.875 
-896.282 55.562 102.812 172.812 277.500 344.687 460.312 503.781 522.500 548.687 596.843 648.468 777.562 797.500 1001.343 1036.875 1053.656 1070.968 1103.031 2453.343 2820.625 3888.500 
72.250 202.156 245.375 253.218 256.000 278.062 468.093 588.281 594.031 605.406 614.125 855.406 884.750 1040.187 1048.781 1136.906 1963.562 
166.906 279.718 295.281 345.906 422.031 478.781 541.281 545.750 590.375 599.906 728.468 751.437 774.093 783.437 832.156 874.187 991.531 1145.250 1774.375 2133.468 
46.656 51.750 57.375 138.500 323.968 390.468 463.031 467.375 471.156 500.687 507.625 652.343 900.343 1113.343 1125.468 1433.437 2227.843 
