23.156 308.281 517.250 576.718 736.281 756.593 816.843 835.937 889.250 965.937 995.406 1006.000 1020.375 1103.718 1128.312 1153.781 1159.437 1331.031 1371.750 1397.625 1416.812 1578.312 1587.750 1616.812 1636.593 1730.593 1802.812 1888.312 1922.437 2345.312 2791.812 
323.906 338.593 576.750 764.968 794.968 817.000 832.250 942.281 1007.906 1030.781 1060.375 1152.500 1182.625 1342.531 1368.968 1517.531 1559.781 1582.312 1623.500 1664.000 1686.187 1733.562 1757.218 1836.718 1853.781 1865.437 1896.000 2587.531 2938.218 3199.968 3440.093 3450.687 3466.593 
458.093 549.531 758.031 816.062 836.031 975.031 1001.812 1016.531 1027.437 1041.687 1063.562 1088.906 1138.625 1161.718 1191.562 1343.375 1403.593 1504.125 1524.437 1639.437 1698.468 1870.906 2242.343 2256.156 3935.031 
304.343 545.156 580.468 756.437 764.812 816.843 846.000 940.718 982.125 1039.437 1072.875 1125.812 1153.343 1170.093 1191.687 1248.937 1339.437 1371.812 1411.062 1494.781 1528.906 1566.250 1591.468 1613.812 1631.187 1658.281 1688.625 1724.843 1738.718 1751.906 1774.937 1911.375 1920.875 1970.468 2524.156 3209.562 3932.437 
25.406 278.625 291.843 317.375 421.093 539.718 736.781 755.843 767.656 815.718 851.562 915.093 970.468 981.312 993.468 1008.125 1041.687 1060.593 1134.968 1158.531 1408.656 1453.937 1518.531 1558.875 1598.812 1624.281 1638.593 1700.125 1724.906 1751.812 1769.250 1892.906 1911.375 2731.687 3247.625 3508.750 3610.937 3995.906 
24.187 261.656 506.937 720.718 759.531 810.125 841.875 901.156 936.875 979.468 1026.187 1047.500 1082.875 1105.625 1133.000 1157.312 1179.656 1206.343 1315.656 1358.250 1418.000 1517.312 1546.500 1646.593 1681.531 1703.937 1732.968 1758.968 1937.593 2250.218 2300.343 2587.125 2685.500 2965.343 3153.437 
270.718 291.156 315.812 546.562 577.218 736.750 762.125 816.375 834.906 905.937 925.218 992.718 1027.187 1048.062 1108.437 1124.000 1150.937 1203.750 1345.968 1408.093 1428.500 1518.781 1544.312 1591.968 1636.156 1657.562 1686.562 1721.937 1748.375 1761.968 1837.093 1857.156 1913.031 2606.843 2623.750 3273.156 3684.156 3936.593 
25.625 218.156 288.406 309.718 659.187 757.406 840.625 957.062 988.437 1002.656 1028.500 1047.500 1089.500 1129.343 1143.781 1164.687 1202.125 1402.218 1522.718 1545.343 1649.031 1677.187 1704.812 1721.531 1760.031 1853.906 
275.875 293.875 318.468 327.406 523.156 565.593 602.500 748.687 773.500 816.937 852.375 911.843 977.812 1066.218 1111.343 1147.593 1178.468 1317.156 1357.500 1494.843 1562.343 1594.093 1641.250 1684.625 1693.968 1728.750 1756.187 1773.718 1864.531 1881.593 1966.843 2452.437 2886.093 3230.343 3307.062 3339.250 3775.718 
25.656 68.187 281.718 325.562 522.718 554.875 738.093 764.875 825.406 931.125 994.125 1030.156 1041.875 1053.937 1078.843 1113.281 1124.062 1150.062 1165.531 1359.656 1534.968 1546.843 1562.906 1618.968 1678.437 1745.218 1771.562 1834.562 1853.906 1870.187 3468.093 3486.187 3501.843 
