22.625 99.718 268.593 467.218 711.718 752.562 1004.187 1143.500 1202.218 1315.875 1352.093 1382.937 1420.937 1463.187 1517.406 1533.812 1568.531 1737.906 1833.812 1900.093 1911.562 1931.750 1985.468 1998.531 2068.125 2114.531 2360.375 2403.937 2440.812 2517.093 3801.156 
78.906 687.375 984.593 1027.531 1126.218 1150.718 1172.562 1314.093 1341.218 1366.843 1425.687 1526.562 1568.031 1733.687 1759.687 1851.218 1888.062 1902.031 1921.125 1935.187 1956.656 2071.593 2128.281 2257.906 2370.468 2511.562 2536.656 
922.750 944.468 961.875 1028.156 1048.125 1126.781 1155.343 1177.593 1273.156 1312.781 1369.656 1446.750 1520.437 1545.062 1649.687 1669.062 1826.812 1862.750 1905.281 1934.343 1990.406 2096.968 2194.062 2284.531 2388.531 2409.906 2524.437 2562.375 3444.906 3562.250 3950.906 
186.343 320.500 609.125 690.156 739.468 747.468 822.187 859.406 929.500 999.375 1036.468 1096.718 1160.406 1339.156 1376.062 1406.562 1526.875 1573.281 1663.062 1820.562 1838.031 1900.625 1915.000 1953.562 1983.500 2070.375 2084.531 2133.500 2158.656 2223.687 2306.468 2374.687 2410.812 3733.031 3926.750 
424.343 466.031 818.000 865.500 972.812 1069.875 1157.343 1301.937 1368.218 1420.156 1557.031 1729.125 1847.031 1873.500 1926.781 1969.812 2062.687 2121.906 2142.468 2311.500 2378.500 2411.937 2515.875 3753.750 3774.781 
124.531 664.843 670.750 753.656 924.500 967.281 1015.375 1092.656 1127.875 1153.500 1311.687 1338.375 1375.906 1451.468 1519.937 1554.625 1760.062 1831.781 1877.062 1892.250 1900.375 1908.187 1928.500 1951.781 1977.437 2071.000 2076.281 2120.343 2300.593 2327.937 2406.062 2423.875 2828.812 3749.875 3770.250 
328.312 795.375 875.531 920.593 1027.000 1077.562 1128.218 1159.937 1215.468 1303.000 1337.468 1384.843 1412.625 1523.937 1735.656 1826.000 1900.593 1923.656 1984.906 2032.375 2068.468 2093.468 2127.875 2216.625 2260.812 2308.187 2332.656 2397.656 2440.625 2514.343 
353.187 515.937 679.375 705.093 806.187 934.031 996.531 1128.468 1156.500 1168.625 1187.562 1227.468 1262.687 1316.125 1346.000 1368.187 1397.500 1514.406 1542.781 1643.281 1664.531 1740.562 1835.593 1846.375 1900.906 1913.125 1988.375 2127.375 2146.812 2164.906 2204.062 2359.312 2383.625 2413.812 2451.843 2514.843 3073.312 3088.437 
99.781 575.125 693.375 783.906 832.625 929.062 962.625 1017.718 1059.750 1137.000 1162.562 1244.687 1326.437 1352.562 1394.343 1462.218 1517.500 1740.906 1780.375 1828.093 1856.187 1901.687 1920.343 1932.250 2018.406 2113.906 2124.281 2309.562 2390.343 2441.093 3635.750 
24.906 96.937 163.187 340.250 679.406 802.000 887.937 932.312 952.718 1006.875 1021.093 1038.250 1127.531 1346.531 1396.000 1419.000 1527.625 1559.625 1678.875 1858.875 1902.500 1930.093 1963.562 2004.250 2120.937 2305.187 2389.125 2423.375 2444.656 2513.312 2580.500 3365.468 3541.875 3559.125 3586.656 3905.750 
