16.687 50.343 168.968 236.843 882.937 1904.343 
26.250 26.531 28.062 90.906 281.687 340.531 436.000 578.812 837.000 931.312 976.312 1477.906 1696.687 1826.812 
26.187 36.500 92.062 116.437 281.437 844.562 856.781 1701.562 1904.875 
49.343 66.562 90.281 153.718 200.562 232.125 234.718 298.531 326.218 358.312 453.468 480.000 571.250 673.656 729.906 856.968 903.406 936.937 1154.437 1172.031 1258.750 1448.156 1699.156 1845.937 1867.406 1908.562 
53.218 55.875 118.406 279.687 355.531 504.406 583.500 758.906 862.718 1019.875 1485.000 
65.750 122.593 151.375 169.187 320.500 532.125 638.500 895.062 1025.875 1255.062 1345.906 1742.250 1901.625 
27.250 61.656 90.937 242.250 344.187 385.687 579.187 649.156 716.750 864.187 937.656 1050.062 1596.937 1742.375 1987.656 
26.093 27.250 116.343 171.375 223.343 231.125 360.531 437.250 579.593 581.750 716.781 763.468 803.468 859.062 902.687 942.968 981.500 1160.468 1280.000 1380.968 1405.937 1620.625 1825.875 1907.531 
44.625 63.531 92.000 115.156 115.875 126.187 150.031 280.843 317.437 340.718 531.281 573.937 600.000 646.125 784.031 852.468 858.625 901.343 971.906 1260.625 1479.500 1570.218 
124.906 237.750 357.531 379.812 507.125 575.656 680.875 718.312 922.843 1097.906 1164.093 1333.750 1481.875 1654.312 1807.906 1842.093 1910.093 
