19.531 23.125 50.687 108.656 124.281 155.843 164.000 175.031 214.750 228.187 249.531 350.625 364.562 366.531 407.218 459.687 492.625 494.031 494.281 494.968 625.593 651.875 655.937 711.343 731.500 809.500 850.000 972.593 974.156 978.375 998.937 1004.281 1004.937 1052.468 1093.437 1124.750 1159.437 1184.468 1187.156 1188.343 1246.531 1254.656 1300.031 1332.281 1333.125 1477.375 1633.968 1826.500 1849.531 1932.937 
56.500 56.906 228.968 273.781 494.968 501.687 619.593 686.656 764.656 933.062 946.750 1070.156 1183.468 1219.156 1220.031 1477.781 1622.031 1746.687 1821.875 3639.437 
14.062 52.343 104.687 121.375 194.093 271.843 299.562 310.531 331.687 494.343 555.031 751.187 765.656 890.281 1181.781 1201.312 1221.281 1300.437 1577.218 
26.812 70.968 193.562 221.562 222.125 232.125 249.281 309.000 311.562 313.062 336.937 345.375 362.937 402.656 403.937 405.750 557.468 558.218 611.406 671.781 739.375 851.468 897.343 918.062 973.093 973.468 1052.218 1088.500 1125.062 1202.093 1435.812 1760.031 1883.593 1885.875 3652.312 
15.625 25.500 27.562 28.312 54.031 124.531 207.718 213.781 216.125 244.531 350.187 351.687 352.531 387.093 404.250 534.218 558.125 558.406 589.312 732.406 752.000 765.031 881.406 978.437 1110.593 1122.718 1152.656 1401.906 1465.562 1478.187 1636.000 1822.093 1840.500 1866.156 
52.843 56.562 106.718 152.656 163.593 175.937 232.218 270.187 299.875 335.031 335.906 336.968 362.125 379.250 387.125 468.281 530.968 558.125 590.000 619.031 656.843 671.937 674.656 731.000 731.593 762.625 885.218 951.843 978.406 1086.000 1110.531 1183.000 1224.812 1256.593 1331.937 1338.125 1459.906 1478.343 1635.500 1637.125 1651.531 1666.437 1682.593 1732.218 1887.687 1928.281 1932.875 1933.968 
15.812 22.156 57.031 70.781 163.500 207.531 242.875 265.968 331.968 357.125 364.812 374.437 387.187 391.250 404.281 463.593 475.500 494.031 495.750 506.312 533.656 557.281 576.937 588.625 605.437 610.656 619.593 703.125 752.468 766.156 886.187 890.656 1052.500 1109.468 1115.250 1120.968 1125.843 1154.875 1155.843 1184.875 1202.406 1202.906 1245.406 1299.875 1302.031 1354.750 1396.937 1436.406 1654.062 1654.781 1667.375 1730.875 1743.968 1744.656 1747.218 1770.031 1866.000 1932.562 
23.000 51.125 52.156 52.500 73.500 74.375 74.625 105.437 117.937 119.062 151.656 193.562 203.937 221.968 234.000 272.375 359.218 379.312 462.843 488.531 492.000 533.250 554.750 669.562 686.031 702.781 710.125 755.687 763.906 845.281 851.468 852.531 889.250 896.750 973.875 976.031 1052.250 1090.156 1152.906 1230.156 1283.843 1354.468 1435.187 1436.000 1476.656 1480.156 1522.500 1525.906 1542.343 1582.250 1635.187 1744.406 1745.437 1820.218 1866.906 1922.531 1925.968 
25.531 52.125 74.437 190.968 195.218 207.062 212.781 218.843 231.218 255.281 300.281 320.093 342.281 374.500 469.625 472.281 493.406 558.375 583.906 606.312 610.531 621.781 631.375 701.218 704.218 778.437 847.500 891.687 928.125 946.843 979.187 1008.812 1053.000 1085.250 1110.437 1113.812 1125.093 1214.656 1223.281 1255.125 1256.187 1300.031 1329.625 1338.968 1343.187 1405.562 1410.968 1477.968 1578.062 1601.468 1635.250 1638.750 1645.375 1652.500 1731.562 1840.562 1867.718 1885.843 1921.000 1929.781 1932.437 1968.937 3119.156 3137.875 
23.562 51.906 56.968 88.843 104.750 106.781 119.968 150.718 153.187 163.281 175.531 194.812 342.062 358.156 365.843 378.718 387.437 403.437 414.687 428.875 429.562 458.406 471.593 562.093 620.750 623.500 658.500 686.187 737.093 781.187 783.250 805.218 831.437 833.000 890.687 927.187 974.468 975.687 998.562 1049.812 1111.156 1184.406 1223.906 1245.968 1328.500 1420.406 1428.343 1434.781 1461.593 1478.281 1603.781 1606.156 1666.343 1745.593 1759.250 1835.875 1867.062 1920.218 3361.656 
