43.250 44.593 107.812 266.750 369.843 372.000 467.312 609.000 609.250 679.031 717.718 898.375 919.000 943.593 1015.812 1119.406 1160.781 1163.593 1188.875 1218.281 1223.968 1254.281 1359.343 1374.000 1416.531 1431.843 1467.187 1498.281 1654.500 1661.843 1787.156 1797.156 1898.031 1935.000 1935.500 1973.937 1999.937 2003.562 2018.031 2373.125 2797.062 3146.218 3197.531 
13.937 23.281 45.406 107.187 123.125 234.906 267.250 270.125 270.375 278.437 369.812 374.343 468.187 509.812 676.093 715.218 913.718 951.500 1095.906 1223.562 1256.062 1373.375 1460.718 1707.687 1738.281 1929.812 1936.312 1940.468 2002.531 2209.906 
22.562 110.718 206.968 265.500 266.125 271.687 373.875 468.343 535.281 548.531 587.375 610.687 674.250 678.031 715.156 717.000 912.031 914.406 915.843 952.218 1172.968 1190.718 1218.406 1220.718 1310.531 1357.937 1360.562 1462.968 1661.093 1998.968 2004.500 2018.343 2043.500 2149.218 2878.781 2884.031 2900.562 
44.593 47.281 107.312 113.343 156.437 231.562 272.781 512.937 517.187 675.000 714.031 941.312 942.781 948.687 950.968 951.468 953.281 975.812 1190.250 1219.187 1256.843 1355.562 1358.187 1402.062 1623.312 1655.250 1662.406 1829.968 1892.500 1931.062 1957.593 2007.500 2008.781 3076.250 3499.656 
109.312 110.343 131.968 205.406 368.500 369.781 370.437 511.281 517.875 611.687 647.156 719.718 915.968 941.781 943.937 946.781 954.906 1037.531 1206.843 1219.031 1219.562 1223.281 1259.406 1359.312 1424.437 1464.531 1653.500 1931.125 2005.125 2022.875 
62.562 265.500 276.437 373.000 374.281 713.312 791.500 912.375 916.062 1095.281 1190.125 1260.625 1355.312 1360.531 1666.062 1730.187 1891.906 1930.812 1997.406 1998.625 1999.187 2000.968 2016.843 2884.812 2891.906 3012.281 
19.593 47.593 119.937 156.562 266.937 367.468 371.656 472.156 517.000 612.437 674.718 790.656 945.156 947.406 949.187 951.468 953.625 1016.062 1016.875 1051.687 1155.531 1224.062 1357.062 1403.343 1498.625 1660.218 1675.000 1712.312 1726.781 1796.156 1803.750 1893.531 1930.500 1931.937 1933.000 1936.281 2004.062 2009.750 2014.375 
16.875 61.156 197.968 270.000 276.750 287.875 369.718 429.312 511.937 512.281 535.125 536.812 584.500 586.062 673.468 916.718 1186.937 1191.625 1217.781 1226.218 1256.468 1315.437 1417.343 1461.500 1660.031 1678.781 1796.562 1827.687 1890.875 1931.656 1934.375 2001.031 2003.812 3859.437 
18.031 46.718 63.625 175.968 207.500 271.968 511.500 517.656 536.656 611.093 915.500 952.437 954.156 1186.031 1219.343 1226.468 1311.843 1356.281 1360.656 1420.968 1535.593 1623.125 1800.500 1836.281 1932.343 1998.125 1999.031 2014.375 3050.312 3326.406 3566.468 3676.437 3842.968 3988.468 
16.000 46.531 230.750 265.593 269.437 274.843 276.375 372.968 512.031 519.093 553.656 582.625 676.718 714.250 714.781 715.812 916.750 944.906 951.500 1014.375 1053.750 1096.437 1185.781 1255.906 1372.062 1416.531 1624.406 1652.062 1660.718 1761.875 1789.906 1999.375 2026.312 3723.093 
