-459.032 249.843 320.000 337.718 416.625 525.718 601.750 854.531 2934.906 
-258.438 433.062 914.093 1491.062 1814.468 2054.000 2690.062 2753.062 3837.937 
728.781 916.312 2494.937 
-1623.219 -1442.657 -1145.907 -797.813 7.437 25.593 244.937 649.750 1165.531 1168.468 1203.750 1325.281 1797.687 3331.062 3376.750 
-1596.594 -1537.313 -916.907 10.187 135.375 566.593 987.937 1555.250 1923.437 3122.531 
-447.125 7.093 41.593 901.625 1431.562 1714.968 1794.000 1847.968 
835.375 1908.687 
48.687 429.406 1307.187 1813.500 1954.937 2699.281 3670.406 
-1863.907 -1583.188 -404.032 176.281 252.781 763.093 834.218 919.812 1236.437 3367.000 
230.218 353.562 1159.875 1400.468 1648.781 2012.281 2063.437 2982.843 3514.218 
