17.031 17.718 164.531 217.093 276.750 632.187 672.843 709.656 750.687 809.125 965.406 983.125 1191.937 1517.218 1637.562 1655.468 1721.843 1747.531 1827.468 1896.875 1913.312 
93.687 305.656 633.968 697.531 767.562 846.750 1192.562 1251.406 1344.281 1400.781 1494.250 1569.906 1826.437 1831.406 
20.156 38.000 112.437 182.000 805.687 945.375 965.593 1360.218 1879.281 
33.468 53.593 57.093 206.687 218.437 277.312 444.593 470.875 539.531 722.406 828.718 1024.343 1268.125 1285.843 1387.031 1655.687 1809.062 
15.531 22.937 97.468 215.656 271.875 273.281 408.093 561.562 576.375 719.843 890.687 1007.843 1114.437 1230.562 1285.531 1360.406 1360.843 1494.156 1638.375 1655.343 1721.062 1774.593 1829.000 1898.343 
15.593 15.781 24.218 27.625 73.531 81.125 271.906 276.875 294.468 379.062 468.375 470.593 561.437 599.156 902.000 906.718 1084.156 1230.531 1314.343 1419.718 1495.468 1593.343 1639.187 1794.750 1828.843 
75.875 144.593 215.281 633.906 745.875 828.500 1094.281 1286.312 1361.625 1426.968 1493.843 1583.562 
17.281 90.312 145.875 447.250 722.906 846.843 964.218 1380.843 1428.093 1714.187 
18.812 163.906 407.031 563.187 647.968 745.500 795.187 805.625 1327.468 1494.281 1517.406 1593.437 1594.000 1829.812 1851.437 1899.531 
17.000 243.468 319.343 513.218 717.906 745.062 893.062 944.437 1112.156 1270.531 1426.687 1455.687 1494.031 1592.625 1653.781 
