43.843 126.500 146.562 337.250 480.375 650.500 1101.218 1162.156 1290.593 1829.750 1840.250 1854.218 1862.468 2095.250 3474.156 3704.125 
339.218 642.343 658.187 709.343 738.906 833.343 926.906 1068.593 1075.593 1175.687 1191.250 1789.687 1802.625 1938.531 2545.531 2679.250 
127.218 188.187 351.781 433.000 715.781 748.000 760.437 762.281 936.812 1270.687 1323.875 1572.750 1693.718 1840.593 1883.000 1926.687 1980.937 2236.750 
123.281 136.156 223.906 336.437 352.031 411.031 606.000 714.375 770.968 1297.218 1489.843 1980.593 
278.843 339.500 402.968 481.812 704.687 714.593 1070.406 1082.625 1306.656 2358.406 
152.468 280.000 338.687 469.218 740.812 742.750 771.375 830.812 863.781 1275.218 1490.437 1826.218 
145.968 709.843 715.343 743.156 771.531 894.937 1307.343 1861.812 2845.187 3796.468 
25.000 291.875 337.187 351.062 657.656 709.500 1074.531 1252.968 1306.875 1320.437 1870.687 2104.500 
109.968 144.875 336.468 346.312 658.687 772.562 1075.281 1873.531 3078.781 3526.250 
338.812 707.375 743.156 949.562 1073.500 1269.500 
