69.937 152.750 205.812 242.500 307.468 395.156 407.156 622.125 625.750 771.875 792.218 929.687 1077.781 1102.500 1184.437 1238.468 1444.593 1465.812 1659.125 1710.750 1926.531 2843.687 2924.781 3483.593 
620.031 708.468 1017.500 1184.687 1240.312 1450.218 1704.562 1924.125 1973.250 2554.500 3381.312 3957.375 
121.125 202.500 321.875 791.312 918.625 1184.250 1237.687 1239.375 1455.218 1576.187 1698.875 1957.781 2516.125 
4.531 152.312 203.750 586.562 875.281 929.718 943.500 1175.843 1465.125 1472.687 1576.531 1797.062 
75.312 374.906 902.375 1238.093 1796.937 2380.906 3029.781 3269.781 3530.437 
73.312 290.656 306.718 676.718 766.562 1146.125 1177.468 1959.781 2822.218 3080.468 
35.812 72.812 75.500 118.687 243.593 326.718 412.000 1080.687 1179.968 1238.843 1542.593 1934.531 1942.437 1958.031 2377.500 2681.031 
120.875 211.312 419.375 902.406 941.656 1109.968 1175.500 1240.218 1444.000 1464.250 1575.937 1918.875 1938.093 
144.937 187.375 620.250 620.468 901.187 919.875 1177.937 1832.375 
308.125 404.437 587.375 621.656 791.687 920.281 1094.781 1105.593 1176.250 1485.500 1539.093 1577.531 
