17.250 19.593 21.062 51.687 123.500 125.812 250.093 253.125 321.593 532.531 604.312 644.468 653.468 739.437 741.531 768.781 770.656 823.625 826.218 889.218 904.937 1010.093 1013.968 1082.593 1093.843 1236.125 1402.531 1426.625 1428.406 1661.312 1732.718 1845.625 1848.687 1925.593 1927.562 1967.500 1969.031 2348.781 2895.125 3592.062 3762.312 
31.000 57.531 59.906 125.687 127.500 250.156 252.593 313.812 320.906 486.781 603.281 605.843 648.250 650.562 655.593 740.312 769.750 771.750 828.781 905.500 907.906 1074.250 1089.750 1230.562 1232.875 1371.750 1404.218 1407.437 1576.406 1717.875 1719.625 1722.250 1844.468 1846.312 1927.500 1929.468 1968.843 1970.906 3643.812 3799.625 
21.500 64.500 122.562 124.656 127.906 245.781 313.937 323.406 408.093 466.468 476.812 604.968 607.093 644.000 646.812 742.187 772.281 827.906 887.437 908.406 1009.937 1087.343 1242.312 1353.843 1416.562 1420.062 1721.468 1725.250 1846.750 1849.250 1928.968 1968.250 2246.750 2519.562 3327.843 3549.906 3552.593 
21.843 46.562 62.656 66.593 123.093 126.562 185.562 244.812 254.718 323.500 409.875 524.000 606.468 651.468 655.843 740.406 769.562 893.718 896.968 949.468 995.187 1014.093 1083.156 1232.718 1273.718 1366.937 1419.375 1547.843 1724.218 1726.125 1750.093 1850.875 1930.125 1971.375 3673.312 3825.625 3870.250 
19.250 22.187 60.187 64.468 66.812 123.812 127.750 159.906 247.906 254.281 314.250 316.625 394.750 467.875 480.250 606.187 609.031 654.437 742.093 745.468 773.343 777.000 834.593 903.531 1010.843 1013.531 1080.718 1098.812 1236.218 1238.437 1411.500 1431.968 1434.812 1497.406 1515.500 1581.093 1720.500 1722.531 1846.500 1849.875 1926.750 1929.125 1970.312 2372.125 2478.218 2578.500 2890.656 2948.843 2951.875 3407.437 3847.343 
18.406 21.750 44.625 63.093 67.406 124.468 126.281 130.750 250.687 254.750 315.750 318.812 465.843 468.156 521.375 606.031 609.281 651.625 654.218 741.875 773.187 775.656 831.718 890.968 901.843 941.250 1081.875 1084.343 1088.781 1237.906 1240.750 1371.468 1416.687 1500.312 1519.406 1577.718 1684.312 1718.406 1848.093 1926.687 1928.812 1969.000 2044.281 2462.500 3116.500 3763.718 
19.062 21.437 42.500 47.093 66.718 124.375 126.781 250.375 252.687 313.593 316.625 401.875 478.593 604.843 607.031 651.125 653.531 742.093 770.031 773.562 894.843 900.312 1076.625 1082.375 1232.375 1234.343 1354.281 1356.531 1416.093 1423.906 1494.031 1729.062 1752.656 1793.375 1847.812 1850.781 1931.281 1934.406 1971.281 2109.187 2678.812 3594.875 3599.062 3622.312 3912.437 
19.187 22.750 50.875 68.375 123.750 126.437 202.031 251.000 254.031 319.406 402.468 480.906 605.218 607.343 651.718 744.093 772.968 822.906 893.812 905.250 1012.062 1016.437 1084.437 1096.593 1236.062 1239.031 1408.156 1427.781 1431.000 1490.312 1492.906 1673.718 1721.937 1724.062 1754.656 1794.656 1850.281 1925.687 1970.531 1973.625 2678.218 2892.312 3200.156 3279.718 3282.062 3663.656 3897.687 
31.375 64.781 66.781 124.625 128.968 235.375 318.375 467.281 606.781 650.531 654.718 742.281 774.437 776.375 822.125 900.250 906.031 1008.968 1010.937 1078.031 1093.750 1097.156 1230.531 1233.531 1273.406 1428.250 1430.656 1494.437 1722.218 1725.906 1848.281 1851.437 1928.000 1930.718 1968.625 1971.125 2171.937 2202.843 2517.093 3579.468 
24.250 64.625 124.593 126.500 247.312 316.906 400.937 448.843 531.187 605.968 608.250 644.375 742.625 745.906 773.343 889.781 891.781 949.000 1003.531 1085.031 1088.750 1094.781 1235.218 1237.750 1412.062 1415.281 1431.125 1501.906 1665.156 1723.500 1727.125 1764.000 1847.750 1851.187 1930.562 1968.781 2239.468 2949.000 3287.062 3567.031 3952.343 
