23.437 25.781 66.187 113.187 116.593 221.781 313.906 316.781 416.750 424.156 509.000 578.781 622.093 632.593 638.906 684.375 775.281 889.968 891.937 908.500 1000.906 1035.781 1039.468 1109.656 1112.343 1230.375 1237.781 1263.562 1302.031 1362.937 1365.656 1464.750 1520.156 1522.656 1620.593 1622.375 1713.875 1717.781 1809.843 1934.562 1990.031 2028.781 2522.187 2639.156 2820.718 3242.687 
22.843 28.187 63.343 104.593 109.562 119.843 149.000 228.750 302.718 317.968 321.000 413.687 416.156 506.093 508.000 626.281 629.968 776.437 838.812 841.281 892.218 894.000 980.500 1034.281 1106.218 1109.437 1229.437 1231.875 1235.312 1267.593 1359.062 1360.968 1521.062 1523.062 1620.187 1621.906 1682.406 1713.531 1715.312 1819.968 1822.625 1933.625 1936.906 2036.250 2038.812 3844.312 
24.093 25.781 27.781 68.156 110.093 118.000 153.343 218.718 317.000 506.843 511.531 623.718 625.406 715.125 775.343 890.718 892.656 1042.281 1045.562 1106.781 1110.531 1131.250 1190.750 1264.750 1359.562 1361.281 1524.000 1527.375 1615.781 1620.687 1715.906 1745.718 1815.125 1818.750 1949.406 1952.875 2198.531 2233.562 2935.281 3561.906 3932.500 
23.937 111.531 116.906 218.468 313.968 414.875 417.625 503.781 511.718 628.625 630.750 638.375 712.843 769.000 776.187 892.531 1035.875 1039.906 1107.718 1231.656 1306.750 1359.718 1464.781 1524.062 1619.687 1698.750 1720.343 1811.125 1935.031 1986.781 2032.625 2617.093 2652.375 3071.531 3574.781 3766.906 
23.812 25.562 28.218 118.250 121.906 158.593 217.375 317.093 414.656 507.656 528.750 628.250 630.843 636.281 773.218 775.500 840.875 896.218 904.156 1043.625 1108.375 1110.406 1134.312 1237.281 1262.968 1360.812 1364.000 1525.437 1529.437 1619.093 1661.687 1723.875 1818.406 1945.906 1993.812 2496.906 2500.218 2739.437 2820.281 2928.031 3428.625 3869.781 
22.968 25.937 30.000 109.250 122.343 203.906 223.968 262.343 317.875 320.562 407.281 411.187 506.875 509.593 529.531 629.437 632.062 636.500 690.312 716.812 771.968 774.125 843.062 846.937 902.000 903.968 1041.718 1045.562 1107.156 1110.031 1195.625 1233.250 1260.750 1359.968 1362.062 1413.718 1463.875 1524.781 1527.531 1619.500 1621.906 1722.468 1724.781 1753.625 1812.625 1814.781 1850.531 1937.625 1947.343 1949.843 2972.000 
23.531 26.468 69.781 118.156 224.312 313.125 316.375 388.531 503.500 506.250 631.218 634.031 709.812 774.906 777.843 840.218 845.781 899.906 903.437 998.062 1040.562 1112.500 1115.625 1196.937 1200.343 1230.625 1264.562 1310.625 1359.718 1525.656 1529.593 1621.125 1623.125 1670.843 1722.093 1726.718 1811.843 1815.562 1945.437 1948.562 1993.406 2042.531 
24.562 30.031 112.562 115.375 218.468 223.000 316.093 320.156 506.125 515.468 629.156 633.656 637.781 696.468 772.968 775.750 841.687 844.500 893.093 906.937 993.312 1048.812 1108.250 1111.468 1234.406 1264.062 1300.562 1304.781 1349.156 1466.500 1619.968 1621.812 1711.562 1716.250 1819.812 1822.000 1939.187 2608.250 3935.468 
24.937 29.781 64.437 116.656 210.250 222.500 319.875 323.531 422.375 509.093 513.062 630.437 646.000 717.625 774.531 777.062 847.718 901.906 904.500 993.093 995.718 1039.718 1110.343 1112.593 1192.468 1227.406 1361.562 1363.937 1466.156 1525.093 1527.625 1620.375 1715.625 1720.375 1820.062 1951.218 2026.281 2281.187 2303.437 2630.500 3136.343 
24.093 28.062 32.718 106.593 122.250 128.093 151.406 223.062 308.312 419.812 504.968 508.187 539.093 627.875 630.531 773.093 775.937 844.093 892.281 900.000 986.937 1046.218 1109.468 1111.500 1163.000 1239.156 1265.062 1361.500 1364.375 1528.156 1530.218 1619.812 1621.718 1713.937 1717.093 1818.218 2035.343 3079.187 3793.281 3818.156 
