-1215.407 -1176.219 -1135.032 71.562 96.781 123.656 223.625 278.593 451.937 506.375 531.687 888.968 900.125 1025.000 1727.343 1808.187 2304.718 2634.468 
-1792.000 -1772.969 -1331.938 -1311.719 -1014.844 -659.719 -569.000 -560.344 59.125 121.843 142.031 200.656 220.656 267.593 268.500 324.562 562.125 641.937 843.781 1795.062 2153.093 2468.437 2716.375 3094.593 3109.000 3520.656 3544.468 
-1723.719 -1648.313 -1631.000 -828.782 -802.219 -740.407 -719.375 -704.438 83.812 105.406 116.968 147.718 208.250 312.312 352.187 516.875 743.375 819.125 954.656 1314.312 1595.093 1704.156 1722.906 1785.750 1813.906 1972.156 2067.218 2082.625 2099.875 2626.031 2895.437 3260.687 3270.906 3279.750 3389.156 3711.906 3969.937 
-1518.500 -1067.344 -50.594 -46.907 135.000 227.906 260.093 338.781 514.312 611.125 1103.000 1318.812 1821.000 2953.843 3233.687 3813.062 
-1919.219 -1029.563 124.937 150.593 264.000 477.000 505.968 1463.968 3084.156 3107.687 3127.312 3618.312 
-1277.407 -1267.063 -1005.750 -48.094 85.062 104.125 154.812 203.312 232.781 270.718 288.281 480.343 501.187 515.750 623.187 694.718 811.031 996.406 1270.031 2643.937 2841.093 3802.093 3873.562 
-1529.250 -504.938 401.531 428.937 457.187 1041.500 1342.750 
-529.532 -391.282 95.593 119.281 136.125 225.250 363.031 426.187 708.718 812.156 1149.937 1807.437 2082.656 3548.718 
-1672.500 -1649.657 -1620.313 116.843 220.093 1782.187 2110.312 3984.531 
-1937.032 -1783.719 -1468.094 -763.719 383.718 3739.031 
