-1187.625 -1117.219 -106.907 55.062 445.531 581.906 730.062 990.906 1269.875 1639.562 2069.000 2093.000 2820.687 
-1861.219 -1054.563 -770.875 -717.438 -284.407 198.593 821.968 1538.656 1680.593 2068.281 3054.562 3728.156 3848.375 
-904.532 -893.125 -871.938 236.000 342.906 430.718 541.250 599.375 633.031 671.406 744.656 819.562 1005.343 1045.656 1259.625 1309.656 1344.531 1594.343 1857.406 2663.625 2683.750 
-1547.313 -1282.282 -645.125 150.468 235.906 272.281 291.218 354.937 371.500 593.343 675.718 732.031 991.593 1252.187 1555.281 2037.687 2845.406 2871.406 3694.562 3705.406 
-1131.250 -844.938 3.125 19.906 253.968 368.062 504.500 548.593 601.343 681.437 847.625 903.656 1084.750 2055.937 3025.906 3044.156 3668.406 3838.625 
-1873.125 -793.469 -394.813 347.843 374.531 489.593 737.031 895.343 1283.937 2072.593 3030.000 3236.718 
-702.157 -266.438 -257.657 88.843 181.125 337.125 408.937 604.562 1301.593 2949.156 
-1389.844 -606.032 -575.469 148.843 299.093 478.843 760.718 894.781 1005.781 1244.531 1920.062 2623.812 3698.468 
-1395.438 -942.938 -255.438 109.156 181.843 541.250 602.000 651.843 815.781 837.593 942.437 2799.843 
-173.688 -149.750 124.281 383.531 447.031 591.312 826.093 870.500 1214.500 1663.218 1798.531 1848.500 1941.093 
