112.343 117.281 120.250 133.906 138.656 164.156 170.531 192.312 434.718 648.656 784.781 808.593 903.625 1064.218 1112.781 1118.250 1171.468 1407.625 1409.531 1412.531 1564.968 1725.781 1733.000 1738.437 1810.406 1851.812 2002.250 3292.625 
104.875 117.906 122.687 123.843 126.593 160.468 226.968 270.406 383.906 404.500 426.468 444.843 513.625 635.687 822.968 849.812 1063.562 1161.687 1256.375 1352.500 1365.625 1370.312 1752.437 2568.500 2997.937 3004.187 
150.968 164.968 539.968 587.781 799.375 925.781 1160.687 1216.812 1415.937 1626.187 1712.093 1807.468 1824.312 1829.156 1833.593 1869.312 3198.468 3424.937 3559.906 3704.156 
120.281 121.843 153.093 204.406 397.218 528.156 771.218 801.406 907.250 914.281 919.031 1055.906 1061.156 1153.437 1209.593 1382.843 1521.062 1743.593 1763.250 1827.093 1829.843 1839.875 2956.687 
135.281 315.375 350.500 406.031 571.656 799.781 801.812 822.937 905.968 916.406 1126.625 1412.218 1731.218 1743.062 2229.656 3113.093 
35.125 124.062 125.062 163.000 322.093 361.125 792.281 913.281 1047.062 1411.031 1510.656 1838.906 1995.437 2284.531 
130.281 130.750 157.968 159.156 383.125 384.937 515.750 845.625 900.718 1048.937 1231.937 1747.781 1839.375 2140.500 2148.781 
126.937 130.187 398.062 641.468 850.375 967.468 1415.687 2027.031 2419.812 2423.187 3129.718 
107.187 136.437 267.187 1259.718 1660.218 1714.906 1752.625 2887.750 3069.250 
123.312 161.312 178.968 400.687 3293.843 
