37.156 117.125 120.343 170.062 171.937 173.968 244.406 272.156 273.406 289.093 296.125 298.500 324.343 338.875 415.875 446.625 467.968 490.093 528.250 582.187 718.562 732.843 754.781 774.156 783.593 823.406 917.656 947.312 1213.718 1241.062 1277.375 1376.906 1388.656 1397.125 1406.125 1607.843 1622.531 1749.406 1783.531 1897.906 2185.875 3249.906 3254.781 
35.343 43.156 76.062 304.593 320.218 325.968 368.343 415.187 517.468 586.156 731.406 740.718 940.500 946.343 1037.218 1218.937 1240.156 1275.593 1282.812 1412.187 1625.156 1638.218 1684.593 1714.468 1731.125 1734.843 1746.750 1877.500 
33.562 44.781 177.031 199.093 235.968 289.906 319.812 322.125 371.593 439.187 484.187 503.000 518.218 530.937 749.937 807.562 1184.968 1202.500 1251.687 1292.843 1380.250 1636.062 1787.062 1879.812 1981.343 1984.156 2039.781 2556.812 
71.781 74.437 119.093 121.937 321.187 439.781 523.250 539.562 574.187 594.031 748.875 830.937 1268.937 1371.687 1412.406 1606.406 1688.187 1882.062 3081.875 3093.937 3726.187 
120.437 223.375 274.906 313.562 326.125 335.906 371.937 534.812 586.625 735.843 741.937 811.937 981.500 1241.156 1258.531 1271.843 1297.531 1364.968 1630.531 1672.062 1688.656 1741.562 2438.656 2539.593 2679.656 2682.437 2686.718 2798.625 2921.031 3000.875 
34.156 42.656 251.718 256.812 275.500 288.468 318.375 325.437 353.093 482.406 750.500 757.593 942.468 1209.156 1244.187 1290.437 1617.250 2756.281 3356.250 
127.562 321.375 346.593 362.468 377.125 503.843 542.875 729.218 733.500 736.968 1416.843 1515.875 1796.750 1847.750 1888.625 1941.406 3132.500 
127.250 136.250 291.437 314.625 1276.906 1289.281 1649.656 1768.000 3210.687 3743.937 
116.687 294.062 324.468 504.500 754.437 983.093 1249.156 1372.500 1411.687 1658.656 
35.781 256.500 291.093 308.562 535.718 754.218 1334.437 2701.281 3648.500 
