19.562 56.687 77.531 95.125 112.718 140.343 191.718 255.625 323.156 389.406 403.843 429.062 559.093 794.281 824.187 904.343 937.656 1077.625 1108.656 1161.906 1404.781 1739.937 1879.812 1963.812 2507.968 
75.781 114.656 137.218 145.312 219.312 286.375 318.000 489.968 555.093 724.187 812.687 848.875 1246.250 1250.187 1466.218 1705.000 1712.625 1741.812 1746.937 1764.593 1819.343 1990.906 
56.562 78.375 226.437 324.312 387.687 491.281 794.781 849.062 1376.343 1637.656 1764.906 
19.187 72.062 115.062 134.406 658.000 744.750 931.125 1065.125 1170.312 1243.125 
19.625 403.093 1074.062 1321.218 1374.781 1459.656 1761.531 
-423.407 19.312 211.718 322.156 651.812 793.593 819.750 1182.781 1556.406 1583.031 1891.156 1977.281 3223.531 
26.687 110.968 184.906 272.125 321.593 388.218 391.937 444.312 531.406 964.562 968.750 1116.375 1169.531 1364.843 
-1671.094 24.406 160.968 169.093 219.312 222.718 265.968 354.093 720.093 916.406 1116.468 1247.031 1316.468 1365.437 1742.281 1811.531 1980.156 
17.093 17.562 26.437 56.968 76.875 114.812 139.156 160.500 222.437 322.062 432.375 577.593 726.468 868.687 870.187 1228.375 1250.250 1601.156 1633.218 1703.687 1737.750 1738.781 1972.718 1989.781 
45.906 77.125 78.093 117.187 199.781 226.437 257.812 303.718 333.656 406.281 509.937 636.093 654.062 702.062 765.437 968.906 995.875 997.593 1020.187 1218.031 1314.031 1324.000 1376.125 1473.250 1560.312 1593.218 1668.500 1703.937 1835.750 1940.656 1972.625 
