31.156 208.218 886.250 1295.875 1510.781 
17.156 48.750 63.562 72.093 156.656 329.843 330.781 888.750 956.750 975.000 980.281 1006.062 1510.781 
31.875 43.843 73.687 91.312 379.187 846.375 877.625 968.687 1096.750 1392.281 1419.500 
19.125 20.156 56.718 61.406 72.218 82.187 350.937 366.187 586.343 965.937 999.312 1396.437 1398.312 1412.812 1495.906 
184.968 379.718 1262.531 1326.093 1545.375 
73.750 82.187 158.906 175.187 380.500 575.687 608.250 752.000 853.625 1024.312 1667.656 
18.625 174.531 635.656 994.500 1003.875 1131.250 1375.500 1497.750 1530.593 
32.343 161.156 608.750 619.906 753.687 782.062 800.625 865.187 890.531 991.593 1003.312 1280.312 
31.250 42.500 46.843 155.968 186.781 357.906 554.937 586.437 650.562 754.812 942.187 1013.187 1015.906 1295.531 
30.562 51.125 197.656 481.218 489.562 497.156 608.968 619.875 798.468 834.156 841.656 866.468 1000.187 1331.312 
