-1948.750 -1933.657 -1928.563 -1908.375 -1626.125 -1473.844 -1381.500 -1341.407 -905.875 -898.188 -897.094 -895.188 -885.813 -880.782 -162.000 -0.563 59.250 101.937 105.437 107.375 111.281 122.718 125.906 160.312 165.687 479.218 673.625 704.375 733.531 737.437 738.531 746.656 844.531 1061.468 1063.468 1064.750 1074.062 1128.093 1188.406 1189.406 1189.750 1206.156 1482.937 1509.781 1841.812 2006.093 2202.812 2517.468 2550.718 2765.375 2915.843 2958.343 3001.812 3008.031 3014.375 3014.937 3019.250 3224.343 3452.187 3617.968 3634.062 3639.406 
-1680.719 -1523.719 -1517.375 -1515.688 -1484.813 -1482.907 -1482.157 -1393.438 -1362.219 -1186.688 -1172.344 -947.688 -939.375 -933.219 -898.625 -884.719 -876.375 -621.813 -471.969 -465.032 -462.875 -456.344 54.156 67.000 69.656 77.437 100.875 107.250 107.937 110.281 113.406 136.750 189.593 222.250 227.187 398.312 441.281 492.062 585.656 1064.843 1310.750 1472.781 1517.406 1542.281 1546.125 1557.531 1564.906 1567.468 1569.000 1575.875 1581.312 1582.500 1588.312 1591.000 2044.125 2060.281 2076.156 2094.062 2118.250 2121.187 2207.781 2783.218 2825.781 2841.750 2859.531 2889.656 3315.031 3334.625 3346.312 3347.281 3368.000 3377.625 3403.375 3419.218 3466.875 3646.031 3676.250 3875.312 3881.812 
-1894.719 -1872.094 -1111.032 -1107.782 -522.407 -372.969 -348.032 338.187 340.437 346.187 390.250 465.468 885.781 1004.781 1006.843 1008.125 1010.781 1013.062 1051.656 1382.187 1402.218 1405.093 1407.812 1424.250 2096.812 2104.031 2112.906 2630.093 2671.343 2672.593 2680.968 3383.000 3439.437 3484.437 3925.937 
-1482.032 -1474.750 -1463.782 -1450.875 -1440.625 -1005.157 -967.469 -966.000 -949.532 -947.375 -644.313 -487.375 -476.000 -397.750 16.406 78.562 85.531 598.125 1301.906 2881.656 3000.250 3004.406 3015.375 3018.281 3021.593 3062.156 3784.062 3806.906 3830.718 3923.468 3925.187 
-1635.844 -1585.094 -1097.438 -1025.250 -1017.563 -1014.157 -992.844 -981.719 -397.907 -392.563 -300.532 -91.157 70.656 297.187 499.406 573.937 590.406 1428.437 1444.968 1445.437 2111.843 2128.031 2156.343 2803.125 2924.625 2986.750 3006.218 3010.000 3504.843 3954.406 3956.187 3957.187 3975.500 
-1863.844 -1625.125 -1569.313 -1554.532 -1553.657 -1505.938 -1081.000 -1079.032 -1059.313 -839.313 -512.375 -507.063 -493.594 -485.594 -158.125 -144.938 -104.032 286.093 332.031 781.656 787.593 792.656 1095.625 1123.812 1138.906 1160.625 1338.375 1343.000 1853.968 2488.468 2505.500 2531.312 3272.250 3792.250 
-1779.313 -1550.813 -1538.969 -1086.563 -1076.782 -903.969 -483.719 -474.032 -468.719 -463.407 535.718 670.500 679.906 681.250 685.906 740.500 1485.500 1491.218 1492.468 1495.562 2362.906 2392.156 2393.843 2967.312 3106.875 3112.250 3499.562 
-1365.844 -1354.000 -852.313 -850.125 -849.313 -846.282 -844.188 -832.969 78.156 82.031 84.312 85.000 89.593 119.218 598.062 602.343 603.593 605.156 610.250 618.718 634.406 1545.500 1581.843 1588.281 1589.906 1592.656 1986.375 2002.156 2006.531 2007.218 2008.812 2011.062 2011.531 2033.687 2387.093 2395.718 2399.906 2410.718 2419.468 3393.125 
-1330.532 -600.969 -600.563 -592.969 -560.375 -557.813 111.218 123.375 299.125 994.406 1000.125 1003.375 1009.156 1013.843 1520.437 2285.656 2857.906 2861.343 2869.375 3172.718 3925.156 3945.468 3948.343 
-1565.188 -1469.250 -922.750 -801.125 -543.563 -493.469 -454.313 -244.157 -240.907 130.687 221.812 621.281 1198.562 1252.593 1255.562 1261.375 1265.468 1269.937 1271.906 1308.406 1948.187 2339.156 2340.812 2351.281 2354.937 3122.718 3130.625 3444.562 3981.375 3987.875 3988.125 
