-1800.657 21.156 33.875 44.250 110.625 168.812 180.968 430.500 550.406 733.968 796.000 1297.062 1299.187 1459.125 1502.812 1769.218 2001.343 2230.031 2239.656 2247.218 2422.531 3719.750 3983.218 3994.687 
-1258.469 -953.532 -264.344 41.906 160.781 290.812 328.843 536.406 737.125 801.625 1047.593 1165.562 1255.406 1305.718 1454.343 2333.812 
-1860.219 -1101.250 -505.969 20.187 22.531 160.187 286.937 397.343 515.531 550.750 637.875 678.750 1266.875 1297.437 1517.312 1549.406 1563.625 1604.468 1643.968 2225.625 3172.406 3232.781 3814.093 
-921.875 -844.313 -783.438 -615.625 -79.157 22.718 36.093 91.312 109.031 160.625 283.531 296.406 404.625 521.875 631.906 718.531 808.687 1124.406 1294.468 1549.750 1628.062 1646.062 2058.343 2223.781 2229.437 3769.437 
-1419.719 -53.188 20.312 21.843 39.250 158.156 281.781 515.625 541.593 628.687 642.343 803.656 1047.781 1368.843 1554.937 1558.343 1636.468 1642.625 1645.218 1770.750 2199.218 2236.531 2424.000 2563.218 3038.437 3940.531 
-1613.250 -685.375 -648.657 -19.344 20.656 22.406 36.093 45.750 85.093 289.625 516.656 1297.875 1555.562 1635.406 2047.093 2056.468 2227.031 3662.218 
19.875 35.687 75.750 160.218 165.218 297.718 453.281 627.937 1074.593 1118.531 2050.250 2053.156 2055.281 2212.062 2418.812 3175.000 3463.031 
-1839.000 39.500 41.000 108.375 120.125 174.531 228.437 286.531 289.406 298.562 429.343 543.281 696.656 712.937 1014.093 1291.250 1297.937 1556.312 1557.968 2225.562 3170.687 
-1776.782 -715.750 -704.969 36.875 68.000 158.562 167.750 172.687 203.531 447.812 626.187 732.406 849.250 1047.468 1118.281 1294.875 1303.812 1644.125 2225.812 2229.093 2357.656 3416.562 
-1392.000 -1351.750 -1015.188 19.406 20.750 22.156 27.437 515.093 524.218 641.281 1553.843 1792.781 1950.218 2166.531 3301.437 3850.375 
