19.187 20.000 29.218 550.500 1330.781 1585.531 
26.406 273.718 652.281 
20.531 20.937 21.156 1491.250 
183.187 552.656 637.968 646.062 646.906 828.687 1489.781 1567.531 1586.375 2756.343 3312.250 
20.937 21.437 475.406 948.187 1085.718 1487.906 1498.156 2251.093 
20.437 27.656 255.156 547.562 650.437 1768.187 1942.843 3269.062 
18.937 20.187 20.906 242.062 842.093 1489.156 1578.187 3225.093 
20.031 25.312 951.781 1482.437 1954.406 2236.625 
19.937 20.531 20.750 1217.687 1939.718 2401.187 
455.093 627.375 662.843 925.468 966.656 1487.843 3572.468 
