22.562 41.562 53.437 197.937 223.156 248.562 328.562 376.031 448.031 456.000 468.750 480.375 509.875 514.375 543.312 549.500 568.656 593.000 597.562 698.406 700.562 704.312 718.687 724.843 734.281 741.718 766.968 796.750 805.812 884.562 887.625 896.062 909.562 942.843 971.468 977.875 983.656 1081.593 1088.062 1169.937 1186.875 1242.375 1251.937 1339.562 1351.187 1356.312 1434.937 1453.968 1461.406 1504.625 1532.843 1538.843 1542.968 1561.187 1571.937 1591.843 1621.531 1670.687 1680.093 1696.312 1702.000 1790.875 1806.531 1809.406 1827.000 1839.437 1857.125 1885.468 1901.125 1912.875 1989.156 1993.062 2033.406 2065.406 2075.343 2188.562 2193.906 2208.312 2281.843 2287.625 2295.000 2308.343 2322.593 2370.062 2375.593 3760.250 3763.968 
51.562 113.656 119.031 122.468 246.031 368.250 374.593 449.375 457.218 468.750 479.000 570.531 593.375 701.656 711.468 718.312 752.875 796.812 888.468 892.500 898.312 903.281 949.187 978.718 981.125 987.375 1094.281 1105.343 1172.500 1177.937 1182.062 1201.593 1356.625 1443.406 1454.093 1536.562 1545.218 1616.531 1633.062 1671.562 1681.468 1698.937 1703.312 1791.093 1808.093 1812.093 1828.593 1885.750 1902.875 1905.343 1964.781 1992.343 1997.500 2034.625 2068.187 2080.187 2188.781 2195.250 2288.812 2304.906 2365.562 2466.031 2967.812 3479.250 3485.937 3489.906 3499.906 3801.718 
28.593 53.437 56.125 89.625 114.968 122.906 235.500 243.875 370.781 448.625 453.156 467.625 481.718 491.812 509.343 514.531 516.750 568.375 590.218 703.093 762.781 799.281 885.781 891.500 962.468 974.531 979.750 989.312 1087.843 1105.718 1173.125 1176.593 1186.781 1190.312 1198.031 1355.062 1435.781 1447.125 1536.125 1540.437 1562.875 1583.812 1608.843 1677.718 1794.312 1804.750 1807.562 1835.312 1848.375 1988.062 1994.906 2001.343 2045.656 2073.156 2195.312 2201.187 2284.593 2288.187 2292.656 2301.968 2313.343 2320.875 2469.750 2687.625 2689.875 3701.750 
6.218 61.843 233.562 257.125 365.781 399.000 451.250 464.187 490.781 533.406 594.500 599.437 702.593 722.312 746.468 807.250 887.625 904.781 982.187 1076.875 1080.906 1175.468 1180.375 1187.843 1216.906 1243.812 1268.875 1352.187 1406.781 1517.437 1536.125 1601.531 1659.437 1682.906 1701.625 1791.375 1807.468 1839.093 1906.500 1965.500 1991.156 2033.250 2076.000 2080.562 2231.000 2288.062 2293.718 2309.000 2340.781 2474.562 2498.218 2842.843 3216.281 3270.968 
0.500 46.375 78.218 364.906 453.968 467.437 501.531 512.218 525.843 560.125 605.906 675.250 788.687 796.656 888.187 1098.468 1182.218 1191.281 1206.062 1413.906 1435.375 1539.625 1573.343 1602.468 1793.531 1965.687 1993.000 2059.781 2197.468 2291.531 2305.187 2472.343 2505.218 2819.656 2951.562 3921.218 
23.968 72.000 116.875 239.500 244.843 371.281 455.406 490.968 564.687 701.937 740.093 747.312 757.562 769.906 887.812 893.843 970.531 982.781 986.093 1109.656 1182.781 1206.781 1213.312 1354.843 1360.250 1459.718 1537.437 1552.250 1615.343 1671.812 1677.125 1700.406 1885.093 1913.593 1987.468 2317.843 2329.125 3958.625 
365.375 372.125 450.281 476.593 492.875 808.187 971.875 979.968 985.343 1087.937 1176.187 1676.687 1819.468 1841.843 2075.312 2644.031 2644.312 2646.437 3003.437 3835.437 3885.250 
93.343 119.843 585.187 1188.812 1610.281 1689.250 1700.625 1841.312 1884.562 3934.000 
512.843 517.125 587.718 600.093 727.218 1460.781 1611.906 1834.531 3681.875 
750.781 802.781 906.312 1833.687 1899.406 3492.875 
