15.218 17.218 21.343 22.000 34.437 36.593 76.000 76.468 112.687 186.031 190.937 226.468 478.187 519.468 544.031 547.718 591.000 656.687 840.531 842.062 894.500 899.437 906.593 1062.406 1071.218 1199.500 1224.156 1271.812 1286.656 1296.281 1410.187 1473.125 1544.000 1643.531 1736.218 1743.375 1755.406 1804.687 1830.718 1922.406 1997.187 2636.750 3120.968 3770.031 3878.687 
15.031 15.593 17.812 18.093 34.125 55.625 67.656 110.312 111.968 225.125 309.937 391.312 426.281 520.968 529.031 694.125 737.187 762.125 789.375 792.218 932.812 936.812 1029.062 1038.437 1050.625 1167.875 1215.000 1265.781 1347.250 1377.593 1407.625 1491.031 1502.843 1545.156 1610.218 1613.718 1618.656 1663.937 1725.718 1728.468 1786.375 1856.156 1910.968 1998.187 2007.500 2289.812 2322.000 2952.187 3256.718 3443.562 3563.468 3844.843 3856.656 
26.250 35.187 106.875 114.031 116.218 126.093 156.906 186.968 189.843 190.281 226.750 249.812 265.250 280.375 294.625 309.656 493.250 553.562 567.312 596.718 658.343 731.843 847.437 1231.968 1292.875 1430.812 1435.906 1437.000 1445.125 1530.218 1612.125 1738.718 1744.750 1756.843 1790.062 1794.093 1902.843 2818.562 2821.312 2828.500 3071.968 3073.281 3650.656 3973.718 3986.687 
14.343 14.718 16.906 17.218 18.406 36.593 77.406 85.593 169.656 250.656 361.968 387.625 490.968 549.625 590.656 737.468 768.281 808.781 810.125 826.000 943.500 960.781 988.062 1076.750 1339.156 1406.906 1520.281 1524.718 1538.531 1547.281 1571.625 1573.093 1624.125 1632.343 1796.343 2002.125 2004.781 2031.562 2104.875 2929.375 3213.281 3756.218 
17.125 19.562 21.500 56.000 76.281 94.281 100.125 102.750 117.500 291.125 295.781 389.937 486.093 523.812 547.656 690.906 697.562 718.687 734.218 791.437 946.031 996.625 1094.593 1198.437 1224.062 1282.343 1340.687 1377.687 1378.468 1549.187 1614.375 1619.593 1623.625 1795.312 1848.093 2010.843 2619.968 3598.781 
14.281 44.812 83.656 116.093 151.468 221.906 229.562 247.187 250.906 295.656 490.406 524.437 542.875 695.093 727.250 728.218 729.531 739.906 756.125 890.500 1141.156 1203.562 1262.375 1317.000 1378.406 1391.718 1403.406 1539.312 1544.562 1992.250 2005.093 2013.187 2591.968 3441.187 3584.250 3626.250 
14.718 15.343 38.968 40.468 57.562 76.843 115.281 226.562 227.343 301.031 355.656 387.781 488.125 491.312 525.750 530.218 748.812 788.875 792.906 827.593 865.187 1049.062 1313.406 1446.625 1548.000 1610.406 1615.312 1615.937 1627.406 1635.687 1739.093 1741.000 1744.187 1748.593 1769.593 1791.156 1908.531 2037.906 3115.000 3343.593 3345.125 3653.937 
4.718 13.093 17.343 75.562 118.125 189.250 190.500 223.125 484.750 580.750 634.000 736.531 893.875 897.656 1002.312 1084.781 1164.218 1166.281 1221.000 1266.718 1270.281 1271.312 1547.718 1611.437 1619.875 1748.437 1788.843 1859.343 1995.500 2007.125 2012.656 2203.250 2213.437 2227.031 2228.218 2228.843 2806.437 2822.781 3341.531 3563.375 3743.562 3768.750 3823.343 
14.218 17.531 21.000 21.468 31.781 114.156 151.156 225.812 420.468 459.125 710.437 733.718 735.875 746.000 846.781 944.406 983.093 1169.000 1204.093 1259.125 1432.812 1435.406 1435.812 1438.625 1439.906 1514.750 1515.062 1516.593 1516.875 1522.593 1623.531 2011.812 2130.437 2412.531 2501.312 2984.906 3569.406 3570.218 3574.500 3840.593 3846.656 3849.906 
14.562 36.625 74.000 172.562 227.718 296.312 308.531 455.750 550.625 616.375 765.187 780.375 1270.312 1292.093 1304.656 1436.312 1443.781 1466.812 1524.656 1613.656 1619.656 1677.375 1789.968 1895.562 3011.093 3328.937 3343.031 
