15.937 16.250 18.187 18.812 42.031 84.843 100.531 234.468 292.343 348.031 501.281 514.250 607.093 658.750 712.531 721.812 759.687 810.312 897.593 1073.250 1074.406 1221.500 1302.281 1304.218 1305.812 1306.281 1315.062 1357.968 1403.937 1524.812 1529.437 1599.218 1774.343 1874.281 1906.125 1921.593 3067.125 3662.062 3774.250 3889.156 
22.562 42.156 78.843 97.656 102.218 184.906 289.562 340.156 346.625 378.343 410.500 422.281 587.906 624.125 629.562 1112.781 1178.812 1207.531 1220.031 1346.156 1362.031 1385.531 1399.062 1525.406 1545.250 1662.468 1665.781 1682.750 1688.531 1720.218 1810.125 1834.218 1873.187 1875.468 2010.875 2018.000 2789.718 2818.937 3165.000 3171.031 3232.437 3233.687 3292.468 3416.093 3575.031 3773.906 
21.875 40.906 47.406 74.718 87.218 119.343 127.281 206.937 212.781 215.656 270.718 404.718 506.562 549.281 568.875 629.406 713.812 760.406 783.187 808.781 947.406 1070.125 1107.812 1108.375 1209.562 1212.156 1597.312 1696.781 1702.000 1774.562 1835.875 1907.562 1912.562 2017.343 2018.218 2329.000 2989.718 3164.906 3549.937 3651.562 3652.125 3653.343 3864.187 
15.562 15.875 16.656 20.156 30.437 32.031 39.250 54.718 79.218 91.843 188.156 225.718 243.500 339.781 389.937 425.156 489.062 494.750 499.875 542.000 568.906 581.000 585.781 586.750 804.656 808.531 1042.875 1141.687 1207.062 1216.406 1385.218 1397.625 1516.812 1521.125 1524.000 1532.375 1660.750 1673.218 1722.343 1818.781 1826.000 1873.875 1932.781 1984.156 2781.781 3166.281 3475.843 3499.406 3619.593 3654.562 
17.375 18.187 21.687 40.031 123.187 138.375 219.312 351.500 392.625 427.468 628.531 755.937 762.750 809.031 893.843 1073.906 1103.250 1110.250 1112.156 1140.906 1303.906 1309.312 1362.531 1372.750 1418.656 1525.968 1561.281 1572.968 1722.656 1744.687 1779.437 1877.000 2160.156 2460.593 2777.562 2821.875 2823.625 
16.218 22.156 56.062 97.500 215.250 216.125 223.437 396.781 405.062 423.656 498.968 525.875 630.312 631.312 760.281 795.968 810.062 898.343 905.843 1114.531 1142.250 1221.906 1286.062 1313.812 1315.343 1380.531 1380.906 1390.375 1396.500 1471.437 1525.718 1649.625 1669.343 1677.562 1726.375 1871.843 1889.250 1903.656 1907.031 2042.562 2048.031 3414.000 3633.312 3635.562 
17.062 17.312 206.750 216.281 219.718 226.156 239.031 299.187 487.156 499.343 552.375 612.093 631.000 644.906 952.031 1090.437 1112.281 1140.625 1366.906 1386.500 1526.093 1538.968 1552.437 1807.718 1816.562 1831.531 1919.656 1921.375 1923.187 1927.156 1927.468 1931.750 1960.250 2015.406 2321.593 2323.593 2330.562 2348.750 2349.531 2773.593 2774.531 2774.968 2777.375 3051.218 3313.000 3412.156 
16.718 38.000 46.812 47.656 116.593 181.562 271.687 281.218 301.406 353.812 357.406 444.312 497.562 588.156 630.718 653.593 716.531 762.281 779.125 809.718 1105.968 1110.656 1128.750 1212.593 1356.750 1508.687 1525.656 1530.406 1559.500 1561.781 1600.375 1661.937 1810.875 1812.375 1879.656 2619.593 2886.812 2889.125 2900.687 3155.750 3354.531 3400.218 
15.437 16.750 42.375 79.531 80.343 99.250 108.093 144.281 150.843 151.187 153.343 214.000 217.781 225.343 229.750 271.500 290.687 344.718 387.187 396.125 424.718 485.406 499.843 559.000 591.468 609.562 736.500 784.062 808.843 842.843 895.187 899.156 1024.093 1108.906 1114.000 1208.437 1210.187 1360.906 1382.406 1524.343 1531.875 1562.718 1597.843 1663.187 1691.250 1826.718 1829.343 2012.406 2021.781 2153.281 2842.500 2854.156 2879.312 3622.593 3636.187 
16.218 22.843 39.000 40.875 43.375 92.437 99.500 224.937 250.718 294.218 344.312 392.468 424.250 428.062 429.187 502.531 628.750 641.687 687.875 717.375 756.281 760.843 809.343 908.687 913.375 1134.281 1229.343 1356.718 1409.781 1440.562 1472.250 1524.500 1810.937 1829.312 1876.875 2854.468 3326.437 3788.968 3794.500 
