52.906 90.937 128.031 133.218 172.968 284.437 288.343 530.750 887.843 949.625 956.312 1055.281 1083.656 1088.531 1215.343 1225.875 1447.125 1448.625 1609.781 1718.093 1741.531 1784.500 1888.000 1891.000 1902.562 2040.875 2211.093 2400.156 2411.593 2965.812 2973.156 3097.500 3193.312 3410.875 
19.125 130.843 282.156 355.781 635.500 785.406 886.031 1052.937 1276.125 1318.437 1375.406 1446.437 1616.062 1624.250 1708.468 1714.625 2019.187 2905.343 2916.625 3099.062 3101.937 3574.531 
126.156 132.812 210.937 233.000 282.968 353.250 462.656 714.000 835.000 1163.625 1172.656 1219.218 1222.343 1272.187 1450.000 1483.812 1614.625 1712.000 1897.187 2018.375 2704.562 2886.218 2894.906 3326.500 3330.093 3542.156 3978.156 3982.531 
16.000 135.312 235.906 284.250 637.218 790.125 827.281 988.968 1047.406 1195.562 1373.687 1451.062 1609.812 1709.375 2617.625 2637.781 2679.906 2870.031 3087.875 3893.687 
79.656 123.593 489.781 547.375 789.843 948.781 1002.875 1057.718 1067.656 1220.625 1449.781 1608.875 1616.750 1699.312 1877.687 2181.218 2879.812 2886.750 3208.218 3316.406 3564.437 
129.718 353.125 1034.531 1039.062 1218.218 1257.312 1527.312 1715.125 1774.500 2944.562 3814.250 
341.156 352.906 785.656 831.312 1325.406 1444.000 1540.375 1606.437 1616.812 1897.062 2566.468 2774.343 
1223.218 1444.531 1575.031 1607.312 1786.218 2987.781 3314.093 
461.625 882.812 2915.937 3665.531 3910.031 3938.062 
827.562 1216.968 
