30.875 58.906 93.375 105.687 143.406 149.375 516.375 608.468 774.625 981.156 1002.750 1100.687 1104.093 1206.781 1257.687 1263.437 1271.406 1414.812 1476.500 1479.593 1615.250 1631.718 1635.093 1645.875 1705.968 1844.000 1917.125 1950.218 2001.875 2546.406 2621.000 2780.281 2790.687 2948.437 
143.781 365.093 613.406 905.843 1267.718 1349.843 1641.000 1715.468 1907.750 1910.500 1918.562 2903.406 2993.906 3232.062 3234.937 3335.406 3574.375 
94.156 357.031 365.875 557.187 599.875 609.000 775.656 901.718 1041.875 1093.437 1195.875 1347.375 1352.031 1416.687 1721.718 1733.656 1822.468 1872.531 1915.437 1948.593 1995.343 2424.625 2580.156 3309.281 3793.062 
142.531 187.156 449.406 605.687 775.375 953.187 1100.500 1193.843 1203.906 1268.625 1905.156 1909.781 1946.593 2002.218 2464.218 3031.187 3038.406 3276.781 3373.218 3529.593 3640.156 3646.156 3772.812 3864.750 
146.812 444.062 591.625 762.625 828.500 950.593 1043.593 1095.062 1175.750 1204.625 1257.187 1398.093 1414.468 1477.062 1732.343 1840.250 1870.656 1881.531 1984.656 1992.656 2500.500 2503.062 3039.375 3387.750 3825.843 
60.000 202.625 360.281 442.625 670.093 774.093 900.625 1089.156 1173.406 1354.906 1411.031 1638.156 1734.125 1880.312 1913.343 1944.343 2292.156 2491.531 2938.062 3211.687 3729.000 
56.562 91.062 164.031 353.812 445.750 609.937 949.312 995.718 1097.593 1255.093 1261.468 1421.500 1634.781 1720.437 1888.187 1916.937 1935.437 1998.437 2304.062 2606.468 2609.218 2646.468 2647.218 2649.843 
95.375 143.000 363.750 557.687 599.187 763.156 844.781 903.500 952.312 1042.093 1092.718 1261.812 1263.937 1272.312 1419.718 1607.562 1733.343 1736.718 1754.187 1838.843 1844.968 1899.906 2967.781 3489.031 3494.562 3776.000 3779.375 
23.156 75.875 92.812 144.875 610.343 703.875 761.531 998.843 1206.156 1258.437 1264.781 1414.687 1553.093 1563.812 1633.750 1635.718 1840.906 1877.812 1940.218 1943.750 2125.375 2361.281 2973.781 3528.656 3574.156 3848.718 3941.687 3992.218 
54.437 94.562 121.593 143.250 354.875 665.343 843.375 905.625 954.281 1096.562 1098.812 1190.218 1471.875 1488.281 1612.531 1637.906 1676.750 1723.031 1830.062 1842.250 1912.812 1994.718 2045.281 2353.562 2594.281 3520.125 3798.843 3826.156 3878.437 
