-1213.688 -1049.688 -563.750 -418.719 -391.219 -207.219 -91.407 100.968 227.625 292.500 412.750 727.687 952.906 1099.968 1291.656 1768.562 3061.156 
-1483.219 107.500 248.031 324.937 409.125 649.312 851.687 889.562 901.656 1074.187 1357.937 1458.031 1475.500 1639.312 1648.750 1897.031 1965.218 2080.781 2538.812 
-1340.313 -834.938 -661.813 -178.969 34.656 112.437 167.968 727.968 741.937 868.031 1160.187 1187.406 1290.187 1524.312 1635.437 2085.000 2364.406 2468.500 2522.250 3871.187 
-1824.688 -1733.125 -1417.938 -1268.594 -985.282 -838.188 406.843 484.937 524.250 652.718 661.187 821.937 933.562 956.281 1040.843 1157.750 1291.843 1561.781 1814.937 1974.406 2097.218 2128.031 2234.312 2272.968 2420.125 3185.500 3801.718 
-951.844 -717.282 -626.313 92.656 709.843 1197.718 1389.562 1803.218 1880.968 1969.687 2423.437 2626.281 2804.281 3246.843 
-1629.782 -1259.532 194.000 309.031 789.250 802.125 847.250 882.562 928.281 941.781 1041.343 1157.625 1182.562 1449.250 1459.468 1630.156 1745.406 1809.125 1874.125 2042.406 2225.875 3218.187 
299.968 522.656 804.250 815.343 832.875 1154.375 1205.343 1448.343 1547.812 1632.812 1793.937 1875.906 2789.312 2885.312 2993.468 
-688.594 -664.719 -536.344 -234.594 -200.938 817.718 930.687 945.000 960.218 1093.062 1464.937 1470.593 1634.406 1722.156 1808.437 1968.531 1987.281 2153.562 2472.343 2785.812 3472.437 
322.187 433.843 584.750 710.718 733.187 737.156 738.062 812.531 1038.343 1352.843 1486.593 1534.500 1866.718 1965.906 2498.875 2640.031 2976.625 3292.218 3842.500 3893.937 
-1479.375 -572.219 -313.125 46.250 91.125 167.843 542.062 712.343 723.656 947.031 1111.375 1293.937 1436.875 1656.218 1989.843 2083.031 2223.562 
