33.500 34.843 103.531 232.718 251.218 252.062 259.125 259.593 260.437 389.031 392.156 455.656 523.468 560.468 585.812 600.687 629.187 649.125 677.375 725.031 725.781 787.812 858.062 990.000 1044.468 1045.562 1047.187 1127.718 1188.500 1269.531 1270.312 1293.187 1294.312 1375.593 1419.718 1423.562 1468.656 1537.406 1591.375 1616.750 1757.906 1813.343 1815.750 1864.625 1995.312 
37.750 58.531 191.343 192.218 213.062 232.406 257.218 318.250 324.718 456.812 655.875 696.968 725.937 755.187 830.343 854.812 924.156 926.656 990.187 991.718 1023.500 1130.093 1423.218 1471.500 1703.937 1705.468 1712.593 1757.562 1812.781 1941.156 
63.062 104.656 107.156 119.531 232.625 257.468 260.250 389.812 392.218 459.468 464.656 655.812 677.406 686.937 697.531 726.500 728.562 749.093 758.593 826.281 830.343 854.062 886.343 925.531 928.031 1090.187 1136.406 1149.406 1271.187 1290.843 1498.875 1538.125 1706.937 1759.468 1939.843 1941.031 1970.000 1972.156 1973.062 1996.750 1999.468 
33.968 52.781 101.375 187.125 231.625 258.656 262.218 302.437 394.593 422.281 452.781 456.750 461.125 619.000 655.281 685.406 728.375 759.156 787.187 791.718 864.281 1023.062 1023.937 1024.312 1047.718 1128.156 1134.062 1188.000 1228.562 1232.062 1270.062 1296.968 1437.406 1531.843 1534.218 1544.125 1664.375 1665.125 1711.531 1755.625 1810.187 
100.656 151.031 233.468 282.687 423.031 453.906 455.187 557.250 587.437 724.687 924.218 924.968 929.343 1021.500 1188.375 1230.625 1436.687 1812.093 1841.625 1994.000 
149.812 232.468 255.000 275.781 348.031 452.906 615.656 828.406 853.687 1047.500 1130.500 1171.375 1188.125 1192.625 1420.906 1705.218 1705.656 1755.031 1908.562 1969.812 1997.031 
58.625 152.718 253.156 259.281 454.875 505.031 561.500 625.562 754.656 827.562 857.843 922.125 926.031 1534.750 1969.656 1974.406 
39.906 100.625 106.500 230.968 453.031 478.000 656.750 826.562 925.343 1128.093 1189.593 1336.656 1435.312 1437.281 1813.500 1938.281 1970.281 1974.281 1995.625 
31.687 187.593 234.125 253.937 392.687 459.875 501.343 523.000 531.687 726.250 759.531 924.125 1024.437 1293.937 1613.593 1614.218 1707.125 1817.187 1995.343 
189.625 231.031 504.281 924.093 1468.906 1538.781 1608.750 1810.375 
