117.500 1118.656 1119.343 1120.843 1577.781 1850.468 1852.218 
356.906 514.187 515.125 701.562 1119.125 1434.312 
118.593 139.656 524.343 718.531 
700.375 1267.875 
117.187 1118.750 1148.906 1268.500 1384.781 
1267.687 1268.093 
130.000 145.218 712.937 1118.312 1852.687 
117.812 522.968 525.031 942.937 1119.781 2000.718 
88.062 127.375 512.875 701.843 710.937 1118.500 1121.031 1148.812 1581.750 2001.500 
140.437 349.500 356.187 689.687 848.500 848.750 850.312 1216.531 1268.562 1433.937 1851.093 1852.156 
