32.062 56.062 82.062 136.375 188.375 206.000 310.843 383.812 401.812 475.843 788.062 906.187 910.281 952.093 962.656 972.000 1110.406 1177.968 1192.406 1193.875 1238.968 1258.375 1443.843 1559.375 1593.125 1676.093 1705.000 1736.312 1738.718 1855.593 1920.968 1924.125 1943.812 3840.562 
19.000 22.156 55.625 108.562 135.875 137.718 143.281 190.000 243.406 268.593 288.062 295.593 312.125 317.531 348.437 398.312 403.562 444.406 447.187 466.218 553.437 576.437 626.968 750.031 785.906 821.468 834.031 905.000 965.968 982.750 984.437 994.218 1030.093 1044.375 1092.500 1176.000 1200.281 1276.625 1307.218 1414.937 1416.218 1462.031 1474.406 1474.812 1542.062 1598.125 1615.281 1737.281 1812.000 1883.781 1899.500 1964.531 
20.625 25.437 116.625 134.187 162.781 213.218 355.187 444.500 544.687 617.187 702.218 748.343 753.343 756.500 800.343 820.468 974.406 1111.656 1178.218 1194.187 1273.781 1313.468 1357.000 1499.593 1593.343 1594.187 1614.343 1640.937 1662.468 1705.343 1734.437 1736.843 1860.531 1899.562 1900.843 1924.812 1964.437 3972.531 
16.375 21.031 30.531 56.656 76.906 107.468 114.750 134.843 179.812 255.531 269.031 289.562 304.218 397.656 400.781 405.000 414.781 466.343 467.218 519.343 546.187 618.781 747.687 905.750 951.437 1093.437 1110.687 1127.281 1188.093 1251.062 1279.406 1280.937 1382.437 1390.906 1436.500 1460.781 1498.562 1703.000 1706.468 1714.375 1735.937 1781.812 2974.875 
18.906 56.031 86.187 137.406 140.718 183.937 268.625 279.875 290.281 296.687 355.437 405.312 549.406 627.875 769.687 787.218 831.843 864.031 957.937 964.156 984.562 1111.093 1153.156 1242.343 1307.656 1358.031 1451.250 1556.625 1631.875 1735.968 1736.656 1827.156 1882.156 1918.968 1999.718 3425.000 
16.375 21.375 53.968 98.843 110.343 116.125 205.406 212.875 247.281 266.718 405.218 406.937 443.781 472.500 490.875 498.437 533.906 535.625 596.906 605.625 627.031 683.312 747.687 793.062 865.531 907.593 954.656 963.593 988.906 994.375 1041.500 1092.750 1177.156 1399.312 1428.343 1437.000 1454.156 1484.312 1503.718 1561.687 1630.031 1633.718 1767.875 1860.812 1898.593 1962.750 1996.781 1999.906 
15.812 55.031 59.000 84.218 135.625 140.281 192.750 338.750 398.281 553.156 575.656 703.781 786.906 787.656 820.343 827.343 839.406 864.718 908.343 935.625 961.406 1129.781 1131.656 1176.687 1178.218 1192.906 1243.875 1394.093 1472.437 1554.531 1581.656 1664.031 1827.593 1861.343 1885.000 3189.625 3967.250 
14.031 21.875 31.593 56.593 135.625 210.843 245.000 342.531 354.812 468.656 495.031 552.218 582.218 634.093 671.656 749.562 753.968 829.156 902.312 904.093 982.625 995.531 1091.343 1133.093 1156.375 1176.500 1177.125 1230.125 1341.031 1414.750 1555.062 1593.656 1863.031 1884.093 1950.750 2000.312 2001.062 2572.093 3738.937 
18.968 21.781 30.000 106.375 143.437 205.500 252.625 295.937 442.031 534.937 549.343 554.093 592.156 625.406 673.593 674.687 742.187 900.937 976.281 1090.406 1095.250 1178.687 1238.593 1302.468 1482.093 1541.281 1594.156 1723.656 1769.500 1898.562 1945.656 1999.281 3171.156 3793.093 
16.187 20.125 56.375 59.406 80.531 107.218 142.968 174.593 247.093 296.093 298.843 312.593 354.562 395.093 457.812 471.000 534.593 551.250 559.781 769.125 787.750 825.406 971.812 993.468 997.875 1029.843 1093.437 1140.406 1243.000 1250.437 1275.875 1307.531 1318.156 1554.468 1719.968 1736.156 1837.406 1850.250 1944.000 
