41.093 48.187 51.406 254.937 264.687 579.093 659.375 748.187 770.125 848.718 849.843 950.187 1270.343 1275.500 1384.406 
25.468 80.312 238.281 405.031 434.468 740.000 861.531 953.812 1193.843 1311.656 
26.875 38.031 122.906 255.375 413.375 433.187 661.343 755.281 1233.656 1234.750 1315.687 1611.718 1674.093 
24.218 30.562 115.031 297.031 316.968 389.843 659.375 713.187 756.843 961.000 1091.437 1408.437 
24.781 48.875 49.687 68.312 93.375 568.656 755.250 951.968 1408.906 1577.656 1653.375 
37.156 42.343 49.375 66.125 123.687 321.750 435.062 717.906 751.625 948.312 1096.375 1111.781 1207.031 1218.406 1385.656 1605.187 
44.281 49.062 56.468 394.093 757.593 1104.125 1306.812 1318.781 1670.218 1794.406 1901.625 
44.843 57.843 131.875 132.343 295.656 311.781 416.125 1092.250 1659.375 1774.812 1777.312 1977.312 
98.750 115.406 124.312 296.375 753.468 1094.718 1227.531 1877.281 
133.156 256.218 264.500 322.343 847.281 1091.093 1097.406 1397.437 1562.375 1979.125 
