228.156 235.625 282.906 329.656 473.375 485.968 489.437 557.500 565.593 727.593 778.500 1131.500 1669.656 1709.281 1730.093 1886.468 
84.968 282.718 315.843 321.843 327.187 456.812 473.625 587.531 729.906 835.218 1130.062 1208.312 1414.843 1719.500 
229.375 234.531 291.718 316.812 347.500 581.718 615.093 636.343 797.968 810.281 868.500 1457.750 1894.125 
15.468 20.968 205.500 327.468 560.250 577.000 586.375 606.468 856.093 990.187 1317.375 1390.093 1651.125 1707.562 1821.812 1824.500 
206.437 259.187 290.968 324.312 518.750 584.500 584.937 1036.750 1116.000 1203.187 1412.187 1455.625 1726.718 1822.187 1886.593 
125.750 275.500 317.625 318.406 325.937 475.656 490.718 538.562 797.812 1051.406 1114.125 1224.906 1237.187 1310.218 3637.281 
15.031 15.625 204.812 324.562 354.562 535.218 558.750 1137.156 1225.906 1686.750 1687.062 1730.625 1831.375 1895.218 
15.625 282.750 290.843 320.406 350.375 487.843 585.562 1095.906 1111.031 1184.343 1185.375 1203.718 1224.687 1397.468 1424.687 1519.625 1616.781 1727.562 1743.781 1886.281 
15.031 22.031 317.375 362.281 532.406 847.750 1035.625 1112.781 1243.406 1655.406 1687.718 1848.343 3976.843 
14.937 234.750 314.906 519.000 538.625 637.875 843.906 989.406 1017.406 1115.156 1211.062 1419.906 1687.906 1720.125 1815.843 1871.125 
