13.156 14.937 23.531 164.812 208.062 267.843 271.625 313.218 496.531 794.937 1226.531 1301.250 1789.875 1853.875 
13.281 15.343 20.500 208.281 269.156 385.593 738.750 794.750 1563.937 
13.312 14.906 36.250 50.625 162.843 270.468 316.187 319.312 495.937 795.062 1298.250 1300.750 
13.531 20.406 163.187 270.781 312.562 
13.062 14.750 35.781 164.718 272.125 794.843 1299.250 1564.000 1790.593 1854.500 
13.812 20.812 163.531 232.093 272.875 794.500 1299.593 1787.125 1855.281 
13.812 50.343 208.156 232.062 271.875 795.125 
13.656 38.656 50.343 270.562 387.656 794.593 1299.625 
13.500 17.531 49.093 49.906 161.437 209.156 232.562 271.562 315.437 386.593 795.656 1299.062 1855.093 
13.625 15.218 22.187 165.312 269.312 384.812 795.062 
