60.875 700.750 911.375 2859.125 2883.531 3258.625 3306.531 3331.593 3682.406 3824.375 
59.593 441.562 908.156 1456.500 2347.687 2611.406 3443.937 3457.906 3460.187 3526.968 3896.250 3908.156 
81.062 337.156 442.156 1037.468 1474.500 1509.312 1516.093 2649.562 3489.687 
39.593 1952.781 3331.687 3342.375 3358.875 3409.656 
407.406 507.031 624.187 652.375 2852.750 2857.218 2945.375 2991.343 3874.500 3875.843 3882.218 
1495.843 1930.500 2626.843 2636.531 2649.375 2707.968 
62.437 1222.718 1483.218 1895.656 2010.125 2571.562 2594.531 3305.281 
195.812 2799.125 3516.781 
69.468 89.656 608.593 713.187 911.000 976.812 991.437 1432.000 2591.843 2618.562 3396.281 3526.000 
36.531 48.062 120.218 632.250 1138.031 2804.437 2848.437 3220.375 3459.156 3894.093 3920.718 
