103.843 261.750 453.812 511.968 517.281 620.468 620.968 624.406 631.562 637.375 845.843 928.187 1028.718 1102.031 1197.187 1200.718 1205.343 1454.750 1461.500 1575.468 1589.375 1779.937 1878.906 1927.312 2092.843 2619.562 
33.812 108.218 135.062 143.343 255.593 306.937 310.812 435.562 504.218 513.656 597.812 625.062 635.218 1134.625 1467.343 1598.031 1600.156 1617.218 1880.250 1889.406 2519.281 2522.781 
39.656 252.750 272.687 275.875 282.937 433.437 435.593 437.218 443.125 511.906 634.093 651.593 658.687 659.562 828.500 927.843 933.218 947.812 1204.750 1301.281 1339.531 1465.531 1489.187 1572.593 1584.312 1725.250 1775.437 2042.062 2045.062 2171.437 2311.625 2392.062 3559.437 3960.968 
2.312 23.218 103.968 107.031 111.500 254.125 303.968 312.625 449.656 458.187 509.625 511.781 521.218 928.875 931.593 938.812 944.187 1384.093 1388.718 1489.875 1562.593 1884.468 1885.812 3146.937 3254.281 3360.531 
20.187 106.343 145.906 250.593 339.343 431.437 436.812 444.062 460.218 621.093 623.875 626.375 1207.625 1252.968 1427.500 1458.500 1570.031 1786.437 1882.406 1885.968 1903.125 2740.125 2780.062 2781.406 2891.875 3680.562 3708.125 3723.312 
23.718 24.375 129.750 181.750 255.187 280.562 311.312 332.906 397.500 434.531 442.031 468.843 510.937 512.843 517.343 521.625 638.968 651.656 742.968 814.812 926.156 960.406 972.062 1048.937 1053.218 1201.906 1204.437 1381.937 1449.343 1457.125 1461.000 1497.375 1573.937 1773.375 1882.906 1886.406 1897.937 2122.062 
111.093 250.500 257.000 313.218 431.281 439.437 467.562 510.968 516.250 538.968 620.281 622.843 627.437 632.000 635.906 641.281 744.343 902.343 906.281 939.656 944.250 956.156 1076.062 1143.718 1201.093 1251.000 1254.000 1292.750 1339.406 1375.687 1378.843 1383.437 1387.031 1391.125 1451.218 1491.593 1564.218 1770.187 1885.718 1908.750 2904.875 3466.781 3588.468 3596.875 3847.906 
28.250 97.656 255.062 256.875 260.062 311.812 434.250 439.906 450.312 501.187 505.343 514.562 630.625 667.437 769.500 776.687 832.125 937.968 941.125 947.062 955.156 961.625 967.156 1202.343 1205.468 1210.687 1303.062 1311.718 1381.656 1419.593 1461.812 1545.500 1570.406 1588.031 1879.031 1901.781 1906.125 2231.718 2469.000 2592.593 
18.437 30.343 40.937 109.375 127.781 152.125 182.562 340.250 436.812 439.531 444.562 520.593 624.031 669.437 682.187 933.625 936.906 942.343 961.625 964.468 1195.968 1200.156 1283.468 1305.968 1383.875 1386.343 1545.968 1562.656 1568.437 1575.750 1595.843 1685.281 1692.875 1764.343 1782.375 1812.875 1880.343 3141.468 3486.000 3592.375 
20.937 24.031 106.093 110.843 125.250 195.968 265.500 279.625 314.593 389.093 433.843 436.468 440.343 447.187 510.843 513.031 548.968 619.656 625.312 629.687 825.593 870.250 906.000 910.656 930.718 934.062 948.812 982.000 1003.218 1273.031 1380.343 1408.843 1422.062 1468.062 1563.406 1564.031 1567.531 1687.218 1879.218 1885.125 1888.781 1899.875 2748.468 2766.218 2988.875 3388.656 3468.375 3470.812 
