17.562 141.750 201.093 235.562 298.531 449.562 524.531 645.031 965.531 1013.125 1492.687 1537.906 1678.031 1684.031 1775.875 2458.187 2857.187 3150.718 3303.593 
18.437 145.031 274.812 610.218 997.312 1022.812 1247.406 1392.250 1393.812 1530.375 1532.875 1680.312 1773.343 1775.875 1999.062 2647.343 2655.250 
21.500 294.968 308.437 510.062 596.312 657.468 678.375 1006.343 1013.656 1380.093 1404.593 1521.406 1531.343 1543.468 1953.250 1997.343 2005.343 2623.812 3000.906 3036.875 3412.687 3807.750 
18.593 25.812 291.906 599.562 1006.875 1013.218 1369.500 1531.531 2495.000 2763.250 2773.312 3204.281 3330.093 3333.437 3665.125 
25.812 26.593 293.062 1014.531 1426.937 1537.968 1626.500 1859.531 1975.562 1999.875 2384.500 2627.000 2631.625 2638.343 3569.343 3847.625 3868.218 
22.062 23.156 25.250 30.656 142.218 183.218 294.312 485.812 556.750 598.531 768.218 880.500 1209.781 1377.000 1413.843 1471.750 1534.906 1654.562 2003.062 2004.437 3559.187 3560.156 3848.156 3848.812 3860.718 
27.031 33.437 63.093 228.625 244.406 247.500 250.375 276.062 294.125 313.625 899.406 1020.625 1646.218 1676.687 1783.687 2003.906 2283.750 2290.250 3894.281 3971.687 3978.968 
271.218 285.937 641.500 678.406 1001.843 1013.750 1118.562 1529.500 1663.625 1842.093 1871.531 2828.656 2998.031 3360.218 3902.375 
135.031 145.562 198.406 204.656 282.531 296.531 308.562 478.187 645.062 1276.687 1304.375 1679.406 1824.062 1992.718 2000.062 2005.781 3557.500 
25.281 136.375 185.125 243.500 287.562 639.625 682.937 810.562 880.750 889.656 1013.656 1023.500 1063.656 1288.875 1521.312 1975.000 3142.531 3334.062 3604.468 3920.250 3920.843 3922.156 3935.125 
