15.156 18.000 18.437 20.031 313.593 778.375 1054.625 1174.031 1329.031 1379.531 1663.718 1669.218 1769.250 2012.875 2018.375 2024.593 2034.968 2137.562 3477.250 3904.468 3909.906 3920.500 
19.906 21.375 48.312 320.750 499.812 704.750 777.937 785.593 843.156 1082.625 1175.250 1331.781 1369.000 1391.468 1406.375 1765.875 1860.343 1961.687 2839.187 3033.093 3039.500 3151.562 
21.312 134.968 243.125 443.875 615.718 621.218 774.906 789.875 850.843 930.875 1173.875 1363.125 1669.031 1809.250 1988.531 2017.687 2032.843 2622.406 2893.343 2903.906 3580.687 3584.343 3924.156 
20.031 232.312 239.218 517.812 700.093 776.843 790.875 845.000 963.750 1332.468 1375.750 1863.906 3676.031 3886.625 
15.218 128.187 706.593 776.218 1089.500 1330.062 1399.687 1667.781 1674.875 1966.406 1984.250 1988.375 2021.187 2450.156 2818.750 2833.156 3584.875 3873.375 3978.531 
15.593 21.406 24.656 437.000 704.812 777.281 1392.843 1992.968 2011.312 2014.218 2019.343 
16.250 17.531 18.125 22.000 319.062 436.437 443.500 470.281 521.031 841.968 845.343 846.875 1067.406 1329.375 1370.031 1671.718 1760.593 1855.812 1857.500 1999.000 2014.500 2018.000 2286.312 2294.937 2298.687 3611.000 3784.468 
17.625 118.468 282.750 515.343 522.312 777.843 1105.093 1179.968 1323.093 1330.500 1388.437 1442.656 1584.093 1668.531 1987.750 3260.093 3288.531 3766.031 3780.500 
18.468 48.343 197.906 313.718 323.843 437.562 778.437 844.031 1078.062 1328.187 1581.375 1668.750 1803.968 2027.937 3961.187 3978.000 
125.156 276.875 285.468 434.437 438.687 844.062 874.531 996.031 1087.218 1396.093 1435.875 2536.562 2721.718 2726.031 3227.968 3358.937 3554.156 3558.968 3564.937 
