15.625 16.531 16.937 18.437 19.000 105.062 159.156 250.562 362.375 877.875 1050.531 1301.156 1715.875 2704.687 3718.312 3724.937 3725.843 3736.281 3738.843 
16.531 18.906 19.343 107.937 173.781 174.718 227.000 250.031 355.031 420.656 669.781 789.812 802.906 906.156 967.000 976.968 1336.468 1421.843 1836.906 1927.718 2735.906 3295.250 3302.437 3312.437 3994.937 
15.593 18.562 112.125 225.875 248.625 1453.593 1662.656 1908.437 1916.875 1930.031 1995.375 3414.906 3596.406 
18.375 19.718 21.343 223.093 418.812 875.375 968.625 1139.093 1561.812 1610.593 1915.562 1924.968 2002.906 3015.281 3363.156 3834.968 
16.093 19.218 21.562 22.656 30.312 106.343 113.500 248.093 414.375 418.531 814.500 1092.687 1096.562 1301.656 1550.500 1552.250 1558.218 1615.468 1825.843 1912.375 1913.562 1926.281 3259.812 
18.437 109.875 226.718 245.906 258.625 302.531 417.875 481.093 493.156 808.031 1011.156 1303.812 1420.468 1422.312 1823.062 1911.281 1924.687 1949.250 3262.218 3695.093 3968.281 3989.906 
15.656 16.750 17.125 224.343 254.218 306.781 422.531 483.500 671.312 1005.718 1235.875 1426.906 1553.250 1557.406 1558.562 1605.562 1811.250 1821.000 1821.906 1827.531 1909.937 2018.000 2152.687 3107.156 3979.312 3986.437 
16.093 17.718 19.406 106.687 156.781 218.968 220.031 224.656 228.531 302.718 318.812 356.656 357.937 863.687 900.343 1333.812 1559.531 1799.968 1811.531 1824.281 2081.062 3680.718 
15.062 18.375 20.437 21.312 116.250 247.718 298.218 465.093 582.093 779.375 1008.906 1426.281 1547.343 1644.593 1923.562 3678.781 
17.812 105.343 223.625 229.968 250.812 262.000 342.781 347.562 418.031 481.718 485.437 544.406 951.281 959.468 966.218 977.781 1125.406 1299.937 1547.750 1828.218 1906.343 1911.968 1969.718 2849.062 3153.062 3380.031 3387.437 3752.437 3761.000 3900.218 3923.437 
