20.625 37.437 81.093 100.593 188.031 204.593 312.812 313.437 359.593 399.031 459.906 564.562 613.718 625.843 808.437 880.437 947.250 1012.500 1437.093 1731.625 1961.281 1980.718 
37.593 39.437 53.625 74.781 80.343 144.656 262.437 295.906 393.781 564.687 576.187 1018.093 1097.312 1173.406 1599.875 1661.812 1752.093 1872.031 
21.937 40.437 108.375 145.093 186.093 324.468 541.656 605.156 928.406 1004.843 1006.968 1301.656 1423.250 1429.562 1579.906 1731.218 1758.656 1817.593 1972.875 3151.000 
72.156 75.750 194.812 395.125 419.781 586.750 621.656 1142.812 1641.593 3507.343 
108.218 136.312 230.812 360.875 642.937 1872.031 
121.437 191.343 359.218 864.250 1029.093 1330.500 1663.437 1745.406 1984.125 
76.343 118.062 141.968 195.718 421.468 564.062 586.281 611.937 635.968 637.218 696.031 779.031 810.718 961.781 1141.093 1206.593 1243.812 1423.531 1504.656 1584.937 1665.375 
80.281 100.281 100.937 459.781 628.343 643.218 697.531 867.625 952.468 1153.625 1166.406 1591.906 1672.218 1872.312 1971.093 3618.156 
23.281 41.968 73.187 79.406 434.125 442.937 458.343 460.843 697.468 865.000 1012.406 1019.531 1240.437 
33.125 59.250 207.000 213.812 375.937 540.750 863.593 941.375 1006.437 1104.812 1254.468 1258.687 1586.062 1732.343 1894.000 
