24.250 360.968 746.625 757.625 804.343 1095.500 1113.031 1141.343 1632.468 1884.781 3299.218 3864.312 
22.750 256.656 751.875 775.625 1576.250 1633.312 1976.968 
23.656 213.781 238.031 266.062 789.031 1023.187 1841.531 1882.187 1934.875 
20.093 113.687 209.125 227.000 379.250 752.687 1629.718 1822.718 1889.343 2812.312 
21.593 222.250 243.625 255.625 428.656 455.343 753.468 788.281 1090.281 1123.625 1930.125 1981.625 3924.187 
23.562 214.625 228.656 284.093 753.718 956.843 1885.500 3750.093 
23.062 217.687 227.656 243.125 381.250 524.625 746.218 753.625 1091.562 1230.062 1579.218 1606.968 1884.781 2022.750 
22.031 29.812 349.343 752.375 765.812 1188.250 1581.718 1885.156 1937.937 
23.468 191.375 752.687 758.843 953.656 1142.218 1837.625 1883.687 1889.281 1979.281 3050.218 3089.343 3795.593 3971.750 
22.625 209.625 223.343 387.062 412.125 451.687 748.625 755.156 1148.718 1163.250 1200.437 1243.187 1649.281 1842.750 1885.875 
