28.156 107.312 426.781 688.656 950.218 1293.812 3820.343 
30.062 110.031 707.687 954.968 1471.281 1494.375 
28.031 45.906 873.656 1343.656 1369.343 1740.812 3097.062 
26.375 653.031 704.968 1300.906 
26.718 47.593 409.531 429.375 1147.343 1314.031 1335.156 1390.843 2039.125 2888.343 
28.187 80.812 716.062 874.718 1131.781 2543.750 
27.125 343.406 678.500 686.718 702.250 833.437 874.468 1290.156 1468.125 1489.656 
29.750 106.000 252.156 705.312 1292.031 1668.406 1806.750 2352.781 
680.250 1334.343 1851.312 

