-1581.625 -1449.907 -887.657 -587.813 48.093 142.375 225.281 438.687 532.218 538.500 698.343 700.125 915.218 1250.875 1437.531 1454.750 1573.437 1581.031 1699.468 1701.562 1712.125 1953.531 2194.593 2685.937 3662.031 
-1930.344 -1926.063 -264.032 78.593 146.031 342.656 401.093 471.343 529.375 848.656 1011.750 1123.531 1139.781 1190.468 1328.062 1651.593 1696.593 1789.750 2813.343 3217.031 3853.843 
-1668.719 -82.844 44.312 168.500 208.343 213.125 584.812 749.812 780.187 785.531 907.500 991.656 1101.968 1123.812 1571.437 1722.312 1922.437 
-643.313 56.250 414.250 448.062 533.468 538.125 543.625 784.312 1104.312 1377.156 1714.406 1881.156 2047.750 2056.718 2643.218 3162.906 3164.812 
-1935.750 -1829.813 -1643.844 -1136.594 -967.563 -235.907 -232.063 232.718 239.937 361.718 459.218 1175.593 1205.500 1974.156 2179.312 3143.437 3367.281 
-1949.063 -1244.844 -743.969 17.187 80.312 207.906 474.250 596.875 917.718 1006.531 1107.218 1116.125 1252.968 1641.906 1817.562 1865.843 1984.875 2790.031 
-1844.844 -269.313 -223.375 343.312 355.875 699.750 749.937 921.406 926.531 1010.812 1018.218 1111.593 1139.250 1222.625 1327.656 1643.406 1657.343 1699.218 1709.406 1833.343 2022.718 2027.843 2067.687 2636.468 
-1696.282 -547.688 -540.407 43.937 255.625 345.718 454.750 784.718 1148.625 1187.343 1230.312 1456.750 1649.968 1706.062 1721.906 2324.437 3239.531 3664.875 
-1103.000 -1021.313 -326.000 -50.219 -47.625 -45.094 152.781 201.281 261.218 336.218 436.000 581.593 852.687 1098.406 1210.562 1212.031 1221.281 1696.437 1709.375 1830.218 2077.375 2079.000 3253.875 3343.718 3587.156 
-1783.782 -1775.688 -1110.563 -1014.438 32.500 249.937 451.312 919.218 1071.906 1548.812 1802.500 1911.937 2032.187 2044.093 3462.406 3880.906 
