-1848.563 -1261.532 -1041.188 -986.282 49.281 52.937 458.218 481.875 791.750 897.281 936.031 1057.218 1129.093 1570.375 2299.968 
-1965.938 -1671.532 -1253.032 -464.157 -178.907 45.718 47.000 350.968 381.906 893.000 1582.343 
-1357.282 -1216.157 -182.282 -32.094 42.218 42.906 56.656 71.500 212.906 394.250 1051.562 1053.187 1068.000 1249.343 1534.218 1797.781 1956.062 2613.437 
318.156 383.000 936.750 1074.437 1254.781 2081.718 2171.812 3369.218 
-1466.469 -1142.344 -838.750 -701.844 -320.438 -318.750 39.875 65.906 116.437 145.875 289.125 514.468 682.187 881.812 885.968 900.625 913.718 1224.750 1376.593 1523.187 1989.187 2376.625 2986.843 3818.656 
-1888.969 -1082.063 -491.407 -418.188 -83.813 42.468 67.375 115.281 234.437 787.031 894.718 1417.843 1511.687 2609.218 
-1996.750 -1586.563 58.593 149.312 743.312 885.906 888.968 905.718 910.093 1013.375 1169.343 1379.281 1585.031 2038.250 2099.125 2417.562 2421.687 2538.437 
45.781 56.843 160.750 178.781 237.875 754.718 1128.875 1262.343 1312.187 1582.000 2156.125 2205.343 2913.406 3997.218 
-914.000 -403.500 -401.532 40.343 105.875 384.656 899.593 912.031 1193.093 1458.562 1560.593 1606.468 1612.156 2369.593 2372.125 
-1902.657 -1278.625 -946.094 -488.157 -334.844 467.468 1130.343 1348.312 1440.093 2157.656 2484.187 
