77.843 97.750 106.406 109.656 111.500 122.875 124.625 130.593 268.812 530.781 562.718 619.500 627.531 630.375 1284.593 1297.187 1388.156 
65.593 87.593 96.781 98.437 108.750 110.343 113.468 123.562 126.937 136.656 208.156 289.500 309.531 533.468 551.500 559.625 564.625 582.718 631.375 664.250 684.312 806.093 1281.937 1296.687 1301.875 1346.843 1347.656 1386.093 3190.250 
99.312 107.031 107.968 122.000 124.125 126.187 142.968 204.000 209.156 308.781 360.062 553.656 554.750 568.062 585.156 612.343 613.093 648.031 652.406 834.562 1114.406 1201.187 1292.625 1376.750 1398.718 
83.906 88.031 95.062 98.843 122.656 124.343 126.687 128.343 133.781 138.906 147.718 150.468 285.656 529.000 560.437 567.781 617.625 618.187 619.906 661.625 666.531 834.062 1074.937 1316.031 1317.468 1337.843 1353.125 
82.343 83.312 95.343 99.687 115.406 126.218 129.968 131.281 135.406 150.000 199.812 348.343 563.750 571.312 602.312 612.593 624.625 631.843 639.937 661.468 1114.812 1362.375 1395.937 3326.187 
91.312 92.875 104.625 119.843 125.781 129.968 145.937 148.718 207.656 263.906 273.812 289.593 299.750 468.187 534.687 557.781 560.531 572.500 618.718 662.093 666.718 803.375 819.656 1280.500 1281.562 1292.781 1315.093 1329.812 1349.968 1387.500 1393.093 
86.156 95.031 116.500 124.250 125.875 128.250 135.218 145.281 148.906 214.031 278.718 310.875 354.625 452.437 530.843 531.718 533.250 557.937 559.281 564.187 632.437 641.375 1271.562 1278.187 1315.093 1363.937 
72.562 80.625 96.250 97.625 98.031 113.875 121.812 125.125 133.093 138.187 305.750 495.656 562.281 618.281 619.562 620.406 624.687 677.593 1030.500 1194.812 1282.125 1289.343 1357.156 1398.656 1399.875 
77.718 84.875 106.093 107.062 109.750 118.125 122.375 123.562 127.531 133.781 138.906 140.906 211.468 219.937 298.750 456.781 527.375 562.718 610.750 616.937 623.125 623.343 652.343 661.187 820.031 983.281 1013.375 1346.093 1349.187 1363.875 1393.375 
98.500 106.000 117.343 118.718 126.093 139.281 152.093 275.187 308.062 458.843 535.031 570.875 614.875 635.656 662.281 679.218 1390.750 
