-1284.875 -1188.688 -1063.063 -875.313 -757.625 -610.782 -284.375 -127.219 -117.250 -30.188 37.687 93.687 186.781 210.468 220.062 241.562 422.500 431.937 469.937 502.750 561.468 573.906 657.218 739.343 914.500 973.906 1023.437 1049.718 1064.812 1143.406 1153.250 1182.906 1347.687 1417.343 1652.968 1703.093 1809.718 2660.343 2783.750 2955.937 3333.468 3435.406 
-1995.938 -1979.469 -1975.969 -1772.375 -1603.688 -966.782 -898.000 -198.813 -128.750 38.906 71.125 83.750 98.312 214.750 313.437 354.406 406.156 410.968 421.781 470.187 537.250 550.875 564.281 593.031 594.187 648.062 656.687 672.062 688.531 706.531 711.875 714.687 721.312 761.093 781.750 790.250 814.812 853.031 890.875 1239.156 1248.218 1285.375 1303.312 1347.125 1354.312 1466.093 1491.750 1494.718 1505.187 1527.937 1636.750 1649.187 1703.906 1793.968 1830.343 1974.062 2993.656 3127.312 3211.093 3520.750 3927.968 
-1330.844 -1126.719 -986.563 -882.375 -58.688 -23.782 18.937 28.593 77.812 85.125 177.656 194.843 214.656 224.031 228.750 306.343 411.531 418.250 532.562 545.625 560.031 563.125 568.375 581.968 594.375 607.656 657.531 662.593 678.093 807.468 817.093 868.531 913.031 1148.906 1151.781 1167.125 1179.843 1188.937 1268.406 1273.125 1297.656 1318.593 1346.906 1358.093 1367.562 1427.562 1437.625 1477.593 1524.406 1623.562 1653.218 1691.031 1701.656 1810.562 1824.750 1851.937 1877.375 2210.968 2228.000 2329.093 2423.750 2461.718 2567.906 2724.000 2877.625 3144.875 3358.812 3430.437 3557.562 3841.406 
-1754.969 -1626.157 -1192.344 -1165.282 -1107.375 -1050.594 -952.344 -108.782 20.187 25.562 34.281 57.781 72.500 199.750 213.906 217.500 306.375 389.375 405.968 493.937 544.343 558.125 565.625 583.343 599.218 605.437 671.218 722.531 727.562 728.750 740.156 805.093 859.250 866.468 1160.656 1173.656 1237.531 1266.562 1366.906 1523.312 1552.906 1632.531 1639.218 1652.156 1726.375 1755.468 1820.937 1825.593 1833.625 1844.781 2040.312 2233.843 2882.312 3116.156 3687.718 
-1798.094 -1559.282 -1373.563 -1305.594 -1163.907 -1038.782 -689.844 -530.563 -523.125 -341.344 -295.469 21.250 55.000 72.218 82.968 86.812 196.156 202.812 216.156 313.562 333.562 354.187 376.937 388.562 397.187 406.312 407.625 410.250 518.000 610.218 670.531 712.750 719.343 814.562 835.937 1120.250 1171.500 1180.906 1186.625 1269.437 1333.687 1491.031 1496.125 1509.718 1519.343 1527.375 1602.218 1697.593 1743.250 1758.156 1776.562 1803.906 1826.937 1833.125 1836.406 2006.375 2130.968 2172.906 2365.312 2400.937 2633.531 2664.000 2716.375 2973.156 3108.875 3248.468 3480.875 3625.250 
-1989.313 -1815.532 -1716.125 -1211.375 -601.375 -600.594 -534.594 -429.375 -360.282 -144.313 23.343 37.562 49.375 56.031 72.656 82.812 181.781 236.312 242.500 270.250 309.937 347.093 405.062 424.218 449.312 472.656 505.906 549.093 553.937 569.406 687.687 728.500 734.218 739.125 815.906 847.531 1137.187 1141.375 1164.718 1183.375 1188.656 1198.562 1357.218 1359.875 1365.468 1419.812 1435.625 1478.218 1495.375 1516.937 1536.656 1541.937 1545.656 1552.625 1635.500 1638.875 1689.093 1746.000 1755.281 1791.875 1795.406 1809.343 1830.093 1839.281 1996.156 2201.875 2472.281 2564.718 2597.781 2797.906 2816.031 2941.656 3348.843 3582.375 3723.187 3940.218 3969.750 
-1572.125 -1478.969 -1469.688 -1373.625 -1124.813 -640.532 -495.094 -389.469 -209.157 -133.032 9.843 75.937 184.375 204.375 236.062 330.437 389.218 497.000 504.281 575.875 602.343 646.312 689.250 753.718 798.031 862.625 1049.625 1159.218 1184.468 1284.562 1291.750 1383.218 1512.718 1646.500 1652.875 1698.781 1709.156 1728.218 1747.187 1756.750 1770.093 1805.875 1819.750 1839.312 2261.656 2563.781 2825.468 2865.312 2867.125 3219.531 3911.718 
-1943.282 -1941.407 -1826.344 -1714.969 -1587.719 -1476.688 -1217.344 -1037.125 -464.313 67.718 81.750 83.781 87.343 129.843 183.468 380.968 388.437 405.968 467.375 475.531 543.656 551.468 561.312 592.031 672.281 688.625 705.187 711.562 722.031 729.500 772.781 816.437 837.500 867.812 903.031 1057.218 1152.625 1158.500 1171.750 1178.625 1189.531 1480.218 1507.906 1531.656 1536.093 1636.187 1640.781 1657.437 1667.843 1681.406 1689.031 1701.718 1716.312 1761.687 1816.156 1827.093 1831.468 1850.062 2013.812 2520.062 2822.593 3121.718 3254.906 3562.500 
-1723.313 -1690.250 -1417.032 -1376.125 -1290.500 -961.000 -580.563 -363.094 -226.594 -87.719 37.468 45.937 53.625 70.750 83.593 169.218 226.500 233.625 249.437 275.750 277.468 283.156 299.093 376.718 410.937 422.406 516.343 532.500 545.531 549.281 570.218 583.093 589.625 659.437 681.031 694.031 704.500 721.312 732.656 743.218 753.812 793.343 837.625 847.812 852.312 899.656 909.750 933.375 1112.531 1177.312 1328.031 1332.562 1342.156 1383.656 1476.062 1482.531 1491.875 1522.437 1534.156 1540.093 1639.531 1650.093 1651.218 1679.156 1700.062 1739.093 1758.718 1792.875 1800.750 1846.687 3143.375 3267.062 3399.218 3483.218 3523.937 3526.500 3579.406 3649.375 3740.000 3819.781 3913.937 
-1421.969 -1287.594 -1209.594 -1191.157 -991.125 -971.688 -959.125 -956.282 -826.938 -744.719 -299.250 -179.844 -151.000 24.156 35.906 48.937 57.437 60.812 70.812 73.812 83.406 166.875 177.875 290.500 332.312 340.031 384.406 390.187 411.687 483.812 507.156 656.281 708.218 710.968 740.250 795.750 867.406 1184.125 1266.218 1334.656 1350.156 1376.031 1439.812 1477.343 1484.875 1496.375 1509.656 1526.406 1666.500 1704.281 1845.968 1861.281 1865.500 2091.406 2232.406 2777.937 3194.281 3415.906 3756.750 3806.437 3828.031 
-1842.063 -1796.875 -1671.125 -1573.063 -1347.688 -1055.157 -743.250 -661.844 -600.407 -149.094 55.531 66.312 93.625 145.375 185.406 194.062 200.875 223.875 234.093 299.718 316.843 383.000 397.593 407.343 423.906 474.218 478.312 560.125 607.968 657.500 664.062 691.125 773.812 1143.000 1182.843 1194.500 1284.687 1350.250 1364.843 1373.593 1429.406 1449.812 1513.968 1524.156 1549.312 1645.375 1734.343 1811.687 2154.000 2268.250 2823.125 2870.750 2971.000 2999.562 3150.125 3272.343 3443.937 3499.187 3538.812 3644.343 3914.718 3967.093 
-1874.532 -1752.313 -1712.532 -1594.719 -1420.438 -1347.500 -1147.032 -972.782 -876.500 -744.938 -491.844 -414.938 39.406 75.625 84.718 170.312 196.000 212.750 224.250 244.093 314.656 332.062 355.281 403.593 536.656 545.875 550.562 553.687 586.093 595.625 661.843 714.937 754.250 848.531 870.625 886.437 904.187 1135.906 1137.062 1140.906 1151.687 1161.531 1182.125 1223.500 1284.812 1399.531 1453.875 1480.625 1490.437 1536.218 1544.062 1559.812 1602.468 1617.937 1651.156 1673.937 1689.218 1716.125 1727.593 1736.593 1815.625 1822.218 1844.281 1857.500 1865.218 2043.687 2349.781 2835.062 2913.656 3098.468 3229.437 3312.812 3507.531 3879.625 3928.906 3978.625 
-1569.938 -1450.719 -1401.375 -1368.625 -1284.375 -1144.469 -1033.063 -883.375 -731.063 -435.750 -307.313 -198.969 19.156 54.968 58.468 68.531 76.437 85.937 179.625 219.906 291.343 324.718 410.781 433.125 532.500 781.593 842.156 1136.781 1270.781 1490.750 1494.187 1627.281 1656.281 1665.531 1809.781 1830.406 1831.125 2285.281 2704.781 2845.343 3152.562 3725.531 3834.281 3939.312 
-1573.282 -788.407 -491.438 -384.282 204.218 212.562 231.062 251.031 311.000 503.375 526.000 535.718 550.687 604.562 837.156 1631.406 1648.750 1689.250 1812.937 1818.843 2671.500 2950.812 3465.781 3730.687 3921.468 
