-1800.313 -1698.938 -1470.625 -1157.438 -874.907 -681.469 -536.344 118.718 178.281 754.437 845.468 903.437 904.906 1054.062 1135.406 1288.312 1456.906 1507.281 2020.812 2472.031 2571.562 2892.281 3118.406 3444.937 
-1569.532 -974.375 -149.407 128.906 582.156 822.718 1186.281 1313.125 1457.187 1505.375 1635.343 1761.656 1835.750 1923.218 2040.375 3112.187 
360.062 545.500 677.656 754.625 1018.468 1189.062 1499.156 1538.281 1766.000 1772.718 1923.718 
350.281 373.656 663.593 913.968 1198.843 1300.343 1456.343 1459.531 1681.656 2002.812 
681.031 736.406 913.968 920.093 1002.781 1459.843 1650.187 1778.250 2053.718 
36.937 41.218 352.250 571.781 1277.843 1301.093 1306.343 2088.281 
825.656 
62.031 193.000 347.375 739.937 759.062 921.218 1074.687 1320.187 1361.343 1366.937 1631.968 2018.937 
187.750 326.875 344.968 346.875 535.437 542.375 549.593 562.031 677.250 843.875 862.156 863.718 950.062 1052.031 1630.125 1844.093 1850.375 1944.312 2020.781 2039.562 2822.968 3991.031 
-1784.157 -1568.532 -1458.969 -1307.750 -1252.657 -1204.157 -1081.344 -1026.750 -934.563 -875.750 -848.157 -761.969 -745.625 -688.125 -141.875 61.562 97.656 179.062 197.093 293.718 322.937 349.593 357.218 487.468 498.250 538.656 545.718 551.000 561.281 671.750 734.250 737.625 850.968 871.281 903.656 921.093 1007.937 1018.562 1036.906 1073.531 1185.343 1187.156 1197.250 1325.125 1429.531 1466.875 1479.500 1538.500 1631.906 1636.593 1760.187 1762.406 1774.156 1856.781 1872.750 1903.468 1924.281 1960.406 2028.250 2040.562 2615.625 2827.187 3088.187 3224.031 3250.093 3829.468 
