588.406 875.031 1579.593 1656.000 1727.500 1967.250 2052.718 2056.812 2518.062 3082.156 3111.656 3151.843 3208.500 3233.406 3385.937 3394.750 3406.781 3430.843 3523.562 3526.593 3955.843 3976.656 3986.593 
417.062 511.687 2007.375 2080.843 2246.187 2343.531 2447.000 2459.343 2626.187 2642.812 2765.031 2779.281 2790.625 2818.093 2947.531 2964.093 2971.843 3009.062 3019.281 3031.843 3223.000 3267.875 3281.187 3323.093 3467.781 3682.343 3735.718 3752.375 3783.656 
713.125 1881.500 2235.656 2597.937 2622.531 2636.312 2657.468 2676.500 2707.250 2731.406 3023.187 3033.625 3048.312 3058.968 3072.562 3155.093 3176.625 3248.562 3528.937 3547.468 3699.468 3704.531 3789.843 3926.312 3929.312 
918.812 1443.437 2110.687 2677.250 2738.718 2784.062 3053.562 3314.500 3534.468 3619.531 3669.125 3688.093 3696.500 3994.093 
17.562 46.187 125.281 196.750 251.812 895.500 927.656 1466.156 1622.781 1748.875 1889.437 2613.312 2633.062 2791.375 2811.187 3372.531 3446.875 3465.562 
578.562 625.437 1503.093 1700.031 1877.437 2421.093 2471.000 2670.562 2727.000 3168.062 3187.375 3201.875 3215.406 3268.718 3280.031 3409.281 3635.968 3922.062 3925.406 3935.093 3993.718 
131.531 642.906 2830.593 3143.812 3215.062 3238.281 3977.687 
2494.343 2510.156 2749.593 2754.406 2791.812 2880.000 3752.406 3815.343 
2060.468 2953.218 
1224.312 1808.625 
