82.625 189.593 316.718 723.781 870.968 1034.437 1036.000 1037.125 1039.937 1040.906 1097.250 1494.750 1558.687 1783.437 1783.968 1784.375 1789.687 1793.593 1810.437 1900.125 1987.843 3750.781 
81.187 82.156 87.718 340.500 641.093 727.812 751.406 1034.593 1036.250 1040.218 1041.125 1049.031 1090.218 1214.656 1500.593 1552.750 1557.718 1567.843 1784.500 1786.031 1810.937 1899.250 1901.187 2490.468 
81.906 82.937 192.406 633.000 1035.656 1040.031 1041.375 1358.312 1552.062 1783.437 1784.562 1785.281 1786.468 1791.000 1792.281 1794.468 1810.625 1811.250 1901.343 2676.875 3954.781 
81.593 83.125 634.593 869.718 1039.687 1041.593 1090.218 1502.156 1782.406 1790.375 1903.968 2561.625 2597.875 
84.937 86.093 287.125 1034.656 1035.468 1036.125 1040.156 1552.812 1784.593 1809.687 1811.062 
81.937 186.656 633.562 634.843 1049.812 1552.531 1656.218 1784.000 1784.625 1810.562 1811.281 2533.250 
189.593 1033.375 1034.656 1035.312 1050.156 1991.843 
79.875 86.343 1037.781 1040.375 1552.187 1655.468 1791.187 1902.656 
80.500 81.781 111.875 633.843 1034.437 1036.375 1038.125 1038.718 1050.781 1088.656 1556.718 1653.843 1685.687 1783.093 1785.437 1791.625 3635.062 
1040.375 1552.343 1553.781 
