-1963.313 -1657.782 -1380.188 -1309.719 -1261.625 -1081.344 -781.282 -728.875 -508.188 -298.313 -170.500 -29.313 24.593 99.812 177.625 191.062 211.437 300.875 333.656 351.281 490.406 570.625 850.406 874.500 918.187 990.500 1440.750 1449.656 1474.468 1488.250 1516.343 1690.218 1762.000 1794.500 1816.468 2401.531 2667.937 2943.312 2968.093 3010.750 3216.093 3252.687 3299.281 3569.562 3717.125 3853.250 
-1861.063 -1662.844 -1561.625 -1370.250 -1298.532 -1251.938 -1115.407 -679.750 -489.907 -436.188 -350.407 -173.782 50.687 133.218 150.187 159.500 219.468 228.812 293.343 304.125 321.062 387.750 464.656 501.187 526.937 565.468 587.312 590.625 596.968 666.500 672.812 688.656 877.562 900.281 1025.562 1049.468 1070.562 1153.937 1337.968 1342.312 1354.218 1359.500 1480.625 1495.406 1514.593 1536.656 1602.031 1613.437 1659.062 1726.781 1750.562 1796.593 1820.625 1842.437 2131.031 2244.781 2361.812 2542.562 2643.562 2737.562 2770.437 2809.156 2966.093 3038.843 3129.718 3160.968 3237.593 3374.625 3403.656 3529.062 3846.593 3972.656 
-1904.938 -1837.719 -1815.407 -1573.438 -1553.344 -1509.563 -1267.313 -1179.282 -1102.907 -957.157 -779.500 -364.875 -326.344 -170.438 63.812 127.656 151.687 190.000 223.781 230.968 293.906 307.343 324.343 332.250 356.531 424.531 529.250 556.156 574.031 606.906 655.625 723.812 853.437 1133.375 1162.406 1277.718 1323.250 1340.281 1358.250 1423.218 1440.750 1499.843 1646.406 1686.718 1727.687 1763.218 1811.031 1860.312 2124.187 2310.281 2341.625 2389.750 2450.562 2631.187 2748.500 2844.562 2919.750 3102.062 3389.125 3408.250 3440.125 3774.375 3783.343 
-1964.532 -1869.719 -1856.344 -1505.375 -1211.407 -1086.469 -922.094 -753.219 -685.500 -506.438 -438.875 17.187 25.375 134.843 174.281 206.843 213.968 422.531 570.250 579.531 589.281 661.843 684.468 699.093 753.468 769.875 811.000 816.406 873.593 889.125 913.750 1131.468 1146.062 1244.250 1361.093 1513.812 1523.125 1557.250 1706.812 1721.437 1730.375 1740.437 1822.500 1850.312 2177.906 2317.250 2494.656 2560.406 2606.437 2754.500 2824.812 2857.187 3040.531 3061.125 3079.156 3161.968 3306.125 3425.718 3566.218 3927.093 
-1891.157 -1633.063 -1299.563 -1041.657 -983.563 -920.782 -748.438 -388.000 -2.407 16.531 53.468 55.625 71.062 176.468 188.031 200.062 231.218 343.812 540.812 572.906 660.343 725.031 745.187 900.718 1047.718 1139.343 1170.937 1326.656 1341.000 1367.687 1435.843 1531.218 1539.125 1635.656 1659.937 1742.812 1754.218 1810.843 2153.156 2430.718 2621.750 2725.593 3029.375 3090.375 3188.156 3285.718 3456.500 3631.781 3672.750 3725.375 3756.343 3987.093 
-1994.969 -1875.875 -1749.625 -1646.219 -1514.438 -1342.219 -1174.438 -938.657 -598.344 -512.719 -61.375 -52.844 49.000 154.250 187.312 230.500 294.656 332.625 348.687 358.687 415.625 421.937 467.031 477.187 494.937 554.500 565.875 668.250 691.750 744.875 777.312 834.531 849.531 860.218 904.375 910.062 1003.843 1088.156 1096.937 1193.625 1327.125 1346.656 1354.718 1362.968 1418.531 1505.343 1513.406 1521.781 1553.375 1634.000 1713.031 1726.156 1785.906 1817.875 1830.843 2216.562 2360.531 2433.125 2516.437 2589.281 3049.906 3083.187 3202.343 3297.250 3542.875 3630.562 3760.281 3922.375 
-1913.813 -1887.407 -1758.594 -1730.782 -1683.375 -1563.125 -1307.438 -1215.407 -947.438 -723.532 -686.375 -657.750 -618.844 -529.907 -266.157 -248.032 24.937 60.093 212.343 220.156 235.625 291.843 305.031 315.281 350.281 358.000 382.312 417.875 562.031 583.468 674.250 694.093 776.812 783.593 798.750 807.312 837.687 874.937 1015.218 1127.281 1135.343 1147.875 1164.281 1294.593 1354.468 1419.562 1428.125 1442.375 1487.937 1499.156 1635.937 1640.468 1648.625 1719.375 1840.906 1852.250 2103.812 2160.906 2532.218 2675.968 2761.531 2903.375 3140.593 3245.250 3453.156 3506.375 3533.562 3846.562 3918.468 3954.968 
-1538.688 -1497.594 -1371.844 -1341.813 -1306.407 -1260.907 -1133.719 -899.594 -756.250 -737.719 -540.969 -428.813 -253.969 -135.657 -90.782 28.250 35.781 57.625 68.968 80.250 91.250 134.750 166.750 188.250 231.562 236.375 307.531 325.281 357.843 408.250 469.500 525.843 572.656 657.375 685.375 769.156 800.968 817.062 874.531 897.718 1002.156 1045.062 1168.250 1185.031 1191.937 1262.125 1358.406 1369.000 1508.031 1514.593 1522.250 1606.937 2288.687 2471.781 2643.187 2784.750 2904.843 3071.750 3297.000 3326.031 3347.156 3384.718 3486.281 3517.750 3648.281 3680.062 3738.656 3834.593 3880.218 
-1814.813 -1729.532 -1671.625 -1443.625 -1303.719 -1209.219 -1122.032 -1099.344 -1011.938 -962.157 -890.719 -627.594 -516.688 -436.407 -341.125 -298.938 -46.438 14.281 25.468 49.843 53.156 57.000 80.562 208.312 221.468 280.406 314.062 324.343 404.500 414.687 465.000 470.406 497.687 528.562 589.500 592.625 604.406 654.531 711.875 784.750 798.281 842.218 851.375 995.250 1043.656 1076.843 1133.968 1149.468 1155.312 1167.906 1194.656 1281.031 1303.875 1341.156 1370.281 1473.000 1502.687 1507.718 1536.562 1635.718 1644.281 1657.187 1687.343 1740.625 1753.781 1757.937 1794.250 1811.125 1843.125 2145.281 2244.000 2416.531 2438.562 2463.875 2594.125 2671.187 2723.625 2815.312 2902.312 3032.750 3061.718 3108.312 3480.781 3521.593 3586.812 3838.437 3919.937 
-1935.500 -1271.063 -778.688 -632.938 -475.188 -420.000 -93.313 15.531 28.875 40.718 68.843 74.562 88.843 221.218 237.750 285.093 324.531 477.531 577.937 657.187 686.093 877.250 1018.968 1144.875 1168.000 1186.406 1260.625 1317.843 1431.843 1475.218 1502.812 1524.812 1540.437 1661.156 1667.843 1754.968 2169.000 2541.312 2642.656 2695.812 2758.687 2806.562 2814.500 2877.562 2983.281 3180.531 3524.593 3652.468 3814.093 
-1928.750 -1751.000 -1403.219 -1323.063 -1283.094 -1253.813 -1229.594 -1218.969 -1025.625 -994.250 -888.407 -580.282 -477.282 -294.719 13.312 26.781 43.718 66.937 74.000 87.468 98.000 157.812 176.250 188.281 195.125 212.781 309.156 347.625 384.281 417.562 468.875 558.250 596.125 658.906 686.406 768.656 780.562 795.468 807.375 895.156 902.125 914.125 1072.000 1110.468 1131.406 1144.031 1258.281 1284.875 1294.750 1316.093 1325.937 1343.687 1352.562 1445.468 1468.562 1496.750 1507.218 1518.187 1550.875 1649.812 1726.031 1740.531 1788.406 1808.687 1854.531 1862.593 2289.875 2308.312 2472.218 2527.343 2579.375 2659.468 2918.312 2972.625 3030.406 3122.875 3323.437 3357.687 3365.062 3589.750 3607.906 3644.281 3738.750 3842.062 3872.750 3918.375 
-1814.469 -1556.094 -983.813 -952.625 -614.438 -367.282 -151.844 -127.813 44.875 89.562 161.062 206.812 229.156 290.187 343.500 349.875 367.906 380.375 403.187 527.718 576.718 588.812 671.031 676.468 686.906 703.000 790.000 811.281 910.218 1015.218 1044.593 1085.375 1155.000 1262.843 1285.406 1304.718 1350.343 1419.656 1425.937 1516.468 1661.937 1714.968 1756.843 1787.125 1826.281 2226.687 2427.687 2544.593 2643.593 2769.250 2875.187 3090.968 3124.812 3221.375 3242.718 3281.812 3479.625 3643.562 3819.875 3901.500 
-1970.813 -1828.938 -1505.875 -1451.344 -1249.875 -1233.719 -1044.125 -892.688 -799.594 -748.907 -695.594 -634.844 -382.813 -355.375 -65.282 -40.313 15.906 32.687 49.593 148.625 159.281 175.093 208.312 232.562 283.656 355.500 380.093 406.656 527.343 554.031 567.125 575.000 583.031 614.312 658.593 667.718 724.062 742.468 748.875 870.718 890.937 1033.687 1087.625 1169.343 1174.500 1180.843 1305.250 1354.312 1438.656 1475.281 1494.625 1502.875 1540.875 1603.312 1631.718 1637.312 1660.968 1674.968 1690.687 1727.375 1731.718 1756.812 1763.593 1768.718 1792.937 1803.468 1853.875 1864.656 2194.187 2226.812 2290.218 2329.156 2572.812 2749.937 2777.156 2909.343 3028.531 3116.062 3182.250 3260.125 3389.000 3435.281 3504.281 3651.187 3810.312 3821.375 
-1961.688 -1878.875 -1857.032 -1544.094 -1517.782 -1460.344 -1337.313 -1161.657 -1121.188 -491.000 -272.625 -118.532 15.312 65.031 84.750 89.156 145.750 161.750 175.468 241.312 317.312 334.406 357.468 372.250 405.968 490.937 541.406 547.968 569.656 583.625 590.875 655.906 668.343 698.156 706.937 729.093 768.968 778.562 810.656 825.343 851.875 995.718 1015.375 1034.718 1049.718 1071.406 1083.250 1150.406 1167.062 1204.312 1244.875 1280.093 1343.687 1354.750 1361.125 1421.750 1484.281 1507.875 1542.968 1607.187 1788.750 1813.062 1858.750 2146.250 2294.406 2399.093 2493.218 2572.375 2731.156 2882.000 3109.906 3228.375 3291.718 3456.656 3910.156 3959.375 
