847.531 1827.093 
13.093 16.000 50.843 251.812 276.750 294.437 307.875 382.437 431.531 719.937 784.781 808.562 845.250 870.531 895.625 1123.250 1285.531 1357.593 1412.906 1695.375 
13.437 15.343 21.906 181.437 229.312 251.625 307.625 308.781 444.093 761.968 1695.281 1827.437 1939.062 
13.343 14.250 19.468 209.281 226.093 239.156 314.125 583.843 612.312 672.531 1193.812 1285.218 1467.562 1534.500 1827.312 1849.687 
19.906 24.843 49.968 50.781 311.718 360.000 750.937 845.437 849.937 1049.156 1183.781 1274.406 1823.875 1826.562 
13.687 17.406 22.593 107.406 210.218 214.718 444.562 448.125 468.125 584.531 723.312 785.718 1121.531 1324.281 1467.531 1528.125 1531.781 1744.562 1823.718 2078.093 
13.468 17.031 44.906 53.562 153.312 226.781 294.187 425.250 468.187 846.718 1180.187 1285.062 1669.531 1925.750 
13.281 44.593 89.968 159.343 190.906 251.437 307.218 468.906 470.343 846.625 1054.562 1125.593 1648.093 1729.968 1781.937 1827.375 
13.250 14.062 16.093 53.406 75.625 229.343 506.437 785.781 807.625 979.218 1124.718 1466.562 1467.562 1741.468 
13.031 19.343 67.125 205.062 216.062 247.125 313.375 446.000 452.031 474.500 582.906 583.593 873.406 918.343 1152.312 1232.218 1356.343 1492.781 1656.812 1743.843 1824.937 1828.125 1849.437 1938.875 
