15.781 
15.031 17.343 19.062 20.125 27.843 48.250 65.281 72.562 109.125 117.281 132.625 943.468 1142.156 1320.250 
15.375 17.468 18.875 27.062 29.718 48.500 104.625 199.750 1516.781 1665.500 1668.500 
13.906 18.812 20.968 29.750 58.656 61.031 94.781 616.531 636.906 1618.281 
15.437 19.875 69.531 116.718 135.250 160.531 181.906 200.906 440.593 575.125 637.656 984.906 1728.781 1926.531 
15.562 18.281 19.875 22.812 29.781 67.781 212.500 290.812 308.968 578.781 615.062 636.343 638.593 658.250 1144.656 1403.875 1621.218 2074.875 2080.687 
14.781 15.906 117.312 264.812 287.968 421.468 440.437 964.468 1021.125 1534.750 1620.343 
16.875 17.937 18.781 48.562 286.593 575.156 1037.562 1362.093 1666.875 
15.375 18.156 25.687 43.187 371.125 435.906 482.093 560.406 637.625 997.468 1186.468 1319.656 1339.812 1390.375 1621.375 
19.437 116.656 135.781 160.781 200.000 368.281 555.437 575.218 615.531 661.593 1267.031 1494.437 1800.156 1817.531 
