174.625 190.281 386.406 387.906 389.906 412.781 416.812 489.656 495.093 495.718 496.000 501.500 507.187 510.468 515.406 649.281 649.750 658.281 658.812 660.031 664.531 726.156 751.312 974.843 1001.250 1105.781 1108.031 1193.906 1195.500 1195.843 1197.968 1351.875 1353.531 1372.750 1394.125 1408.500 1420.093 1422.000 1438.125 1445.812 1448.000 1458.843 1463.937 1816.156 2131.406 2366.000 3713.406 
160.281 168.312 186.781 275.500 390.906 410.906 489.312 500.656 502.656 503.593 658.843 660.281 682.812 716.156 716.500 718.125 728.437 729.687 755.750 761.781 919.718 974.062 1093.218 1193.062 1195.687 1202.875 1210.812 1355.906 1370.406 1379.093 1400.843 1418.468 1422.593 1437.781 1438.156 1455.750 1458.406 2298.687 3490.656 
398.218 411.781 417.750 492.062 493.812 498.843 501.343 505.125 507.593 661.406 716.437 726.625 738.937 753.625 765.843 1095.281 1191.906 1196.093 1196.875 1199.156 1200.343 1204.687 1354.687 1358.718 1361.125 1421.781 1422.031 1438.437 1451.406 1453.375 2792.312 
23.437 171.156 275.312 384.968 395.375 397.812 403.125 475.218 489.906 491.687 494.000 498.843 505.250 512.250 658.062 659.625 661.500 700.531 716.968 718.656 724.187 726.031 752.437 764.781 1100.968 1107.250 1193.125 1194.906 1196.218 1197.468 1352.093 1421.750 1423.343 1479.812 1754.406 1841.093 2807.250 2840.562 3008.062 3634.406 
38.968 183.125 242.406 411.937 417.656 488.031 488.875 650.000 651.062 652.375 664.843 682.218 718.218 719.937 723.500 726.718 742.500 754.156 973.687 1127.500 1189.843 1190.156 1195.406 1196.750 1197.125 1197.593 1200.875 1201.781 1218.000 1354.593 1359.687 1368.500 1420.125 1421.312 1421.656 1423.187 1448.468 1449.937 1476.406 1653.062 2583.812 2654.750 3992.500 
164.500 185.093 495.468 497.468 499.343 508.218 650.562 652.812 660.250 666.593 685.562 718.750 719.218 726.656 745.687 750.875 760.343 765.250 915.218 973.250 1194.531 1196.062 1201.125 1357.156 1358.781 1360.843 1371.750 1409.375 1418.718 1422.125 1423.656 1444.437 1448.875 1452.625 1732.062 2424.250 3814.562 
490.218 493.468 496.750 499.125 505.906 507.562 512.906 565.281 592.218 652.875 716.843 726.750 761.718 765.625 954.468 972.000 974.750 1098.437 1105.312 1107.656 1194.062 1200.343 1200.968 1215.281 1354.843 1355.750 1422.031 1422.750 1448.156 1458.187 1833.031 3825.218 
489.000 494.906 500.125 507.125 508.937 512.843 655.031 658.437 665.125 710.187 717.843 718.750 720.500 722.500 729.625 766.750 1187.656 1193.843 1194.156 1195.843 1271.406 1353.468 1355.406 1360.437 1361.156 1370.812 1407.125 1418.718 1420.437 1421.843 1456.312 1456.562 1486.750 3041.156 
173.062 402.437 411.468 496.593 497.437 500.281 504.125 514.187 516.125 569.687 650.937 667.031 705.093 718.468 718.875 750.687 1095.250 1189.625 1195.531 1202.625 1352.593 1354.125 1360.281 1360.875 1378.906 1406.593 1441.937 1453.250 1458.593 1467.281 1475.718 2050.875 3126.156 
282.000 282.625 490.031 497.750 499.343 506.937 512.312 652.000 658.156 665.125 717.156 717.656 719.125 723.656 771.687 1095.781 1105.593 1191.875 1195.656 1197.343 1199.250 1357.562 1359.062 1359.906 1378.625 1409.593 1419.218 1421.906 1423.781 1449.781 1458.218 1466.718 1477.937 2170.875 3309.593 3784.187 3984.437 
