46.218 91.218 176.218 193.531 264.781 315.812 322.875 429.937 453.875 557.843 561.468 566.093 597.718 646.406 653.593 732.906 734.031 734.281 734.812 737.093 740.250 741.218 742.406 747.250 747.437 758.937 763.593 763.781 766.937 767.812 768.218 768.281 769.812 769.875 770.062 770.125 770.187 770.250 891.125 892.718 893.687 897.500 917.843 923.843 927.781 977.781 986.156 1085.562 1088.218 1089.250 1099.218 1111.687 1116.000 1118.406 1127.593 1445.312 1445.781 1462.406 1463.593 1510.343 1555.531 1557.468 1574.062 1685.875 1713.468 1715.156 1724.718 1750.218 1751.750 1753.937 1788.625 1854.562 1911.250 1912.687 1913.062 1941.750 2330.031 3409.812 
460.062 554.468 558.281 566.937 628.781 732.875 740.625 741.968 752.750 771.625 789.250 891.343 896.406 903.250 984.562 1100.906 1111.406 1117.062 1130.281 1446.562 1465.500 1466.593 1555.718 1580.750 1590.843 1595.375 1600.125 1714.281 1716.781 1718.250 1905.093 1911.656 1941.625 1951.218 2060.093 2697.437 3478.968 3729.125 
197.281 200.562 265.218 305.687 316.812 365.406 734.468 736.500 738.875 752.781 753.875 793.250 854.968 893.843 895.500 897.812 905.843 919.625 925.312 983.031 993.312 1083.343 1087.937 1088.343 1097.093 1101.906 1102.437 1110.562 1117.375 1343.687 1465.531 1555.531 1556.187 1557.968 1582.875 1589.718 1591.687 1600.062 1719.500 1726.843 1729.562 1730.750 1733.343 1741.656 1745.500 1907.562 1908.656 1910.312 1915.031 1916.125 1931.250 1939.406 1945.500 1952.687 2806.781 
47.343 80.218 198.000 323.531 565.031 634.625 642.250 734.937 740.625 742.718 756.531 765.406 871.812 896.937 897.812 898.906 904.937 913.875 976.562 980.500 981.906 1089.218 1101.687 1103.593 1114.781 1117.625 1466.218 1551.500 1557.062 1558.843 1565.500 1573.687 1576.218 1585.968 1593.093 1598.750 1602.593 1713.750 1742.156 1750.218 1801.000 1802.375 1832.843 1910.218 1942.406 1943.593 1944.156 1946.312 2974.343 
67.718 137.218 536.843 631.968 641.812 643.000 740.625 741.062 758.562 765.562 769.625 890.937 903.062 978.281 980.531 1084.125 1091.906 1098.375 1102.812 1448.562 1460.593 1462.187 1516.531 1517.281 1555.937 1557.500 1560.593 1566.156 1584.437 1591.500 1717.531 1718.781 1724.875 1725.843 1741.187 1749.875 1804.375 1942.656 1945.093 1945.343 3064.562 
180.281 431.656 644.062 734.812 753.937 758.968 769.843 893.406 895.531 896.062 917.812 930.343 1102.125 1117.875 1127.250 1382.156 1474.750 1555.875 1558.250 1566.218 1593.843 1717.250 1910.375 1922.281 1951.406 2134.781 3236.343 3980.468 
289.562 302.562 304.593 547.406 645.875 720.406 732.687 734.968 736.687 743.093 746.281 747.718 752.968 765.937 800.875 873.968 894.500 897.625 923.531 964.562 1064.968 1083.875 1116.687 1119.625 1362.218 1394.406 1460.781 1561.625 1581.000 1581.875 1583.437 1591.250 1592.531 1593.562 1594.312 1601.312 1602.281 1713.562 1714.500 1750.968 1853.750 1940.218 1943.375 1945.375 2377.500 2451.843 3109.093 3696.812 3706.093 
85.531 447.656 560.843 644.593 734.375 734.812 737.312 740.625 743.125 752.812 757.906 763.875 769.906 875.406 890.687 892.437 893.687 896.500 923.750 928.125 989.125 1085.750 1092.812 1405.312 1445.437 1462.781 1556.687 1557.343 1561.687 1562.656 1563.687 1565.406 1566.093 1567.156 1582.812 1594.093 1597.281 1599.281 1603.218 1698.000 1713.250 1713.781 1718.781 1719.375 1720.093 1743.218 1748.687 1750.343 1751.156 1910.875 1919.968 1928.843 1933.500 1945.656 1946.406 1951.062 3007.718 
71.562 187.531 322.906 425.218 574.156 641.468 644.875 741.312 743.062 754.343 758.125 758.812 793.531 895.312 897.156 922.437 924.093 924.906 925.906 964.718 1090.593 1105.562 1129.718 1557.406 1563.968 1592.093 1592.906 1593.812 1621.062 1714.812 1719.781 1725.968 1728.250 1734.031 1745.312 1752.812 1910.531 1911.531 1934.500 1938.625 1943.250 1944.281 1945.375 2017.718 
196.156 559.781 573.218 639.593 732.875 734.062 735.593 737.718 741.000 742.468 756.000 757.593 760.937 766.093 767.156 767.343 885.187 895.531 980.593 1085.843 1086.875 1091.468 1097.750 1101.906 1103.875 1114.406 1127.593 1471.281 1540.750 1556.312 1557.312 1558.031 1560.125 1565.656 1567.562 1574.406 1580.593 1587.281 1590.875 1591.687 1701.531 1713.875 1714.843 1718.500 1726.000 1801.062 1883.187 1913.656 1930.125 1940.500 1942.562 1943.906 1945.750 2566.468 
