148.593 149.500 283.500 296.843 349.687 422.968 
23.750 112.812 113.687 133.000 181.875 196.812 266.468 336.468 408.406 614.281 769.843 849.750 1240.031 1300.156 1533.812 
84.906 170.968 180.031 242.562 254.187 264.968 446.437 504.531 727.593 1311.156 1538.375 1742.906 
18.812 50.937 61.062 86.218 101.062 179.437 243.156 370.156 576.500 605.656 814.437 1202.437 1203.718 1444.781 1461.093 1774.156 
53.062 103.187 143.000 217.937 368.843 407.250 439.218 647.468 1073.500 1166.906 1221.125 1317.000 1436.937 1480.656 1953.531 
42.968 72.437 100.937 179.593 179.875 289.375 337.406 404.812 440.812 473.062 731.468 823.875 986.125 1290.343 
14.500 101.500 113.593 264.406 330.250 333.468 350.125 367.031 401.187 455.250 554.000 824.093 854.656 859.062 903.531 931.968 1390.156 
45.468 79.500 100.906 401.687 573.312 885.468 1228.500 1445.625 
17.531 80.593 101.687 113.156 231.156 255.906 284.375 292.281 405.593 427.468 441.093 452.125 462.218 662.093 885.593 1297.562 1439.593 
28.875 101.437 103.281 178.843 198.906 252.781 356.250 423.312 525.875 693.781 730.875 865.187 1050.750 1079.156 1213.718 1290.687 1581.093 1663.843 1975.250 
