20.937 24.468 27.156 153.000 278.500 333.437 361.812 362.437 447.875 473.593 504.843 563.406 823.812 971.093 1134.343 1148.656 1330.937 1349.000 1384.312 1469.687 1470.562 1470.750 1554.593 1682.937 1817.468 2098.031 2307.437 3763.750 
18.281 57.531 161.593 362.031 447.968 671.281 700.562 800.625 804.937 922.250 968.875 1103.468 1122.625 1156.781 1229.656 1343.625 1469.562 1471.125 1643.968 1743.250 1744.125 1917.156 3460.656 
19.000 153.312 212.312 310.562 334.531 473.375 507.343 670.500 672.312 922.281 1121.437 1133.468 1231.750 1309.625 1346.125 1448.312 1470.156 1554.562 1743.000 1960.875 3635.687 3636.937 3637.375 
18.625 21.875 25.218 43.093 212.875 310.562 361.343 505.031 506.406 562.062 570.937 670.843 672.968 759.875 799.093 971.062 1281.718 1469.375 1550.093 1623.468 1959.687 2555.437 3303.843 3391.000 
17.937 21.218 24.531 25.125 27.343 27.968 118.093 152.531 155.031 218.156 250.656 278.656 362.125 506.218 608.562 673.312 738.906 804.218 920.593 921.437 1028.375 1157.750 1232.437 1344.906 1345.718 1554.468 1687.531 1756.968 1817.937 2889.843 2939.718 3765.843 3768.687 
22.062 29.062 55.781 56.062 75.812 156.437 361.781 503.000 506.062 669.718 673.562 798.500 921.375 940.281 1332.562 1450.125 1470.406 1470.937 1476.156 1743.125 1981.062 
74.406 152.968 212.375 264.781 278.593 280.000 322.781 361.468 421.406 445.218 503.625 669.875 718.562 759.343 788.906 804.625 848.937 1350.656 1469.750 1502.062 1621.250 1686.343 1751.281 1817.187 1884.343 1959.500 2136.968 3100.187 3549.250 3774.125 3949.000 
17.937 18.531 75.093 112.937 153.812 215.187 278.937 279.218 445.343 447.062 448.093 508.250 533.812 672.093 720.593 788.125 789.218 799.406 846.156 883.406 995.531 1056.343 1101.500 1236.312 1346.437 1470.312 1502.968 1554.125 1566.093 1684.062 1687.593 1819.156 1899.843 1912.687 2766.375 3790.406 3792.781 
56.406 57.500 119.531 279.718 310.531 334.500 390.468 443.750 473.343 606.687 670.312 671.031 673.500 760.187 762.406 787.531 848.156 1026.718 1118.062 1168.343 1234.281 1469.937 1500.312 1549.531 1686.500 1687.125 1712.343 1750.375 1817.687 1916.562 2986.625 
18.312 25.250 40.562 57.031 75.218 279.187 309.531 322.093 361.781 444.375 562.937 670.062 720.156 760.500 788.500 804.156 848.062 919.000 943.250 952.375 964.343 968.156 1085.718 1098.593 1199.875 1202.843 1234.218 1346.093 1448.593 1547.218 1549.750 1586.906 1818.937 2035.718 3575.687 
