15.406 22.218 72.593 672.218 1109.875 1311.343 2358.531 
24.187 321.531 448.656 500.437 589.093 654.656 657.468 1014.250 1929.281 
15.281 16.562 283.437 299.687 1703.656 
15.312 16.562 591.031 594.718 
299.343 388.500 430.531 620.125 656.312 1664.593 1947.000 
51.562 57.406 
23.562 72.625 74.875 75.125 186.906 446.531 674.406 1006.187 
21.718 231.031 232.406 233.500 248.406 304.250 674.906 1005.718 1152.781 1202.156 1225.718 2428.718 
16.000 22.062 26.625 56.000 674.406 792.187 1151.718 1419.718 
26.968 283.718 285.437 393.250 499.906 533.687 675.125 728.125 975.281 3053.000 
