183.625 365.906 401.781 601.843 627.500 912.875 
1561.750 1577.875 1584.093 1845.406 
288.031 404.781 513.218 1192.375 1430.406 1439.281 1845.031 
63.031 417.718 944.312 949.781 957.437 966.281 1192.156 1693.437 1777.625 1826.750 1848.656 
398.250 627.156 838.187 893.437 1328.937 1589.750 1846.718 
616.593 1004.625 1005.218 1430.343 1448.375 1466.156 1576.656 1704.875 1778.593 1780.718 1848.593 3440.968 
1429.781 1474.093 
52.281 75.968 442.437 672.437 945.625 1014.125 1224.781 1331.250 1504.437 1781.062 1843.468 
184.062 285.500 406.531 768.781 1258.875 1689.437 1844.062 
181.250 508.343 863.656 1191.843 1416.937 1421.250 1584.125 
