30.062 90.937 342.968 1004.781 1048.718 
21.000 63.218 285.500 504.812 603.593 669.468 815.468 921.187 1143.718 
24.031 24.750 63.656 172.937 204.218 418.437 666.750 798.000 899.875 
22.843 174.562 998.187 1020.125 1039.312 1319.875 1436.843 1486.562 
23.906 24.125 35.000 37.031 103.906 367.312 792.468 919.593 1040.875 1109.031 1323.812 
21.187 24.000 35.593 64.875 171.156 316.468 689.406 1034.812 1047.656 
23.031 173.281 706.343 1106.406 1133.406 
20.375 24.968 31.406 356.375 365.531 515.468 670.687 934.562 947.625 1048.656 1160.687 1474.562 
31.531 36.468 241.656 688.531 1106.500 1126.906 
22.937 309.656 515.718 689.093 939.125 1117.218 
