44.375 548.968 687.375 748.750 813.593 884.000 982.500 1277.156 1507.843 1589.843 1834.593 2382.218 2966.406 
31.375 1116.750 1235.031 1709.812 1951.875 
438.000 852.500 1400.562 
232.062 471.468 612.812 776.031 1109.156 1239.531 
35.781 105.218 171.656 178.343 1314.062 1541.937 
-255.125 29.156 41.375 47.281 448.468 549.937 608.750 1092.937 1196.843 1400.687 1693.687 
-925.969 15.718 226.343 247.468 750.687 778.343 913.218 948.781 1200.187 1203.218 1464.093 1589.656 1695.031 1718.531 1883.093 
644.687 829.812 927.531 1167.000 1176.406 1411.593 1416.375 1541.718 1631.406 1954.906 
-144.157 12.500 47.281 99.125 133.531 155.187 288.437 306.781 321.312 328.468 549.093 744.125 1181.781 1246.937 1676.906 1879.937 1947.312 2890.906 
31.968 577.593 639.343 688.875 1158.375 1234.562 1342.687 1392.687 1429.875 1638.656 1644.500 1714.156 1735.406 
