29.500 189.312 295.750 326.375 383.750 516.125 908.843 970.468 1150.500 1296.062 2023.250 2063.625 
32.812 47.875 198.062 207.093 217.281 298.281 417.718 477.375 515.312 686.843 904.812 970.406 1133.593 1149.781 1194.687 1297.843 1449.750 1451.281 1528.218 1581.062 1685.812 1804.281 2041.812 2072.343 
187.593 281.750 283.406 338.093 381.031 420.500 489.625 685.875 1064.187 1114.187 1149.437 1337.531 1450.093 1451.812 1685.406 1686.375 1789.843 1880.406 1925.937 2021.875 2023.031 2024.281 
29.656 192.250 201.093 326.437 381.843 385.250 393.562 516.781 1032.375 1066.000 1109.625 1292.687 1294.562 1319.906 1725.281 1873.750 1918.625 2022.937 2061.343 
48.687 112.937 114.375 118.875 201.781 281.562 294.906 382.000 406.937 431.000 524.156 970.062 1039.906 1065.781 1283.000 1308.593 1312.687 1767.906 1788.906 1803.843 2021.343 2023.906 
31.593 37.093 118.187 193.906 202.093 236.625 283.125 364.718 381.687 432.343 524.406 533.968 558.312 685.843 1063.875 1141.312 1272.281 1290.406 1311.125 1312.781 1328.593 1330.531 1457.031 1520.562 1617.468 1686.468 1864.687 1944.062 2022.281 
29.468 47.468 115.625 244.812 281.750 284.031 326.593 381.843 401.781 476.718 515.500 564.531 1066.281 1285.468 1537.437 1731.156 2024.562 2062.031 
112.906 187.687 194.250 234.250 281.781 283.156 310.562 334.531 391.187 515.406 904.312 907.687 988.718 1026.250 1111.312 1297.468 1310.687 1349.593 1528.593 1788.750 1917.156 2008.750 2023.281 
313.281 579.656 903.625 904.625 905.812 970.406 1064.718 1149.781 1312.437 1453.312 1477.406 1703.000 1789.687 1891.343 1945.687 2061.312 
31.750 245.156 282.750 553.156 684.218 907.062 970.000 971.843 1295.125 1684.937 1686.187 1750.343 1840.000 1849.937 
