226.531 241.562 283.281 329.781 347.406 452.593 465.656 476.437 483.375 737.968 887.312 1064.437 1220.750 1437.500 1556.187 1561.156 1598.218 
129.625 133.031 369.468 390.312 466.250 640.750 653.562 772.187 904.656 1032.968 1585.812 1606.812 
116.843 349.718 420.000 465.968 474.312 1006.250 1041.781 1044.000 1186.750 1307.875 1459.656 1597.312 
27.375 41.812 499.750 507.625 512.062 658.343 665.500 760.343 894.281 904.468 1026.593 1277.781 1401.625 1601.187 
26.937 115.312 251.250 385.218 432.343 493.875 641.093 671.343 772.093 889.343 919.531 931.843 1050.375 1057.625 1325.031 1584.625 1614.281 
111.062 175.968 476.312 495.812 992.312 1033.031 1439.093 1447.093 1567.437 2117.406 
26.750 280.562 348.406 495.562 522.968 638.625 729.125 760.343 773.781 888.031 1208.218 1437.437 1571.437 1578.093 
190.125 476.125 658.500 660.312 886.000 887.218 887.718 1007.406 1018.625 1041.000 1060.031 
115.562 267.750 384.468 638.843 642.250 643.000 970.062 991.875 1058.437 1320.718 1448.250 1517.968 1541.000 1596.406 
207.406 347.250 410.000 431.312 451.781 466.843 910.375 1007.187 1056.000 1557.468 
