-1934.938 -610.813 59.218 99.187 242.562 243.250 272.375 335.187 446.656 460.531 476.312 487.125 512.156 638.250 679.031 950.406 959.250 987.312 1092.437 1155.781 1161.375 1197.531 1214.875 1322.687 1350.812 1389.312 1413.656 1443.562 1637.750 1867.375 1950.781 
-1897.782 -1473.907 -1147.625 -1090.782 -1058.094 -974.469 -958.282 -893.250 -872.000 -126.125 490.562 512.468 522.781 597.312 732.093 802.343 954.343 1013.875 1070.593 1124.968 1189.687 1249.812 1627.656 1692.687 1984.375 2468.031 3021.781 3148.125 3408.843 
-1932.125 -1756.219 -1248.750 -405.313 273.031 294.843 358.593 400.468 406.031 428.781 436.656 489.125 561.718 563.281 671.500 678.156 698.406 723.375 864.250 879.406 899.093 952.343 1009.125 1115.656 1116.968 1486.281 1502.187 1528.218 1533.000 1725.687 1987.500 2161.687 2730.125 2763.312 2905.375 2965.656 3283.812 
-1907.532 -1593.188 -1538.813 -1390.782 -1213.032 -1189.563 -966.000 -636.907 183.968 522.687 539.156 606.843 681.156 718.781 721.343 762.312 769.781 912.625 936.906 942.718 987.281 1075.906 1188.968 1194.812 1410.281 1500.093 1532.937 1572.718 2132.125 2628.843 2662.437 3318.000 3935.656 3964.281 
-1361.313 -1139.063 -368.000 -85.688 346.000 488.593 513.625 610.531 615.718 635.687 711.968 766.906 882.656 958.093 973.250 1118.906 1119.562 1233.156 1267.531 1482.218 1512.656 1645.312 1707.687 1958.656 2642.531 2753.187 
-1933.407 -1833.563 -682.657 -266.000 369.093 446.625 491.093 608.343 696.218 773.218 820.531 843.687 956.843 984.218 1079.687 1138.187 1216.375 1265.500 1507.531 2248.031 2270.031 2458.250 2709.250 3149.093 3401.687 
-1941.719 -1793.375 -1225.063 -183.532 423.156 458.593 558.156 607.312 655.843 677.312 731.968 766.406 782.406 946.968 974.375 1118.843 1298.250 1348.375 1472.437 1535.031 1587.218 1643.062 1982.468 2051.250 2328.468 2342.812 2485.093 2610.812 3348.968 3856.125 3887.968 
-1961.782 -1901.844 -1836.563 -1246.907 -1040.469 -458.063 248.062 424.000 425.125 436.593 459.031 495.312 572.906 643.375 678.906 766.281 792.031 860.281 902.093 1000.437 1142.406 1166.593 1259.906 1359.187 1363.343 1519.500 1626.500 1655.468 2776.468 2970.656 3490.812 3531.468 3674.156 3737.625 3749.375 3757.125 
-1490.282 -1473.157 -1381.438 -1339.500 -1269.594 -1215.532 -788.813 -786.813 -772.719 -697.782 -397.500 285.062 454.843 473.156 495.875 593.062 618.125 773.000 842.875 869.156 885.187 1185.687 1623.562 1730.250 1999.843 2078.593 2364.531 2395.187 2694.750 3068.531 3131.906 3493.125 3521.531 
-1356.188 367.125 420.937 464.625 481.281 507.031 529.468 543.937 547.406 563.125 586.562 597.156 616.750 646.218 666.000 709.218 750.531 764.031 773.593 774.437 775.875 834.656 849.875 873.343 895.906 911.562 951.218 967.750 1019.750 1031.562 1044.718 1065.625 1108.562 1174.281 1203.187 1384.968 1505.218 1580.875 1726.906 1982.593 2440.093 2516.843 2610.250 2610.875 
