48.343 50.781 66.406 231.406 428.281 986.843 988.062 1066.656 1665.000 1706.812 1721.968 1843.156 
59.281 482.968 498.750 852.968 859.406 985.718 1024.312 1067.437 1301.375 1366.437 1706.562 1707.718 1719.343 1721.687 1840.656 1842.718 1843.281 1918.750 
49.718 62.656 63.062 63.562 985.187 1103.968 1706.093 1725.687 1841.781 
48.250 881.687 984.875 987.375 1720.718 1721.218 1756.437 1827.750 1841.562 1987.343 
48.062 66.125 242.562 852.281 1064.718 1080.031 1081.906 1177.062 1706.562 1785.437 1789.125 1842.156 1859.625 1982.343 
48.656 851.875 940.750 968.062 983.625 988.843 1269.031 1276.937 1668.187 1708.187 1786.343 1797.625 1803.812 1839.375 1840.812 1976.906 1980.218 2201.968 
50.375 62.906 852.875 984.875 986.875 987.500 1627.062 1706.437 1706.812 1707.718 1720.500 1725.031 1799.031 1840.156 1979.468 3246.718 
47.656 50.781 51.343 62.750 151.125 251.781 418.312 603.968 817.437 985.093 988.656 1708.906 1839.031 1843.718 
49.062 50.687 59.187 59.718 61.062 62.656 66.343 1065.437 1158.031 1706.843 1841.281 3538.781 
61.781 407.250 427.625 503.187 802.750 852.343 984.218 988.906 1063.906 1065.406 1706.937 1708.312 1721.750 1725.625 1839.250 1841.000 1841.500 1841.875 1843.000 1844.968 1975.062 
