-17.375 5.125 705.125 942.250 985.000 1742.718 1827.625 1880.562 1979.593 
706.062 790.531 1741.468 
163.031 704.937 705.218 749.250 791.687 1406.593 1741.312 1742.406 1743.500 1831.250 1980.156 1980.687 
-1722.063 773.625 790.125 792.343 792.968 1742.656 1817.718 1829.656 1982.343 2320.593 3463.562 3526.125 
31.781 704.531 793.031 943.843 1425.031 1741.218 1778.218 1830.843 1979.875 
-1073.000 -1056.188 174.000 788.125 1389.375 1468.593 1827.875 1980.500 1981.250 1981.750 
308.750 704.812 1412.562 1475.468 1739.062 1742.750 1754.687 
704.875 751.906 753.031 783.187 790.156 938.500 943.281 1828.062 
703.875 706.187 790.343 792.250 941.625 988.906 1362.375 1488.437 1742.062 1828.062 1846.125 1979.437 
42.218 706.406 707.562 791.718 792.156 941.281 985.156 1216.968 1385.437 2054.031 
