-1679.688 -1320.375 -284.625 72.125 190.437 357.468 467.875 647.968 654.250 665.437 1118.062 1162.718 1233.812 1439.343 1536.156 1598.125 1673.718 1750.531 2312.312 3381.156 
-1127.282 -1081.063 -861.907 -340.875 -222.563 70.968 153.468 157.312 318.093 319.812 440.843 616.281 648.218 705.468 1008.156 1133.281 1166.281 1234.500 1281.250 1449.312 1659.812 1663.593 1977.468 2560.812 2940.531 2944.718 3790.375 
-594.813 -560.875 -402.625 41.125 181.562 184.687 436.093 657.531 707.250 1013.250 1173.250 1351.250 1381.718 1503.468 1662.843 1667.000 2690.375 2862.000 3003.468 3336.562 
-1273.594 59.062 195.593 359.281 442.375 478.156 577.968 616.531 812.531 1058.218 1115.625 1135.312 1162.000 1239.937 1243.656 1274.625 1400.000 1446.531 2828.250 3210.468 3386.156 3983.875 
-1946.250 -1674.000 -1397.969 -1072.375 -786.000 -480.250 -87.907 152.093 185.875 353.500 361.125 473.937 484.812 654.062 661.281 684.750 1010.625 1049.125 1051.937 1309.625 1352.687 1534.937 1595.156 1975.593 1996.125 2016.125 
-1792.563 -1456.907 -1289.188 -646.250 -546.063 -517.219 182.468 476.156 613.625 1277.718 1598.437 1662.125 1833.937 1952.968 2512.375 3046.343 
-1347.625 -1085.875 -642.907 -314.438 186.281 192.281 477.593 547.843 739.500 827.937 960.125 1049.531 1053.968 1167.031 1173.656 1403.875 1506.062 2151.312 2208.656 2214.875 2654.031 
-1557.907 -935.657 -492.157 -197.813 -2.813 543.968 1115.968 1374.812 1407.375 1662.843 2448.000 3341.593 
-1415.813 -786.469 190.375 431.250 472.343 572.937 609.625 614.093 737.156 1010.406 1160.656 1233.156 1441.406 1666.593 1751.625 2970.687 3449.000 
-1650.907 -1050.750 -873.344 69.312 170.718 359.250 442.937 478.531 536.875 581.687 1053.750 1234.968 1298.593 1363.593 1501.031 1675.718 2487.593 3560.687 3603.375 3988.812 
