16.656 35.156 173.500 186.156 229.906 467.593 554.281 629.250 685.031 707.375 710.343 723.218 723.718 768.875 870.281 934.875 1048.218 1067.593 1073.187 1110.312 1257.750 1295.625 1367.625 1383.781 1429.562 1488.218 1544.375 1595.062 1661.000 1687.218 
34.468 79.156 80.750 82.625 186.218 272.531 369.406 419.906 440.968 563.750 621.187 685.468 694.031 954.718 1003.750 1103.062 1109.968 1146.812 1163.968 1165.687 1292.218 1295.687 1482.437 1559.812 1644.375 1824.343 1867.312 
39.406 68.625 171.875 271.375 331.906 374.093 483.500 555.593 563.968 626.875 757.281 765.062 805.531 822.125 943.000 954.687 957.531 1049.937 1101.750 1119.343 1138.875 1146.937 1211.625 1340.562 1455.468 1459.812 1489.187 1543.937 1642.093 1647.062 1788.437 1869.750 1887.687 2327.187 
16.406 47.250 105.843 143.875 193.750 246.312 265.718 272.750 285.312 318.468 460.406 516.593 563.125 623.781 643.500 657.968 710.531 725.125 752.781 790.656 870.500 932.843 1110.937 1182.562 1244.562 1338.906 1384.843 1487.968 1540.625 1565.406 1644.562 1645.906 1657.062 1848.812 
31.281 36.531 50.343 55.843 66.468 127.218 143.031 212.375 283.375 337.906 370.656 376.375 410.125 420.625 453.875 461.750 563.656 580.125 582.968 627.625 739.500 786.500 867.875 954.812 1074.500 1113.875 1140.125 1158.000 1232.812 1395.812 1419.843 1605.125 1686.781 1731.281 1786.468 1962.250 
14.937 48.593 55.968 78.531 81.343 83.875 137.750 186.312 203.250 375.343 462.031 462.281 464.187 490.156 518.718 563.437 664.968 685.312 771.187 803.750 848.531 897.687 937.312 941.000 942.781 954.687 962.687 1258.468 1298.875 1625.281 1644.437 1765.156 1789.750 1922.468 1948.343 2760.687 
12.750 35.218 81.656 217.281 461.250 471.531 511.250 564.906 567.062 763.437 769.250 848.687 850.906 955.562 960.875 1002.687 1004.281 1005.375 1074.875 1105.375 1140.062 1295.843 1583.781 1644.406 1798.437 
80.312 142.687 171.875 173.406 186.187 215.125 215.625 219.750 287.468 390.968 465.812 480.812 493.562 658.812 659.531 694.468 707.218 819.781 911.125 941.437 996.406 1004.593 1115.968 1183.406 1309.468 1432.125 1452.937 1544.468 1602.968 1624.718 1686.062 
-277.094 18.843 41.875 71.656 82.093 95.593 187.031 258.437 419.968 467.125 532.562 542.312 563.000 569.656 621.968 641.906 725.125 788.750 797.281 941.031 1111.062 1139.718 1232.531 1282.093 1362.031 1363.468 1418.156 1599.093 1657.718 1660.218 1685.843 1734.843 1870.593 1877.000 1878.875 
-1950.907 39.593 82.281 84.593 124.687 146.125 149.156 172.968 174.406 215.031 246.500 247.187 255.468 260.406 262.468 278.843 321.343 355.343 374.125 376.250 391.500 442.093 459.000 541.781 545.375 598.125 628.750 938.531 942.062 954.687 956.218 1111.906 1210.187 1488.312 1545.281 1584.593 1604.562 1628.781 1685.906 1786.906 1920.781 1967.093 1968.687 
