10.250 128.968 142.687 234.781 288.875 307.281 342.500 391.750 435.343 451.406 489.406 528.437 546.375 559.031 568.000 614.468 697.593 735.750 739.656 743.937 978.343 1018.875 1061.968 1171.562 1183.093 1301.375 1351.062 1509.906 1535.593 1580.187 1620.343 1784.687 1796.250 1810.500 1877.000 1918.093 
11.281 13.843 118.062 161.656 203.406 229.125 249.718 287.937 367.937 545.312 865.781 960.125 1170.531 1189.812 1351.812 1426.093 1559.500 1609.093 1647.187 1682.468 1694.781 1709.093 1713.750 1806.437 1913.781 1960.500 
16.218 93.531 236.906 258.062 312.218 367.562 451.500 615.968 617.750 667.281 703.750 764.906 816.718 872.531 956.218 1302.718 1577.937 1858.843 1860.656 
11.687 17.375 39.937 57.406 93.500 269.781 312.406 327.312 330.531 363.468 366.375 370.906 395.843 397.093 474.937 479.843 666.468 700.781 779.468 978.593 1001.718 1061.187 1102.562 1326.687 1328.187 1351.687 1387.218 1441.062 1528.031 1556.875 1685.750 1730.500 1777.562 1857.812 1966.656 
45.156 67.031 69.750 113.562 131.125 239.375 339.000 478.500 545.562 567.406 592.656 668.562 979.562 982.812 1025.031 1072.062 1551.406 1579.875 1685.000 1738.281 1823.500 1838.562 1860.281 3072.531 
10.531 164.531 327.843 342.625 369.687 395.937 397.062 432.968 612.375 815.656 863.656 1005.000 1017.375 1244.937 1265.156 1280.812 1348.343 1465.937 1716.531 1960.906 
-545.344 91.937 93.343 153.281 205.406 248.406 291.906 315.031 327.562 340.937 361.468 395.656 398.718 432.625 434.218 436.093 616.312 656.000 742.968 1026.531 1244.718 1281.031 1328.375 1521.375 1730.187 1838.406 1859.500 1962.031 
9.937 51.437 70.781 157.125 209.281 236.781 255.281 393.281 394.250 395.812 396.656 403.156 436.000 437.093 596.718 746.406 883.281 1061.031 1171.156 1326.656 1353.718 1473.687 1960.593 1962.093 
-737.688 -545.500 10.562 20.875 43.687 67.156 116.687 118.250 160.000 192.781 327.281 364.906 400.625 480.031 481.468 697.593 847.437 894.968 916.468 918.000 1049.750 1171.343 1278.375 1370.562 1426.000 1647.156 1698.156 1731.593 1784.562 
-1203.532 -1120.375 -872.844 10.843 17.593 42.906 60.156 61.093 211.750 306.281 340.937 437.812 594.187 614.062 818.156 822.343 919.968 980.812 1239.031 1326.812 1453.343 1581.000 1713.437 
