112.531 146.437 182.781 200.093 240.187 270.906 337.968 384.875 419.343 688.406 833.062 967.687 987.218 1103.375 1111.312 1304.031 1411.218 1427.750 1575.281 1667.812 1775.781 1800.968 1822.593 1843.781 1885.093 1912.156 3386.750 3425.281 
70.000 145.968 189.906 330.656 366.906 492.625 556.968 631.375 811.500 920.531 972.562 1055.281 1340.187 1358.281 1431.968 1451.906 1584.593 1633.437 1662.218 1669.500 1718.906 1823.531 1859.281 1905.781 3853.156 
76.031 158.000 167.406 212.281 272.125 322.625 403.406 416.937 462.218 574.687 591.218 622.406 818.281 890.187 965.875 993.812 1037.187 1053.343 1276.625 1298.125 1440.312 1566.093 1603.218 1665.093 1757.750 1791.156 1826.218 1870.812 1893.562 1910.843 3858.812 3938.031 
73.687 198.812 335.312 422.781 457.968 477.281 568.781 680.250 748.593 943.843 966.125 1016.281 1179.875 1289.000 1312.156 1417.343 1441.656 1558.343 1568.562 1592.125 1616.718 1667.562 1685.750 1755.781 1891.125 1916.312 2370.250 
59.875 147.656 292.125 386.468 398.156 419.656 493.656 549.593 578.125 588.406 617.812 741.312 832.281 938.031 965.968 1010.468 1066.125 1223.437 1295.093 1313.843 1346.906 1421.093 1430.781 1571.906 1605.468 1667.125 1667.312 1907.281 1942.406 2486.875 2664.562 3771.625 3943.437 3978.750 
70.312 112.250 157.218 324.250 410.125 547.312 634.750 688.093 737.312 818.218 965.156 984.343 1014.656 1117.937 1388.187 1415.187 1440.000 1455.750 1561.437 1600.281 1668.062 1916.937 2435.750 
101.843 184.687 197.343 329.656 343.250 402.250 421.500 549.406 572.812 648.031 687.375 797.906 970.843 1115.750 1438.656 1462.625 1484.281 1582.187 1880.593 1922.406 3018.062 3483.968 
44.906 48.875 77.625 147.718 189.500 249.906 337.718 489.031 563.062 640.187 744.406 828.531 1019.781 1031.718 1071.281 1107.906 1305.500 1417.937 1445.187 1464.125 1583.593 1666.406 1806.656 1884.500 1910.000 2970.593 3564.781 
56.531 145.843 234.750 295.531 621.750 698.218 983.781 1040.968 1124.500 1244.562 1276.656 1411.000 1421.031 1439.281 1465.093 1565.656 1608.406 1653.843 1659.781 1679.031 1728.718 1783.406 1843.781 1906.312 1933.218 2409.656 3498.218 
55.593 97.937 141.500 209.937 280.687 319.406 332.750 619.375 807.250 829.906 968.875 986.531 1284.625 1385.437 1412.156 1453.968 1559.062 1668.656 1777.406 1817.500 1919.906 1920.093 1987.718 
