24.843 77.812 95.937 115.406 184.687 198.062 208.750 227.656 239.781 376.062 439.250 488.062 525.750 576.531 631.781 679.031 739.843 773.187 794.656 870.750 895.406 966.406 1036.156 1053.375 1072.031 1075.906 1095.250 1115.718 1184.968 1499.312 1524.968 1574.156 1637.000 1674.687 1740.062 1848.687 2255.937 2277.343 2545.156 2872.656 3503.187 3801.000 
24.375 65.437 83.156 165.812 265.468 369.343 462.468 494.468 556.031 671.312 868.250 890.687 935.000 1030.312 1092.593 1222.437 1315.812 1340.281 1351.593 1363.593 1400.937 1501.562 1702.656 1725.718 1732.281 1761.156 1855.343 1907.437 2317.593 3258.750 3596.187 3770.906 
22.062 69.093 96.875 180.281 192.187 211.250 226.937 248.093 468.343 481.062 517.625 556.156 569.406 632.656 669.093 731.562 753.531 794.562 865.562 906.093 947.625 1056.656 1100.468 1172.718 1183.781 1243.968 1473.125 1757.187 1789.437 1836.562 1864.625 1979.500 2495.218 
21.531 24.125 65.343 100.031 170.718 215.875 368.843 482.625 490.593 499.125 521.437 606.656 691.312 707.062 862.562 892.593 1049.906 1174.718 1187.406 1322.625 1347.687 1483.187 1502.750 1629.750 1667.187 1742.968 1903.781 2028.781 2060.968 2079.437 2441.656 3770.968 
24.218 66.250 80.093 106.468 203.062 246.406 326.468 326.718 470.750 507.343 533.031 542.656 565.625 620.937 678.218 723.500 798.968 864.250 894.937 953.812 1040.343 1070.156 1175.437 1348.437 1365.906 1751.281 1771.468 1805.375 1863.500 2015.437 3434.750 
24.281 26.437 59.781 72.531 169.843 228.250 369.062 476.531 536.187 572.468 736.281 764.250 788.812 923.093 974.562 1040.781 1181.000 1246.281 1334.093 1347.593 1364.750 1760.687 1770.593 1847.062 1860.937 1933.375 2011.687 2332.031 2352.312 2626.500 3514.406 
21.875 110.593 328.656 377.687 473.093 487.968 540.750 748.437 786.250 813.250 953.812 1014.687 1050.343 1328.281 1366.343 1397.718 1650.250 1684.906 1742.937 1859.218 1880.781 2008.843 2354.937 3318.437 3572.812 3987.625 
24.250 27.187 77.218 135.156 196.156 447.656 469.312 498.093 534.593 601.906 742.375 789.531 864.312 880.312 891.656 934.875 946.156 1031.375 1097.375 1175.781 1346.593 1501.437 1744.250 1768.218 1779.625 1858.281 1872.750 2375.750 2637.281 2920.406 2988.125 
20.093 22.781 66.156 166.562 187.750 199.531 228.968 271.656 323.656 357.500 455.750 556.468 668.250 689.000 708.031 747.718 795.250 896.718 929.843 1072.500 1096.875 1173.375 1325.156 1364.968 1393.843 1503.093 1589.593 1761.593 1857.718 1879.375 1909.218 1996.875 
25.906 50.406 81.312 233.750 325.000 439.187 478.312 599.656 692.812 736.437 749.437 767.000 799.187 894.500 927.406 947.781 1062.468 1074.031 1115.125 1139.593 1181.062 1320.531 1336.875 1370.843 1405.562 1653.531 1675.500 1712.250 1742.500 1785.343 1916.000 2001.062 
