27.718 59.812 155.500 170.531 370.156 400.968 480.312 512.968 562.156 667.000 706.156 760.406 789.500 812.718 819.656 829.781 896.531 917.906 981.187 1008.375 1118.531 1137.312 1226.125 1359.375 1610.437 1710.281 1757.218 1817.312 1846.000 1919.718 1994.656 3264.312 3336.968 
27.656 107.531 172.250 306.093 345.437 517.031 581.250 667.906 682.031 781.625 814.406 830.968 893.687 999.093 1025.843 1136.593 1157.718 1206.718 1246.000 1269.187 1357.437 1501.187 1722.468 1748.531 1780.781 1830.343 1878.687 1917.625 1984.125 2358.343 2364.500 2711.531 3139.468 
23.875 173.625 215.031 355.562 485.625 546.000 670.656 692.531 807.687 821.468 915.000 991.250 1007.375 1021.000 1146.812 1229.843 1361.125 1541.843 1704.656 1756.656 1840.156 1996.781 2852.656 3718.750 3924.656 
108.656 140.500 149.593 176.468 328.281 364.375 388.375 403.093 488.718 679.031 798.687 819.031 844.375 888.531 982.937 999.750 1014.562 1111.187 1243.093 1359.875 1404.875 1539.250 1672.593 1751.375 1862.000 1878.093 1991.375 2003.718 2675.375 2828.937 3557.125 
79.250 159.406 318.000 348.843 445.125 470.593 540.406 549.406 676.812 786.125 838.812 889.000 983.500 1000.625 1041.625 1141.843 1223.875 1353.656 1527.375 1745.343 1774.750 2005.843 2683.656 2728.500 3210.093 3591.875 
25.062 149.406 165.937 337.937 362.093 384.906 473.687 490.687 535.281 582.625 656.312 675.875 760.812 899.781 984.906 1012.656 1025.312 1043.406 1065.875 1123.000 1143.093 1161.750 1233.500 1365.875 1366.093 1703.656 1763.343 1830.843 1907.031 2002.687 2643.593 3648.531 
26.062 29.031 144.937 171.500 182.187 343.656 399.031 483.468 672.562 834.375 854.093 901.687 932.593 1016.031 1072.125 1178.781 1231.937 1356.062 1435.593 1540.562 1699.468 1763.656 1817.750 1851.562 1914.031 1996.093 2723.375 2777.250 3178.906 3338.968 
26.625 83.625 107.687 147.250 352.343 364.937 496.031 548.875 668.156 772.125 789.093 847.750 887.093 988.343 1079.968 1118.187 1157.500 1191.593 1223.125 1358.812 1706.031 1761.281 1773.468 1809.562 1838.187 1916.000 2004.468 2683.812 2870.718 3122.312 3267.531 
28.656 78.000 152.031 345.625 353.562 366.937 393.531 487.218 540.125 561.781 671.156 711.781 775.843 805.281 820.218 837.031 913.656 1002.187 1009.468 1028.375 1109.937 1168.343 1248.187 1359.343 1455.687 1536.781 1667.375 1780.375 1918.531 2608.031 2621.625 3669.437 3890.718 
28.187 150.687 165.437 319.343 411.468 526.500 662.656 690.187 792.562 858.531 888.125 1075.031 1229.812 1358.812 1405.156 1551.781 1619.718 1704.750 1814.781 1840.812 1975.656 1998.156 2892.031 2945.062 
