-1852.813 -1686.282 -1025.938 -1017.344 -999.313 -961.657 -531.938 113.656 153.906 203.187 246.093 379.406 388.656 395.000 402.000 405.281 486.468 731.468 749.781 1605.625 2866.250 3282.562 3523.156 3649.750 3864.343 
-1391.657 -1346.407 -1335.969 -336.032 -152.063 41.843 53.343 105.500 117.781 183.656 207.593 223.500 381.843 404.375 408.187 415.812 714.031 1027.093 1029.625 1031.593 1035.906 1400.031 1615.406 1635.468 2105.812 2250.468 3058.625 3269.375 3301.562 
-1994.375 -1906.657 -1888.188 -1545.688 -1544.094 -1541.375 -732.344 -724.375 45.562 97.156 112.281 169.062 208.031 315.687 352.875 358.093 384.531 386.406 412.625 468.937 683.500 1248.781 2199.156 2311.625 3745.093 3794.593 
-1662.563 -1501.250 -1496.500 -1018.188 -773.219 -424.782 -392.438 -333.469 95.593 131.250 195.343 215.687 358.406 376.281 418.156 624.187 685.906 875.750 1213.000 1596.968 1635.875 1923.843 2260.500 3355.218 3834.000 
-1916.563 -1787.469 -800.188 -739.875 -588.844 -440.250 45.843 53.625 130.875 131.406 142.187 181.812 185.531 206.937 219.062 245.093 270.187 295.593 347.468 412.531 414.937 432.718 470.906 618.812 691.000 1315.062 1344.250 2079.250 2252.750 3403.031 3419.125 3832.343 
-1890.313 -1793.375 -1776.594 -1762.157 -1599.157 -250.125 -211.157 -130.344 -124.625 -121.532 -113.782 -86.625 19.593 21.562 28.843 50.937 72.125 109.343 138.625 208.000 350.062 382.625 405.093 684.031 737.125 817.281 1227.593 1814.125 2304.625 2313.781 2340.593 3390.031 3732.781 3749.812 
-1873.750 -1862.250 -1857.719 -1806.750 -1475.563 -1004.063 -949.250 -930.594 -907.313 -322.500 -283.219 -232.969 -229.063 -202.875 91.218 111.500 121.437 126.312 129.156 132.625 133.156 138.593 211.125 217.625 238.062 277.062 293.250 357.218 361.968 591.093 1344.656 1361.281 1506.687 1509.718 2087.906 3485.812 3517.281 
-849.657 -844.250 -768.844 -460.125 28.093 40.750 104.625 121.375 127.000 165.718 179.156 222.375 226.187 356.562 362.343 377.937 394.406 419.531 446.093 521.031 551.937 685.062 847.468 853.812 868.250 872.062 875.156 891.343 925.218 1606.875 1622.562 1782.875 1793.343 1947.968 1969.500 2257.968 
-1618.125 -1577.407 -1381.532 -1380.032 -1375.688 -1366.782 -1041.282 -1018.000 -995.625 -696.532 -686.938 -548.688 41.781 72.843 78.343 86.687 98.656 110.125 182.437 225.968 234.750 284.500 313.687 366.000 370.437 391.781 409.531 422.656 433.406 507.593 510.812 567.218 680.250 694.750 698.781 702.156 716.000 770.781 807.937 1039.500 1144.343 1166.000 1246.437 1292.187 1386.812 1433.468 1458.687 1603.468 1640.812 1650.000 2015.187 2787.500 2915.187 3440.000 3466.750 3467.718 3497.875 3503.156 3529.656 
-1122.313 -646.938 -607.500 -602.250 -188.844 -180.594 -179.219 41.062 49.656 60.468 67.875 75.406 83.437 98.187 114.968 120.968 128.781 163.500 166.656 169.437 219.156 244.468 341.187 344.468 354.781 355.437 368.531 377.625 381.125 391.968 400.625 475.812 591.250 666.593 704.500 708.406 716.093 1162.031 1219.625 1309.593 1386.781 1416.031 1436.218 1581.468 1594.437 2253.687 2335.531 3475.093 3996.218 
