-1567.188 -1005.344 -327.500 -326.063 -316.625 56.437 70.531 71.750 79.843 83.468 85.062 113.593 165.875 187.343 241.250 242.468 345.000 358.250 466.031 468.312 639.343 1212.187 1221.312 1233.875 1246.781 1281.656 2196.218 2951.281 3119.281 3485.531 
-1528.500 -682.094 -668.375 -654.282 -650.375 -623.625 32.687 49.562 55.875 70.406 74.250 75.031 77.500 80.593 81.687 82.218 88.562 164.000 188.843 209.218 213.093 221.250 242.343 350.843 507.156 638.312 660.687 1209.125 1219.781 1259.031 1272.468 1289.781 1317.031 1673.343 
-1549.907 -1141.375 -270.532 -249.000 -226.563 -219.032 -211.813 -195.782 -190.250 114.718 128.312 185.468 195.593 209.062 229.906 233.093 343.093 576.437 751.625 754.375 781.281 921.156 946.125 970.125 1207.656 1397.062 3390.531 
-1742.282 -1741.625 -1731.407 -1660.469 -1456.125 -1451.000 -1440.782 -404.594 39.062 53.625 56.000 66.781 67.531 68.718 76.375 104.562 119.375 153.625 208.437 340.187 347.562 492.625 638.437 649.593 657.343 782.562 891.281 896.875 1008.937 1208.843 1254.718 1326.562 1634.031 1969.156 2300.187 3475.125 3498.500 3527.750 
-1570.969 -1014.219 -677.375 -656.969 -647.032 -98.938 33.875 54.156 55.250 70.937 79.593 90.406 113.156 166.718 168.187 187.718 223.312 336.625 452.937 465.937 503.062 893.000 897.312 916.687 1250.875 1396.468 1554.718 1677.093 1970.625 2021.875 2671.875 3161.093 3162.968 3426.250 
-1000.594 44.375 49.375 64.093 74.531 78.343 93.750 95.906 122.531 154.593 188.500 219.906 257.781 338.937 363.937 365.906 379.656 388.812 507.531 657.750 747.437 1205.000 1218.687 1264.000 1264.875 1289.968 1412.625 1673.125 3519.406 3541.531 3561.312 
-1692.282 -774.313 -33.313 48.468 50.500 76.375 76.843 95.750 296.343 506.375 649.593 1201.906 1239.406 1244.437 1275.093 1290.031 1310.656 1373.187 1381.312 1433.218 1629.343 1965.156 2149.687 
-1636.563 -1128.625 -1091.219 -980.157 -890.813 14.750 29.343 68.968 74.812 75.406 79.312 84.093 100.968 211.593 215.781 285.437 307.437 415.750 655.031 906.000 934.531 949.687 1207.500 1242.031 1248.843 1283.125 1310.718 1330.312 1398.812 1544.218 1958.625 1995.156 3162.343 3866.250 3929.531 3930.593 3957.000 
-1568.594 -1538.094 -1139.157 -511.594 53.125 60.343 68.687 71.625 78.187 81.875 91.718 152.468 202.062 204.250 204.875 214.500 309.906 355.937 357.031 416.187 430.375 494.781 552.312 639.968 1213.125 1261.968 1278.906 1285.250 1296.437 1337.312 1370.468 1382.687 1399.656 1766.843 1956.156 1999.343 2178.343 3110.093 3154.312 3162.968 3436.406 3437.375 3444.062 3452.500 
-1993.594 -1985.657 -1896.500 -1681.875 -1665.094 -1618.750 -140.157 -139.407 -106.094 29.562 39.250 40.906 47.406 47.812 64.937 68.750 73.750 75.906 76.687 77.875 152.187 191.781 215.593 218.500 241.375 289.531 294.093 294.593 310.781 329.656 331.250 336.687 338.218 342.750 346.468 351.218 412.750 436.187 486.375 510.187 526.375 547.562 663.312 673.843 724.750 979.312 1100.906 1123.625 1176.343 1181.843 1246.468 1251.812 1262.437 1292.281 1330.937 1334.968 1348.125 1529.625 1532.687 1639.593 1712.156 2153.656 2159.468 3336.718 3793.875 
