12.937 15.750 32.125 93.843 103.187 229.781 277.656 299.312 318.468 355.218 359.312 378.000 1267.656 1313.937 1729.062 1798.125 
12.281 16.531 32.000 35.187 51.156 126.187 262.718 299.812 459.562 585.843 782.156 918.281 1371.093 1438.375 1495.093 1582.250 1819.625 1881.843 
13.843 15.625 47.843 52.718 194.375 231.500 278.437 298.218 338.875 355.437 422.250 476.343 585.093 586.000 627.906 834.218 1170.781 1369.718 1415.250 1552.593 1639.468 1799.687 
14.250 65.125 198.531 215.687 218.406 229.593 263.093 300.656 522.968 575.468 587.687 629.281 1049.281 1063.656 1266.593 1299.656 1408.375 1606.531 
12.000 13.656 14.812 58.375 93.500 123.812 298.218 299.156 300.250 326.156 403.250 419.718 826.968 865.968 918.406 1414.437 1531.500 1550.406 1880.062 3152.250 
35.812 98.781 125.531 138.187 189.343 295.625 296.906 298.437 571.625 784.562 827.218 920.812 1191.062 1439.531 
70.031 218.312 228.281 230.750 262.531 263.218 265.031 280.281 403.187 419.125 553.906 627.781 770.406 866.250 947.937 978.093 1014.781 1061.781 1065.218 1166.156 1552.875 1716.468 2543.250 
-414.438 14.031 17.187 37.375 68.468 218.593 298.218 299.093 299.343 319.937 327.812 332.750 511.062 629.250 669.531 770.343 777.656 1266.281 1824.687 1832.531 1878.906 
14.531 111.093 300.437 300.656 308.906 570.531 630.250 1114.718 1285.156 1539.125 1626.250 1820.875 1939.187 2693.312 
-973.500 19.656 120.531 155.281 226.593 282.750 423.531 686.906 728.062 755.625 778.500 826.687 944.875 1037.187 1786.125 1818.406 
