47.062 95.031 99.406 99.875 117.500 119.375 169.125 169.687 171.156 180.125 209.875 436.500 455.625 508.468 510.062 629.312 641.781 1033.875 1237.625 1243.812 1248.000 1254.812 1258.937 1264.125 1273.750 1296.625 1325.062 1340.812 1342.312 1345.406 1375.687 1435.156 1627.843 1635.437 1645.000 1969.156 1982.031 2273.031 2664.312 2672.000 3011.750 3813.218 3832.968 3847.218 3857.062 3873.468 3990.843 
17.968 62.312 101.406 116.156 118.000 121.687 425.093 435.656 453.375 501.031 631.093 639.687 1021.343 1023.500 1071.843 1268.968 1301.406 1349.125 1522.343 1646.968 1652.281 1660.250 1672.031 1689.062 1997.250 2013.812 2331.343 2374.187 2554.000 2997.562 3384.687 3393.843 3579.593 3582.500 3584.906 3592.218 3611.406 
27.750 54.875 63.125 86.593 95.218 108.968 113.250 168.187 172.468 184.312 394.406 405.250 440.000 502.031 598.593 608.312 1023.656 1033.468 1242.406 1248.062 1255.312 1264.843 1277.875 1361.875 1400.250 1632.000 2254.968 2279.187 2281.750 2637.218 2648.750 3064.250 3229.312 3230.375 3231.093 3521.343 3526.406 3541.593 3542.875 3546.687 3726.125 3736.468 
49.687 142.406 168.750 176.187 199.593 202.312 298.312 418.125 424.437 446.250 496.468 508.218 569.875 638.218 824.250 839.125 1035.093 1036.312 1043.468 1263.625 1270.468 1288.312 1327.593 1331.031 1336.156 1642.531 1970.750 1991.843 2034.468 2429.031 2579.093 2724.031 2836.593 3480.843 3485.062 3486.125 3491.156 
50.437 52.625 60.468 85.406 94.000 101.968 113.656 120.125 170.656 183.562 192.218 209.718 269.781 436.312 456.531 869.531 1021.781 1043.187 1080.937 1256.875 1265.437 1276.468 1332.593 1333.437 1339.500 1349.281 1645.375 1660.875 1670.750 1672.843 1953.437 1975.468 2361.125 3000.750 3006.312 3009.468 3031.375 3083.000 3084.812 3122.312 3189.875 3358.343 3947.531 3948.875 3953.562 3960.437 3965.093 
103.937 109.843 114.718 119.000 190.468 194.093 425.812 428.218 432.093 507.906 552.937 611.875 842.437 1013.406 1241.625 1253.187 1259.062 1265.562 1273.031 1287.625 1312.812 1323.375 1626.000 1674.312 1969.562 1975.656 1989.437 2852.968 2853.562 2962.875 3052.000 3236.500 3243.125 3296.968 
32.593 94.218 98.562 108.500 112.343 114.562 164.843 168.562 391.718 431.718 433.593 442.875 613.343 622.250 627.281 652.500 684.625 689.843 842.000 898.125 1016.906 1031.656 1035.218 1251.625 1256.062 1259.031 1263.031 1274.375 1312.937 1344.625 1347.656 1622.718 1626.437 1640.562 1935.406 1944.031 1956.000 1958.218 2902.750 2906.375 2908.406 2912.656 2922.500 2928.250 3021.062 3454.562 3456.312 3462.750 3468.687 3485.375 3557.562 3570.000 3791.937 
60.187 101.093 126.562 169.718 406.000 431.875 440.468 473.843 517.250 662.281 742.500 981.031 1034.187 1081.562 1268.062 1315.500 1643.687 1649.937 1660.093 1666.468 1667.687 1692.156 1698.593 1715.468 1973.781 1983.343 1986.875 1988.781 1994.843 1997.062 2631.343 2760.468 2776.656 2828.781 2831.093 2836.218 2855.468 2909.781 3433.500 3520.937 3557.343 3591.312 3614.812 
92.406 94.375 98.062 113.156 165.375 166.437 169.281 345.500 413.156 416.812 418.031 437.500 458.281 501.906 641.906 653.187 1022.343 1036.875 1057.156 1234.781 1265.750 1270.718 1275.937 1286.156 1287.218 1298.718 1303.562 1311.000 1335.281 1343.968 1346.281 1633.875 1641.187 1645.031 1646.000 1961.187 1968.031 1971.125 1975.281 1983.093 1990.968 1996.781 1997.218 2019.656 2368.093 2379.968 3450.812 3459.843 3476.906 3547.875 3625.062 3853.562 3874.500 
39.125 96.968 100.125 140.062 172.125 181.875 186.625 208.687 209.875 236.406 237.750 461.343 499.093 511.125 589.718 630.687 637.687 642.562 826.562 891.187 895.500 931.062 1039.031 1048.250 1264.468 1268.968 1276.562 1288.562 1301.937 1322.187 1337.843 1371.875 1414.500 1640.125 1646.906 1656.187 1662.500 1670.562 1727.187 1853.468 1975.812 2419.406 2571.781 2581.093 2634.781 2718.625 2917.156 2926.812 3264.781 3275.218 3298.968 3343.531 3346.156 3364.031 3421.562 3921.281 
