0.625 37.750 61.031 64.718 77.750 81.531 94.531 97.000 116.937 206.875 445.125 479.000 528.593 540.812 746.500 748.500 749.937 1056.125 1081.218 1275.406 1285.437 1345.593 1386.125 1690.750 1825.000 1960.500 2783.281 3269.250 3699.531 3710.531 3716.531 3723.656 3797.218 
29.406 32.625 63.468 66.593 67.093 71.250 72.937 88.062 117.687 117.875 141.750 468.968 907.343 1053.687 1098.343 1203.968 1353.281 1378.906 1595.218 1684.625 1687.781 1699.468 1733.468 1979.843 2792.250 2810.156 2810.843 2847.687 2851.750 2866.187 2867.468 2871.031 2875.937 2877.375 2881.031 2892.093 3309.000 3546.968 3548.937 3551.187 3903.718 
29.281 36.312 38.500 46.500 52.031 60.000 61.000 64.093 66.812 70.562 81.062 111.468 123.406 163.781 201.375 747.125 764.625 774.125 873.281 1048.500 1055.625 1077.312 1354.718 1380.406 1697.375 1699.343 1756.562 1759.875 1948.406 2706.406 2708.343 2710.687 2759.562 3059.500 3420.062 3482.750 3798.031 3800.593 3801.750 3807.687 3821.718 
9.656 30.406 64.437 81.781 97.343 150.656 217.875 463.218 465.812 514.687 676.593 681.312 704.781 773.906 1084.250 1095.843 1163.437 1204.250 1300.406 1348.156 1847.281 2288.906 2303.125 2305.312 2331.437 2362.718 2380.031 3030.312 3034.656 3041.375 3105.687 3115.937 3120.687 3128.343 3215.437 3610.250 3782.343 3784.562 
28.218 32.750 38.406 69.656 71.875 73.625 74.656 85.781 130.312 199.718 217.500 241.000 473.062 1054.437 1075.125 1076.906 1347.593 1349.687 1685.781 1705.375 2961.406 2967.875 2972.406 3224.750 3226.812 3322.187 3335.937 3355.968 3373.125 3716.250 3721.812 3729.187 3733.968 3735.531 3742.656 3984.562 
4.500 23.062 43.562 44.812 47.062 63.718 65.156 67.093 80.406 81.593 90.156 91.031 134.937 195.000 216.031 437.750 458.718 480.187 540.968 693.906 767.625 1076.968 1079.843 1096.906 1194.906 1351.406 1390.562 1836.531 2326.937 2719.718 2727.843 3035.250 3037.250 3041.031 3452.250 3457.875 3458.218 3459.781 3506.656 3551.718 3573.281 3573.843 3599.375 3611.000 3671.968 3793.312 3793.687 3888.281 
28.250 37.750 47.062 52.781 64.687 79.468 102.625 123.343 161.437 167.156 192.875 199.968 678.312 719.218 747.718 1113.906 1165.906 1348.906 1351.593 1392.125 1454.531 1702.812 1707.312 1715.750 1845.250 2168.218 2172.468 2538.625 2543.937 2576.687 2588.125 2596.718 2696.375 2698.656 3424.343 3507.437 3510.968 
32.000 35.843 36.718 46.812 90.218 117.718 124.281 212.718 440.000 462.781 757.593 814.187 1070.718 1073.281 1076.093 1354.843 1676.468 1694.125 1698.906 1708.843 1830.875 2809.625 2846.687 2861.375 2897.718 3486.843 3525.250 
13.125 15.500 29.687 43.468 61.031 62.312 65.125 70.031 73.062 77.406 81.562 85.625 104.593 117.531 196.250 243.656 454.781 523.812 1197.343 1213.187 1363.093 1522.437 1595.937 1683.218 1704.125 1902.625 2062.312 2245.156 2247.125 3021.968 3032.406 3072.875 3137.375 3144.031 3158.437 3173.875 3191.843 3196.781 3717.656 3859.843 
27.343 37.687 42.906 43.343 52.906 83.406 88.406 97.000 101.468 110.937 143.093 164.125 174.218 288.781 511.687 514.781 520.968 523.593 533.468 804.250 1000.625 1044.250 1073.531 1074.500 1086.906 1704.843 1838.968 1876.531 1878.343 1887.750 1961.937 1966.406 2975.031 3250.968 3265.437 3290.875 3837.656 3845.375 3895.187 
