100.062 147.750 384.156 387.281 390.156 393.656 404.781 411.718 428.875 599.937 645.531 792.031 908.625 912.093 927.812 932.562 965.312 1142.093 1293.718 1294.687 1384.750 1390.281 1487.718 1498.968 1630.968 1644.218 1647.312 1651.000 1885.937 1888.906 1893.156 1906.968 1957.437 2714.281 2779.625 3230.906 3252.093 3472.062 3483.000 3501.250 
49.312 55.375 244.125 383.000 386.218 388.750 391.281 415.000 518.718 521.593 522.406 578.156 614.468 657.562 920.781 925.718 927.875 930.687 1145.375 1147.812 1148.156 1149.843 1485.062 1492.656 1585.156 1592.125 1597.406 1597.593 1600.843 1625.937 1636.687 2723.562 2770.750 2788.812 2824.062 3097.906 3516.343 3599.968 3642.343 3654.062 3656.687 3956.218 3974.312 3983.750 3986.875 3994.906 
51.562 378.625 389.312 392.343 400.750 403.062 407.937 571.468 581.031 597.468 599.687 651.406 669.500 671.000 907.250 911.781 922.000 1106.218 1172.500 1187.312 1278.875 1486.468 1686.906 1882.531 1900.093 1926.281 1973.937 2594.218 2660.531 2845.500 2848.687 2856.593 3493.656 3605.406 3621.312 3635.593 
51.250 53.125 87.531 94.500 118.718 120.781 388.062 403.593 412.937 591.781 785.937 793.406 1188.406 1487.781 1628.250 1631.906 1644.437 1648.531 1878.906 1884.468 1889.000 2401.875 2442.593 2458.093 2559.250 3305.625 3604.531 3830.187 3835.218 3841.937 3863.968 3867.250 3868.968 3879.406 3881.343 3883.468 3894.093 3895.187 
57.906 123.468 246.468 392.218 413.343 424.750 566.468 666.093 679.500 753.156 775.687 805.250 906.375 1172.968 1173.843 1207.718 1266.718 1430.875 1432.906 1497.687 1576.875 1590.437 1614.218 1618.812 1648.625 1649.781 1650.218 2690.625 2724.062 2784.812 2965.812 2971.000 2992.312 3757.875 3758.625 
108.468 200.187 368.406 372.375 379.031 383.718 417.000 418.812 509.156 887.218 917.093 1112.968 1118.968 1126.718 1134.437 1143.187 1148.500 1152.937 1155.312 1268.312 1487.031 1600.781 1603.437 1607.656 1611.125 1622.875 1627.125 1628.062 1628.781 1634.562 1872.625 1878.500 2621.218 2735.906 2923.812 2926.000 3353.812 3362.750 3436.625 3447.343 3464.812 3472.875 3541.000 3734.718 3744.375 
98.218 109.093 245.625 379.125 387.937 397.468 567.812 571.593 705.125 749.468 948.500 1149.000 1153.812 1158.062 1329.250 1487.875 1500.343 1598.406 1628.156 1638.281 1649.406 1698.750 1917.875 2203.343 2743.593 2896.687 2930.468 3217.250 3232.187 3234.937 3654.187 3656.468 
51.750 92.000 244.156 374.062 391.718 399.406 400.750 420.093 651.531 653.187 931.937 1160.218 1169.843 1324.750 1491.687 1496.406 1522.593 1578.500 1642.531 1949.218 2593.500 3331.656 3379.031 3381.437 3386.218 3389.531 3827.312 3831.187 3836.656 3845.500 3849.125 3862.500 3876.781 
105.625 127.593 133.093 241.937 322.781 403.968 419.093 590.031 654.781 657.062 903.312 906.656 921.343 925.687 1050.625 1066.750 1068.500 1294.156 1299.781 1306.531 1310.593 1578.468 1599.000 1605.968 1610.312 1651.906 1749.718 1862.875 2612.281 2621.312 2684.593 2739.843 3068.406 3069.218 3081.781 3086.781 3185.718 3337.250 3339.500 3822.125 3823.593 
50.187 91.125 109.406 110.312 204.656 393.750 405.281 410.812 566.093 574.125 588.437 676.687 686.843 918.718 933.718 1150.687 1167.375 1175.625 1191.531 1210.875 1274.312 1434.843 1505.375 1573.625 1639.468 1668.343 1984.718 2846.468 2864.750 3207.312 3219.625 3238.187 3274.187 3278.406 3278.968 3720.781 3721.750 
