22.375 28.843 29.406 199.812 221.968 287.343 368.031 414.437 577.562 846.250 848.343 850.156 1073.875 1074.406 1090.312 1172.625 1355.781 1389.187 1448.031 1556.343 1570.343 1674.343 1922.281 1988.812 
22.406 23.312 30.500 846.562 987.343 1070.500 1357.625 1451.687 1753.500 
23.906 509.968 846.343 1869.781 
22.062 1362.968 1383.656 1904.718 1977.125 
464.718 782.625 846.250 960.781 1437.968 1558.500 1973.500 
30.187 140.468 779.031 849.593 963.812 999.000 1148.156 
23.718 143.281 345.187 367.562 527.875 575.968 845.656 1056.250 1066.062 1432.656 1638.406 1730.093 1978.187 
484.875 717.906 1209.468 1487.843 1795.500 
24.343 30.437 122.218 243.281 852.468 1074.468 1148.375 
565.312 1772.750 1773.750 1880.625 
