8.937 9.656 28.906 142.468 423.468 500.000 809.062 846.687 943.125 1072.437 1337.687 1371.468 1479.937 1808.312 1939.093 1990.625 
9.437 10.500 264.156 811.031 930.625 1577.906 1988.281 1995.468 
9.906 10.687 498.156 632.375 1579.031 1858.750 
9.687 280.531 502.375 1172.531 1184.750 1548.343 
10.687 123.125 1102.531 1578.156 1990.968 
10.531 375.750 1334.937 1499.093 
10.750 
10.812 631.187 1065.781 1150.875 1219.656 
10.656 217.531 265.781 810.656 1730.187 1968.375 
61.406 297.250 633.375 943.156 1244.375 1264.968 1339.562 1604.281 1721.156 1937.218 
