-60.219 29.937 57.750 96.406 99.531 175.312 196.031 200.718 468.625 480.343 543.843 591.625 640.718 697.343 729.968 755.125 763.812 847.343 879.625 884.406 1031.812 1334.500 1338.093 1492.093 1498.968 1747.750 1822.343 3139.468 3556.031 
-706.688 -591.032 18.093 87.062 226.906 443.375 461.000 698.156 771.812 885.750 899.656 1298.968 1443.968 1523.156 1569.187 1582.312 1662.375 1663.031 1761.031 1781.000 1817.500 1838.062 2851.625 3422.406 3834.281 
-1687.782 95.125 146.093 258.468 308.000 320.468 363.812 397.531 546.968 567.250 656.656 658.750 698.000 770.125 823.156 934.781 1014.593 1154.218 1164.375 1298.406 1390.562 1574.250 1605.531 1640.187 1662.406 1698.343 1894.187 3627.187 
87.468 139.156 436.281 658.406 758.656 784.187 903.312 976.093 1012.593 1166.750 1272.531 1657.187 1658.687 1660.406 1663.875 1668.187 1675.406 1713.875 1773.000 1795.562 1799.687 1817.156 
22.843 202.687 217.625 402.343 517.062 606.031 678.718 697.281 927.687 974.468 1031.500 1146.625 1164.968 1273.625 1295.812 1297.250 1299.281 1473.625 1605.937 1647.937 1658.343 1663.531 1693.781 1718.375 1721.250 3064.812 
11.968 36.562 69.625 89.093 217.531 298.250 362.656 395.093 421.437 619.468 662.593 822.468 844.937 882.750 887.218 902.281 935.125 1013.687 1223.656 1256.062 1262.906 1454.906 1513.468 1572.312 1699.031 1850.093 
40.781 300.906 461.281 516.250 572.031 678.093 712.312 718.406 729.156 793.937 824.593 863.468 916.625 974.937 1031.656 1032.343 1151.156 1176.625 1179.687 1198.937 1311.875 1349.218 1394.625 1403.250 1407.187 1457.593 1459.656 1568.562 1606.343 1606.656 1657.062 1657.906 1660.843 1693.625 1718.468 1827.937 1885.437 1920.093 2000.562 
13.093 17.062 188.343 206.093 259.062 340.156 358.031 466.093 513.593 721.750 853.343 879.156 904.312 918.312 1069.312 1218.187 1312.781 1322.750 1391.968 1485.781 1500.312 1516.937 1536.875 1660.968 1705.687 1728.687 1813.468 1818.187 
97.718 461.187 490.062 494.687 667.250 791.375 877.375 955.187 1158.437 1246.781 1333.593 1337.218 1406.625 1433.718 1507.218 1574.781 1658.375 1725.312 1756.937 1769.468 1974.468 
28.312 36.343 53.812 161.437 215.281 254.625 274.406 356.562 438.312 526.000 546.937 549.437 569.562 619.625 668.718 759.750 989.343 1094.437 1128.000 1150.718 1222.968 1229.093 1294.062 1299.375 1365.968 1396.312 1432.500 1473.843 1521.062 1697.812 1741.187 1781.593 1853.406 1940.625 1942.375 3092.593 
