-1364.094 83.156 121.406 128.093 288.187 300.375 348.343 442.093 466.562 469.468 532.281 548.906 576.031 604.937 772.250 873.281 876.437 910.468 911.531 912.718 945.687 1019.875 1083.781 1085.406 1093.812 1122.000 1170.031 1193.625 1319.312 1335.156 1441.531 1449.312 1523.812 1558.125 1563.062 1595.531 1665.031 1692.781 1695.687 1750.437 1775.906 1829.843 1841.156 1986.812 3740.281 
-1211.375 -1081.188 69.593 276.187 309.375 356.312 431.281 974.843 993.937 1017.156 1221.093 1283.187 1309.031 1442.781 1473.062 1479.937 1598.218 1628.187 1770.843 
205.062 370.406 381.843 627.843 703.406 809.281 832.750 977.343 1060.250 1087.500 1281.218 1466.218 1542.593 1547.218 1579.125 1711.906 1756.968 1833.062 
67.781 97.156 177.906 273.250 311.218 339.562 449.625 486.125 533.218 586.281 589.406 805.562 902.156 971.406 1121.875 1237.281 1252.281 1320.500 1360.843 1615.968 1658.125 1736.656 1830.875 1951.312 
-490.407 53.968 173.218 302.562 378.718 593.937 696.125 744.250 792.968 796.875 1016.406 1037.406 1056.093 1099.312 1238.906 1362.031 1371.656 1504.156 1621.093 1621.437 1689.343 1738.218 1839.937 1860.156 1964.687 1968.843 
78.375 262.625 264.625 298.250 312.406 332.593 337.156 415.906 427.500 454.500 497.875 552.531 773.343 842.625 906.875 942.718 980.562 1123.781 1512.343 1533.187 1552.718 1654.531 1821.156 1915.781 1941.843 
196.093 241.687 242.906 393.812 430.687 503.750 602.062 645.187 728.437 842.531 984.000 993.500 1239.937 1251.250 1267.468 1335.250 1337.281 1616.843 1621.500 1657.312 1696.156 1968.250 1969.906 1997.375 
27.062 214.218 243.562 282.906 336.406 442.031 461.156 563.093 811.750 987.781 1137.468 1236.500 1247.281 1306.656 1310.093 1317.687 1338.312 1445.031 1480.406 1616.968 1620.812 1626.562 1702.281 1831.531 1916.593 1917.312 
40.093 115.937 145.625 279.687 334.937 368.968 476.000 522.531 541.312 589.000 610.406 681.218 770.843 806.156 812.031 912.781 914.093 945.250 1169.656 1256.718 1382.718 1593.812 1651.718 1688.406 1784.531 1789.843 1881.062 1888.312 
74.906 128.062 215.906 244.187 349.000 392.156 419.312 438.937 467.000 530.656 541.718 584.718 747.656 794.031 849.500 875.750 1073.312 1127.781 1178.187 1261.312 1284.781 1312.187 1437.156 1689.468 1739.000 1919.031 
