17.937 81.937 92.906 222.531 229.500 231.031 232.781 246.375 263.562 335.468 537.812 746.125 1156.593 1159.031 1352.437 1559.187 1707.687 1788.968 1790.375 1796.843 1900.656 
18.375 18.625 19.156 83.531 89.312 94.187 233.437 531.437 618.843 765.000 1053.218 1069.000 1091.812 1442.718 1811.250 1996.375 2001.750 
18.375 54.625 247.937 278.312 284.500 338.187 719.218 722.437 750.000 1113.156 1142.125 1213.812 1441.531 1649.593 1699.687 
18.593 21.531 24.375 50.218 92.500 216.125 263.468 743.125 925.906 1109.718 1213.625 1773.250 1799.625 1880.656 
48.687 58.812 62.968 100.750 367.062 1041.906 1350.218 1352.687 1438.875 1499.031 1601.093 1790.218 1815.218 1882.156 1921.343 
32.343 42.812 104.906 306.437 449.343 770.781 1116.531 1215.687 1600.562 
18.531 19.843 59.843 168.406 610.718 744.281 765.968 1360.031 
17.875 19.125 44.906 58.468 211.625 256.625 728.218 772.500 1048.250 1121.531 1124.937 1315.000 1316.156 
17.718 82.531 83.156 262.312 298.500 364.187 790.687 1047.750 1537.156 1587.312 1599.718 1974.812 
59.000 164.343 1507.312 1698.406 1818.062 
