23.843 85.375 113.468 118.437 123.062 135.468 140.000 144.562 187.562 198.125 271.156 274.468 321.718 530.687 531.562 582.906 759.375 833.687 900.125 1048.250 1119.375 1263.843 1622.000 1717.437 1871.406 3163.500 
44.625 88.812 128.843 146.593 154.218 168.718 172.125 396.781 639.812 659.937 722.000 782.531 842.000 906.093 1106.812 1122.343 1564.937 1705.781 1717.625 1730.187 1735.281 1757.781 3008.937 
25.750 86.781 115.156 192.781 377.906 550.593 716.250 761.968 769.875 774.812 808.406 810.687 811.500 1069.906 1111.437 1115.843 1158.625 1225.093 1566.187 1826.281 1844.562 1861.468 
27.375 40.906 116.875 140.187 147.312 149.312 152.406 202.031 317.281 397.718 641.156 661.656 771.593 775.375 777.468 834.656 1016.343 1120.812 1277.062 1375.281 1518.156 1624.218 1632.500 1745.218 1759.500 1850.968 
86.062 109.406 118.250 140.750 142.437 145.968 198.500 220.750 317.718 320.406 374.906 397.406 846.843 1229.937 1361.625 1624.343 1628.156 1830.343 1851.781 1855.687 1974.000 
25.656 96.187 146.593 197.312 282.343 316.125 319.406 524.843 552.531 774.000 778.125 872.000 904.281 1049.968 1105.937 1112.500 1123.187 1521.906 1699.031 1732.281 1741.312 1857.562 
23.250 25.937 112.218 141.312 145.250 156.968 172.156 188.375 317.750 318.656 319.562 550.750 803.531 865.718 893.281 900.968 907.281 923.437 1118.125 1523.593 1751.625 1771.906 1824.062 1980.375 1992.625 
21.250 24.093 47.718 137.062 146.843 147.875 176.093 199.750 316.500 377.562 529.562 536.406 561.500 1121.812 1128.625 1161.000 1621.562 1730.156 1758.062 1760.906 1866.218 
25.500 121.343 134.843 138.437 142.812 144.218 145.750 147.093 152.281 216.156 313.000 318.093 379.812 530.000 553.843 716.000 769.812 835.281 836.625 1016.812 1123.156 1167.437 1226.625 1532.437 1821.281 1834.437 1861.750 
23.812 43.156 82.156 118.218 152.218 153.156 399.375 842.812 921.843 1017.625 1159.343 1262.500 1279.531 1620.718 1625.000 1761.531 3858.375 
