43.593 79.718 191.687 251.500 351.593 380.468 381.375 449.375 543.312 549.968 565.562 584.468 632.812 768.218 820.062 851.406 1057.125 1256.250 1338.562 1401.812 1423.687 1484.875 1546.125 1590.375 1648.906 1915.531 1934.062 1981.625 
32.156 124.500 180.000 224.187 249.718 294.343 351.437 518.531 519.781 547.406 618.125 714.531 766.812 823.406 853.343 867.562 869.156 1219.968 1338.937 1394.281 1647.875 1758.781 1803.312 1849.500 1958.750 
18.468 18.750 132.125 152.968 221.343 334.968 385.593 431.875 433.187 452.000 484.406 510.625 517.156 781.312 820.031 1026.093 1028.968 1152.000 1155.437 1259.375 1285.312 1448.968 1969.250 1979.625 
190.312 253.093 385.312 415.750 519.562 536.187 589.125 823.968 1339.593 1376.125 1647.031 1853.000 1980.250 
15.687 23.750 29.593 133.156 152.781 206.562 246.656 432.843 489.000 622.312 653.218 691.062 929.593 1030.218 1151.687 1589.500 1629.437 1682.562 1836.250 1838.468 
15.031 42.406 53.750 226.281 289.437 296.843 394.593 562.875 575.156 668.437 713.062 713.437 849.593 922.218 948.500 1057.156 1078.531 1151.781 1152.625 1587.343 1783.625 1788.843 
44.312 57.468 73.937 154.093 205.937 309.656 326.093 431.687 617.593 766.281 1027.906 1030.406 1157.250 1253.968 1588.468 1802.531 
204.500 293.718 294.000 329.000 519.937 527.031 536.312 621.875 771.937 800.781 1254.593 1284.968 1300.125 1545.718 1713.031 1782.562 
15.187 24.250 129.375 190.906 207.062 414.093 548.875 563.593 850.125 1437.093 1536.781 
72.750 288.000 293.812 423.500 634.750 691.468 1078.343 1154.312 1216.187 1586.687 1683.156 1716.187 
