742.562 835.343 909.781 1006.468 1115.937 1135.750 1183.156 1270.000 1300.062 1359.937 1376.750 1466.031 1531.125 1720.500 1891.281 1892.343 2426.781 2456.406 2520.343 
759.593 835.906 981.750 1007.062 1071.093 1071.875 1118.843 1124.531 1140.187 1186.812 1274.187 1305.312 1359.312 1359.718 1419.406 1439.750 1464.156 1532.968 1722.906 1815.375 1816.531 1892.187 1959.468 1987.031 2106.718 2176.906 2264.531 2516.906 
753.906 834.593 990.468 1072.812 1073.312 1120.406 1142.625 1272.250 1444.625 1478.781 1528.375 1891.375 1892.312 1954.593 2057.906 2106.218 2269.187 2374.218 2420.593 2447.468 2501.468 
680.062 760.156 832.343 1073.312 1132.343 1150.468 1394.093 1432.000 1739.375 1890.500 1891.437 1892.531 2516.812 
756.718 834.531 989.468 997.000 1127.062 1143.156 1305.843 1366.625 1392.906 1433.187 1520.843 1814.781 1815.968 1892.843 1958.812 2059.750 2120.968 2405.312 2440.625 
833.531 910.500 930.718 990.531 1077.218 1153.437 1294.906 1375.593 1419.375 1441.875 1529.468 1723.750 1890.906 1892.562 1969.656 2058.312 2105.062 2171.562 2259.187 2352.062 2353.437 2423.625 2521.531 
934.656 1074.343 1174.437 1286.500 1431.906 1448.375 1467.000 1507.062 1508.218 1528.312 1727.437 1815.500 1895.468 1998.375 2057.937 2060.281 2119.875 2142.375 2254.125 2418.468 
755.812 908.718 910.812 911.125 940.250 989.875 1120.000 1156.062 1200.718 1279.000 1374.656 1415.656 1437.593 1461.875 1741.906 1815.562 1891.593 1905.281 1951.843 2002.843 2059.218 2060.718 2111.375 2267.500 2371.750 2406.906 2462.750 2500.843 
740.937 760.562 835.312 909.781 1015.750 1113.781 1139.125 1162.593 1180.562 1282.156 1389.187 1521.062 1537.500 1662.406 1726.875 1893.781 1953.062 2058.218 2105.812 2372.531 2399.125 2431.375 2503.906 
748.531 835.312 914.593 1073.125 1143.687 1271.437 1298.156 1372.156 1404.718 1429.687 1445.812 1524.781 1738.406 1814.531 1928.406 1960.093 2058.062 2060.562 2128.781 2261.625 2361.562 2380.093 2414.843 2436.468 2508.812 2515.906 
