545.125 871.656 1151.125 1265.656 1454.687 1603.281 2001.093 2009.406 2179.750 
1267.718 1441.687 1778.625 1912.437 2000.218 
1267.000 1283.812 1394.656 1449.750 1784.781 2006.718 2185.906 
869.437 1043.812 1327.312 1394.875 1433.437 2000.687 2184.156 
992.187 1056.468 1223.687 1268.156 1438.625 1595.312 1929.000 2001.156 2166.000 2192.687 
711.968 871.156 1037.375 1193.437 1268.031 1278.812 1933.375 
1036.750 1267.406 1349.312 1899.437 2152.437 2167.812 
857.218 1040.812 1188.843 1268.281 1276.031 1382.187 1444.843 1585.937 2000.500 2019.781 2169.062 2210.031 
376.281 851.812 905.218 1183.250 1265.718 1394.468 1437.906 1916.781 1947.156 1999.906 2009.875 2145.000 2177.343 
528.468 1288.093 1438.687 1583.531 1591.218 1964.531 2004.468 2015.875 2125.843 2176.406 2186.343 
