-575.000 58.187 90.406 221.031 305.875 338.031 517.062 550.281 684.750 723.312 813.218 891.625 991.312 1047.875 1056.937 1110.281 1114.250 1140.156 1175.093 1215.875 1300.437 1321.812 1410.625 
-1089.844 58.281 76.406 303.187 334.093 337.187 341.500 451.187 525.343 548.468 550.343 555.625 599.343 602.750 636.781 656.281 670.343 674.406 772.875 857.500 864.281 1061.531 1097.593 1139.968 1283.687 1326.343 1423.968 1968.218 2602.125 
-1463.719 71.812 173.625 199.343 209.937 218.531 225.968 337.125 527.312 581.062 656.468 657.750 749.156 757.593 796.312 798.781 882.687 893.656 1058.750 1061.906 1110.375 1115.625 1136.437 1140.156 1172.718 1285.031 1286.687 1300.781 1406.812 1414.437 1871.093 2526.593 
-1192.907 46.062 66.187 74.843 189.593 223.593 238.781 338.312 724.625 750.250 805.250 867.000 872.437 889.156 1068.062 1173.187 1189.562 1211.906 1321.937 1419.687 1430.093 1454.562 2437.562 
39.062 189.625 218.750 346.437 511.218 526.687 636.531 643.593 667.625 858.500 868.406 871.437 1054.937 1061.593 1136.625 1138.312 1177.187 1229.250 1284.125 1325.468 1407.218 1409.281 1421.812 1827.312 
38.781 63.125 63.875 230.218 334.437 337.437 526.750 555.250 562.750 593.031 601.437 603.375 636.343 645.906 1136.656 1138.937 1254.937 1324.062 1347.843 1459.093 
54.593 95.656 335.125 510.531 599.531 744.375 858.281 860.656 888.906 1062.812 1211.968 1318.500 
-1836.875 48.281 217.656 304.937 344.250 346.750 352.125 863.625 890.093 996.937 1136.750 1184.468 1189.312 1211.093 1284.125 1321.312 1409.968 1428.531 
64.687 81.531 189.218 218.468 316.843 530.468 689.718 893.343 1056.937 1169.562 1412.125 1440.281 
70.718 216.718 334.093 362.937 662.750 711.375 860.843 894.375 1069.312 1423.312 
53.875 216.843 436.875 669.218 722.531 750.656 889.312 1114.906 1219.656 1284.281 1306.031 1341.093 1417.781 1473.843 
520.031 554.781 567.937 658.812 884.156 891.937 1195.125 1304.843 1832.906 
59.968 63.625 340.156 456.437 512.343 518.312 636.093 680.156 885.437 900.687 1110.843 
678.375 688.187 779.000 
