50.968 95.687 201.468 287.718 454.343 455.031 460.843 542.218 568.218 637.093 731.843 797.875 895.343 969.187 970.031 977.875 1134.968 1388.000 1453.437 1561.937 1568.968 1574.406 1607.375 1611.093 1737.656 1798.531 1807.312 1870.062 1932.062 1939.375 1994.250 2033.500 
52.250 57.281 190.562 201.562 204.250 210.218 294.531 312.875 315.093 424.406 465.687 566.156 635.687 637.218 641.812 682.312 702.375 739.781 791.656 897.968 927.281 969.468 973.281 976.687 982.000 1058.250 1066.406 1121.281 1123.562 1136.062 1414.437 1513.625 1563.437 1575.062 1610.250 1619.718 1710.437 1745.750 1747.218 1803.062 1807.468 1816.656 1917.843 1932.656 2066.968 
-792.844 37.093 51.687 85.000 103.312 176.500 273.937 288.625 317.156 418.625 453.500 728.593 761.656 785.718 787.625 797.468 924.687 993.656 1044.875 1090.687 1132.187 1383.093 1391.625 1594.593 1720.625 1728.343 1753.468 1766.187 1803.187 1815.937 1932.031 1933.468 1960.750 2053.750 2067.218 2098.687 
65.406 198.250 201.406 291.625 452.437 542.968 582.937 643.218 644.218 651.906 690.093 697.687 741.875 744.281 767.843 790.562 796.500 906.781 914.812 968.875 971.437 974.750 976.656 981.625 995.968 1094.406 1118.250 1134.437 1136.531 1282.343 1374.312 1391.250 1461.750 1500.937 1512.750 1521.156 1527.281 1550.687 1599.031 1710.687 1748.062 1802.531 1828.718 1891.500 1925.937 1972.000 2056.000 
82.843 91.062 173.281 269.750 638.562 698.343 722.781 743.468 794.781 898.562 914.531 981.031 1000.625 1001.718 1110.562 1116.218 1382.156 1406.531 1548.281 1567.781 1915.656 1948.500 
-1797.250 54.687 167.843 173.250 177.093 193.031 299.781 302.312 335.125 418.562 420.937 423.656 463.531 572.062 637.875 726.812 742.500 754.062 797.656 801.593 901.218 980.750 1061.937 1134.125 1135.812 1139.312 1467.000 1548.593 1567.156 1621.281 1640.000 1713.156 1892.875 1902.437 1919.000 1971.218 2068.281 3476.531 
65.187 285.156 323.406 358.562 440.968 566.656 631.781 680.687 690.968 747.937 788.218 1092.593 1109.718 1120.375 1135.531 1391.000 1503.375 1513.625 1612.812 1805.843 1882.906 
54.625 270.906 328.906 455.562 537.781 794.937 881.468 908.156 948.656 1058.531 1586.218 1611.156 1907.000 1916.312 
-1814.000 224.656 292.531 544.375 567.000 640.218 727.937 739.843 765.781 775.125 785.968 977.625 1139.968 1468.656 1599.968 
81.906 199.312 288.593 338.343 422.531 449.593 636.218 640.531 665.437 798.281 887.562 1045.250 1066.406 1376.406 1387.500 1472.437 1644.218 2607.625 
-1701.844 104.843 168.562 289.625 318.062 321.937 635.312 934.500 1096.781 1124.687 1149.843 1731.093 1906.250 1951.187 
332.250 335.843 631.093 646.593 693.218 814.343 818.375 894.531 906.375 963.093 1109.625 1136.906 1365.718 1540.968 1608.031 1731.156 1919.125 2057.000 
267.593 775.593 786.343 884.343 1108.375 1124.812 1581.812 1602.906 1960.218 2042.000 
-1078.407 51.468 66.468 120.906 201.250 270.187 420.281 700.750 709.031 740.687 766.406 790.468 796.593 886.593 914.687 968.593 1076.281 1587.312 1621.781 1936.593 1962.687 
