120.500 184.562 191.625 192.187 337.875 725.750 748.375 751.843 1053.343 1277.062 1474.531 1647.218 1879.968 1880.312 1895.437 1988.625 
23.718 189.625 340.500 420.343 700.750 723.843 866.656 959.468 1203.968 1278.968 1279.562 1558.343 1875.593 1878.500 1885.375 1895.781 3908.437 
41.093 185.343 339.718 751.656 767.531 857.031 1278.968 1679.875 1902.937 
191.406 191.625 337.937 717.343 745.968 1279.218 1648.281 1884.625 1983.375 1983.750 3549.875 3550.093 3550.312 
716.812 1361.531 1646.937 1813.656 1879.781 1884.000 2883.343 
186.968 1646.937 2522.343 
1461.031 1548.250 1886.812 1905.187 1918.468 
318.093 745.468 761.343 1361.250 1554.250 1902.718 3763.218 
30.750 116.875 180.250 746.031 857.312 1193.468 1558.093 1643.968 1884.031 1908.968 
121.687 186.468 186.875 752.531 768.656 954.000 1361.281 1361.843 1786.000 2474.718 2542.343 
