120.843 141.875 247.562 336.156 382.000 1965.812 
246.843 249.812 254.093 328.031 510.968 625.000 794.093 1036.031 1046.156 
255.218 322.687 349.093 1042.062 1132.125 1381.375 1556.062 
224.218 230.812 235.343 244.125 347.343 907.312 1041.187 1128.656 1143.500 3580.000 
122.281 122.750 248.281 348.843 785.093 1046.875 1381.375 1385.531 1397.031 1717.593 1717.937 1832.531 1977.593 3426.562 
244.562 324.312 796.906 915.968 1028.812 1031.218 1127.750 1138.343 1395.250 1553.187 1718.000 1826.281 
129.875 246.468 323.312 1036.500 1134.312 1381.906 1385.406 1836.687 1878.781 1984.625 
258.562 906.687 1045.718 1122.656 1381.343 1538.031 1712.500 1835.125 1836.750 1966.375 
121.656 129.531 237.625 380.531 511.906 514.156 521.968 907.437 1047.156 1361.812 1372.687 1376.218 1537.875 1555.718 1827.812 
238.968 239.312 253.093 323.156 335.500 516.250 786.593 796.562 1036.406 1979.156 
