37.625 39.406 44.937 327.593 496.187 665.156 702.500 942.656 1134.281 1177.375 1394.156 1577.093 1636.531 1638.625 1692.812 1709.625 1931.437 1966.500 2039.000 2115.687 2137.250 2174.875 2210.625 2216.375 2433.562 
-1871.407 -1814.813 42.875 72.875 91.062 160.250 254.718 325.687 461.156 466.500 507.625 607.656 857.593 877.218 1059.562 1079.625 1130.937 1213.718 1538.062 1609.843 1623.812 1676.531 1967.562 1968.531 2105.093 2107.875 2116.593 2136.406 2150.437 2174.562 2184.468 2201.906 2210.687 2326.906 2345.187 2386.281 2406.000 
23.625 41.093 68.031 85.812 401.312 438.531 501.187 612.250 620.468 867.750 875.812 1079.281 1130.312 1142.312 1375.875 1451.343 1463.656 1538.343 1668.843 1689.781 1821.250 2037.468 2117.562 2149.812 2214.375 2243.250 2293.281 2293.656 2351.000 2362.593 2377.187 2403.000 2403.843 2404.531 2405.000 3835.218 3836.781 
264.468 356.312 369.750 438.031 439.781 501.562 571.781 692.187 785.156 956.500 958.312 1220.687 1231.406 1233.062 1274.406 1286.406 1579.343 1632.375 1637.218 1659.593 1687.000 1874.375 1986.750 2172.750 2174.312 2217.406 2221.281 2260.187 3417.281 
-1540.313 74.750 326.187 437.687 740.531 842.156 1138.000 1217.687 1286.500 1435.593 1451.687 2038.250 2095.968 2106.281 2154.875 2155.718 2174.375 2200.343 2226.687 2372.468 2393.812 2472.843 3351.343 3393.687 3756.125 
253.343 255.875 400.031 439.937 441.687 494.875 527.312 678.562 679.093 885.812 895.125 1082.093 1085.562 1127.906 1134.406 1538.406 1595.156 1624.875 1651.687 1851.281 1876.468 1895.281 1981.625 2176.312 2259.093 2291.750 2292.875 2380.937 2404.156 2429.906 
42.125 43.375 72.656 328.187 483.375 605.406 621.812 787.343 788.250 845.500 857.343 886.375 944.718 1080.906 1131.281 1136.937 1147.625 1282.906 1376.812 1538.781 1563.312 1571.937 1612.875 1632.687 1637.812 1671.468 1936.406 2013.125 2117.125 2131.968 2133.718 2134.781 2136.531 2188.562 2216.187 2403.875 2443.687 2463.875 
-1096.438 -132.313 -7.000 17.187 327.250 437.500 691.031 743.062 755.187 956.156 1079.031 1116.093 1137.156 1157.000 1219.531 1225.437 1288.093 1458.906 1540.218 1586.468 1608.593 1633.062 1672.125 1866.687 1985.281 2035.937 2036.875 2097.531 2119.468 2181.437 2195.750 2200.500 2202.500 2211.250 2293.406 2295.750 2391.125 
-1524.313 31.562 44.375 437.656 485.437 497.125 531.218 731.343 901.218 901.812 920.968 1057.812 1084.125 1139.625 1184.750 1219.750 1287.000 1393.031 1396.750 1667.562 1670.375 1707.906 1831.843 1891.156 1913.375 1983.500 2029.343 2034.125 2125.968 2197.343 2212.406 2230.343 2264.500 2326.750 2352.218 2369.156 2447.093 
-1942.657 -1779.188 157.781 160.875 324.000 357.000 376.218 439.656 495.437 699.593 732.656 786.843 787.250 789.187 921.281 926.562 1217.031 1230.625 1341.437 1391.468 1393.968 1573.500 1632.031 1651.656 1708.750 1721.593 1893.875 2026.156 2108.843 2117.218 2133.343 2215.062 2252.062 2296.093 2326.843 2350.875 2402.781 3129.031 
