18.687 55.656 59.875 71.656 193.937 870.906 1211.281 1440.625 1581.031 1791.843 
85.218 110.125 1025.125 1116.000 1818.437 
550.937 681.531 767.656 809.250 958.875 1669.937 
423.906 853.437 1710.312 1963.093 
32.625 314.968 336.593 428.750 678.000 1326.781 1992.906 
22.343 728.156 794.375 1304.375 
15.500 49.968 159.281 220.250 426.312 427.000 679.687 896.562 1301.906 1617.812 1618.875 1743.968 1769.718 1844.718 1926.062 1927.781 1961.375 
336.843 1743.343 
274.125 358.875 724.687 904.687 1961.062 
40.656 275.312 1792.875 
