14.218 184.781 467.468 586.750 760.656 902.812 947.500 1192.093 1418.562 1441.093 1461.343 1914.843 
28.437 39.406 95.281 405.093 807.562 1197.312 1266.156 1275.500 
463.312 546.000 555.906 759.593 901.125 924.031 1096.562 
164.125 279.187 405.093 425.718 840.250 1274.343 1303.062 1576.781 1823.312 
71.312 96.500 128.968 215.562 506.156 609.031 898.906 944.500 1035.562 1513.312 1663.687 1748.437 1749.687 1824.281 
33.843 303.250 362.562 1347.531 1440.562 
125.312 299.312 308.437 899.937 961.781 1169.156 1828.156 
28.250 59.937 221.250 298.250 321.843 404.437 468.593 508.500 758.093 1036.343 1269.656 1663.687 1717.125 1828.531 
299.093 506.968 1122.000 1417.156 1467.343 
16.406 193.718 551.406 609.593 810.125 1169.031 1442.156 1490.437 1632.281 1899.937 
