21.093 31.250 34.062 35.343 35.937 48.625 53.156 59.250 60.281 66.750 146.062 185.562 193.343 225.593 233.843 291.437 292.375 301.281 307.375 366.093 395.687 439.875 470.937 542.593 544.406 548.937 619.093 620.562 698.375 820.781 872.125 904.125 915.281 916.750 1004.156 1075.593 1076.562 1141.125 1146.906 1465.562 1483.062 1484.468 1579.843 1658.687 1733.312 1768.500 1793.968 1870.843 1886.000 1894.937 1956.812 1974.437 
23.406 30.906 32.406 33.281 34.375 37.437 39.687 44.500 46.437 62.343 62.625 68.281 72.656 79.218 85.593 131.312 132.500 292.156 296.562 334.718 362.562 365.000 380.687 416.375 421.406 450.000 460.000 541.843 544.031 557.437 568.906 570.562 637.500 667.031 700.031 705.843 776.093 802.781 819.718 864.625 878.187 1007.125 1008.750 1076.187 1137.156 1237.281 1283.312 1302.687 1413.656 1467.218 1467.781 1485.125 1531.312 1579.750 1582.125 1645.125 1679.593 1737.093 1778.125 1780.156 1870.843 1887.937 1888.750 1973.968 1975.125 
20.656 21.281 25.937 28.281 29.750 32.437 39.281 62.281 62.718 70.437 73.000 99.437 134.593 145.093 174.031 228.656 230.500 235.031 307.187 379.500 400.812 417.875 456.937 564.093 566.875 583.750 601.875 672.125 697.812 787.468 916.375 917.437 1006.406 1075.812 1076.250 1138.812 1239.437 1303.062 1308.406 1333.906 1414.312 1418.625 1432.250 1463.343 1578.437 1646.968 1721.531 1797.156 1870.375 1870.875 1887.906 1922.531 1923.875 1955.718 
20.281 20.656 21.437 37.156 37.687 41.281 45.468 59.593 67.218 70.375 79.375 123.281 124.500 141.000 179.093 189.656 191.156 231.937 291.375 296.750 349.375 361.000 372.187 393.593 419.156 424.625 451.781 562.687 590.750 625.593 662.437 665.656 705.687 711.843 784.437 786.843 863.968 871.625 913.906 916.937 1042.437 1076.625 1079.125 1139.843 1140.531 1239.000 1283.062 1302.843 1305.062 1334.062 1413.687 1429.718 1465.468 1486.031 1487.250 1579.625 1588.593 1642.468 1726.000 1739.812 1772.812 1795.000 1871.156 1884.781 1895.812 1936.843 1954.812 1956.875 1979.437 1979.656 
21.968 31.062 36.875 37.468 39.312 42.062 55.062 61.843 74.718 89.093 135.468 137.625 148.000 187.687 242.906 346.406 361.312 365.843 370.406 394.406 418.718 449.281 459.625 564.156 581.187 608.625 622.250 665.781 667.062 669.218 698.093 703.968 779.062 822.062 874.875 916.500 917.437 960.843 1007.593 1076.500 1090.781 1137.531 1237.406 1284.031 1331.687 1464.687 1482.687 1533.375 1535.093 1578.312 1590.968 1664.656 1672.437 1716.187 1794.062 1882.562 1925.031 1960.750 
19.781 30.281 32.968 37.093 42.125 52.781 69.625 98.718 118.656 189.062 206.312 232.875 290.562 291.656 300.000 331.875 361.468 365.312 394.312 419.031 428.718 465.093 544.125 561.281 563.156 571.781 672.687 704.968 775.937 776.843 796.718 821.156 823.062 865.562 918.812 947.312 961.781 998.375 1011.812 1033.625 1042.312 1141.000 1180.156 1181.125 1239.125 1244.593 1283.625 1286.093 1332.875 1412.531 1453.562 1467.125 1492.656 1535.343 1577.593 1583.062 1586.125 1644.031 1663.093 1739.500 1769.375 1790.500 1814.156 1867.625 1893.125 1926.656 1959.968 
22.750 26.500 32.031 35.500 42.062 55.156 64.343 81.281 95.468 96.937 137.156 140.343 186.031 192.812 197.156 230.593 231.000 292.718 297.656 364.312 376.000 419.718 449.218 458.218 541.937 568.656 590.687 697.781 777.437 779.281 789.281 863.875 918.031 961.156 1017.968 1076.968 1139.750 1302.875 1304.625 1468.468 1475.937 1533.343 1534.250 1578.375 1648.343 1671.406 1709.500 1734.812 1741.718 1761.781 1766.281 1886.250 1925.187 1936.500 1954.625 1957.312 
21.062 31.250 32.437 36.250 38.625 45.125 64.531 73.062 102.312 114.968 117.093 147.343 173.218 176.468 182.906 244.093 293.000 298.312 300.062 362.031 365.875 375.781 396.937 412.625 440.562 450.656 454.218 541.687 549.437 564.375 621.750 698.437 703.562 901.656 908.843 909.562 919.562 960.500 1005.750 1105.156 1236.343 1258.343 1303.625 1413.312 1486.187 1535.562 1536.968 1537.937 1577.843 1582.656 1584.125 1649.093 1666.187 1714.062 1769.968 1926.968 1960.500 1977.062 
20.375 20.968 32.750 35.500 46.250 47.875 55.875 64.125 71.406 80.031 134.500 227.562 228.968 292.281 299.187 356.250 364.687 375.500 420.656 424.937 442.000 543.125 544.156 552.312 562.718 581.281 628.687 652.156 705.625 778.062 823.375 875.250 918.000 921.562 1019.031 1076.687 1132.906 1139.968 1237.750 1287.968 1412.843 1461.937 1483.875 1511.656 1578.562 1594.968 1648.312 1663.937 1730.375 1731.937 1794.250 1796.375 1871.218 1883.937 1954.875 1972.593 
20.937 32.562 38.062 42.468 61.250 62.281 96.593 115.562 133.593 176.937 183.750 233.875 269.156 292.125 305.906 332.468 349.531 360.187 368.656 377.593 394.281 415.343 425.281 450.031 543.093 617.156 623.312 637.125 663.031 671.843 779.531 800.281 820.218 824.093 874.281 902.000 916.531 1078.000 1134.531 1265.250 1286.312 1332.531 1412.406 1413.062 1465.656 1469.218 1481.343 1485.343 1531.093 1531.812 1578.718 1579.750 1644.281 1733.125 1870.500 
