26.906 30.343 31.875 32.187 46.031 55.437 57.406 58.125 59.625 67.625 97.187 115.218 128.343 166.093 174.312 176.531 189.875 240.125 242.156 245.406 251.156 280.281 326.093 335.031 379.968 424.718 431.406 451.250 495.000 549.562 558.281 645.718 683.156 684.000 694.781 739.062 745.812 749.125 787.531 788.437 841.437 912.625 915.218 926.343 1006.125 1047.687 1048.437 1061.062 1093.718 1208.437 1211.625 1363.562 1405.906 1424.812 1461.031 1490.843 1523.093 1559.281 1597.625 1607.968 1635.656 1637.687 1710.687 1712.125 1799.843 1800.593 1820.593 1821.875 1944.500 1981.593 
32.843 44.656 51.406 61.218 70.531 130.437 145.843 173.687 242.781 243.718 246.375 252.781 253.031 253.312 321.625 418.375 421.281 436.062 507.062 508.062 543.593 611.343 612.812 669.375 684.500 729.812 746.250 788.062 927.875 929.281 1007.875 1030.375 1067.687 1092.031 1119.062 1215.437 1368.093 1470.812 1495.156 1538.531 1549.343 1603.187 1708.843 1710.750 1724.656 1732.343 1797.437 1802.000 1838.031 
19.593 21.718 32.625 47.062 57.062 58.625 60.343 74.718 98.375 113.718 118.937 135.843 175.093 176.156 177.312 192.281 230.187 242.437 274.968 277.343 322.500 417.406 451.750 506.937 538.281 539.687 560.250 611.781 621.531 624.531 685.781 745.062 809.812 817.093 931.062 970.500 1004.437 1124.968 1154.781 1187.000 1221.500 1488.375 1525.812 1526.750 1528.562 1708.343 1712.125 1718.281 1726.968 1740.968 1795.468 1811.812 1818.375 1822.875 1854.687 1879.906 1885.093 1969.000 
20.687 26.812 48.906 60.562 81.125 89.281 107.562 180.843 189.593 192.437 233.625 241.125 284.562 322.406 396.437 426.750 493.625 506.437 507.750 544.750 674.343 690.000 745.843 749.250 778.562 814.625 965.625 1002.000 1234.406 1235.906 1442.031 1489.562 1490.625 1524.156 1548.656 1602.906 1722.218 1728.656 1765.750 1812.687 1850.750 1883.718 1962.375 
19.375 39.250 55.593 70.687 71.093 71.906 124.968 133.000 195.781 203.468 211.156 239.781 253.031 254.625 295.343 322.250 328.312 355.468 419.843 430.343 460.343 542.843 559.343 575.718 611.531 612.187 683.906 684.625 787.343 821.218 882.406 920.718 1067.968 1212.281 1215.312 1411.125 1422.875 1436.031 1492.906 1494.000 1529.468 1603.500 1709.718 1711.093 1729.375 1742.000 1764.500 1789.187 1838.812 1847.593 1865.156 1881.812 1882.750 1884.625 
53.343 58.406 75.875 135.375 174.750 183.718 230.093 235.500 240.000 294.750 324.718 462.937 463.906 484.218 507.156 539.718 561.750 610.937 685.156 685.875 691.312 726.781 741.875 779.812 788.562 791.906 876.406 913.656 917.812 939.718 1040.468 1058.687 1066.093 1095.093 1120.718 1144.250 1145.875 1146.781 1240.218 1292.687 1365.000 1371.468 1468.531 1600.031 1638.500 1722.812 1729.875 1775.156 1793.031 1881.906 1894.531 1960.468 
21.156 26.437 69.906 79.718 111.000 115.250 116.312 127.187 131.843 177.250 194.875 210.156 239.093 294.000 312.531 322.437 325.875 330.406 331.375 509.687 575.593 610.562 611.656 615.687 681.812 693.343 731.437 739.375 745.562 759.781 781.468 787.593 788.906 810.625 812.031 826.437 921.156 930.906 1029.250 1093.875 1145.656 1147.250 1217.062 1222.062 1230.281 1364.875 1409.312 1422.250 1464.218 1527.718 1709.031 1709.812 1730.281 1763.437 1804.812 1835.625 
28.000 29.000 42.812 47.593 48.531 49.718 55.281 96.937 103.343 110.125 134.625 164.625 175.781 190.281 301.781 319.937 326.312 338.687 398.093 522.375 538.937 574.437 613.437 640.125 647.750 693.375 730.343 745.750 760.156 774.062 784.875 790.125 801.625 817.750 879.312 882.218 887.937 937.156 941.187 944.687 970.343 1030.250 1115.406 1162.968 1228.437 1246.343 1364.875 1462.468 1708.312 1714.187 1727.593 1799.375 1809.437 1818.812 1862.062 1893.843 1929.500 1944.812 
51.218 118.875 194.375 207.312 235.187 241.468 273.031 321.250 324.500 399.468 419.968 421.437 552.281 569.250 624.687 657.250 730.968 771.812 791.625 877.281 887.343 928.781 932.000 1003.718 1030.937 1036.500 1062.750 1094.687 1215.375 1365.218 1465.906 1467.718 1527.406 1602.781 1721.812 1762.625 1819.875 1830.656 1834.968 1881.593 1893.750 
19.656 47.093 64.937 66.531 74.500 94.875 109.562 117.625 129.437 144.781 167.625 215.187 241.218 249.906 320.062 320.875 349.718 394.125 395.625 420.500 536.156 563.187 611.437 666.531 670.375 687.343 688.593 697.000 699.562 718.406 727.687 745.000 768.250 814.875 875.343 1060.812 1061.375 1067.031 1107.781 1210.812 1220.312 1227.406 1421.718 1463.468 1526.093 1599.593 1638.656 1710.031 1719.750 1723.531 1736.281 1792.375 1822.875 1833.000 1848.375 1895.343 1896.218 
