-1419.125 -317.875 -274.375 171.625 243.875 512.718 546.718 618.625 743.218 901.718 979.281 981.437 1099.875 1336.843 1359.000 1380.875 1453.437 1561.187 1698.531 1799.468 1803.937 1906.625 1912.156 2074.875 2110.656 2533.906 2538.500 2602.406 3202.406 3497.593 3500.218 3562.250 3566.375 3594.500 
-1701.094 -1430.407 -1316.407 -1272.344 -985.282 -621.782 225.718 352.812 394.031 412.937 572.593 939.687 963.843 995.156 1031.281 1064.156 1141.687 1249.718 1323.968 1354.093 1422.031 1431.656 1927.937 1934.812 2350.312 2721.718 2770.281 3980.468 
-1809.375 -1633.750 -1494.625 -1004.907 -399.813 98.843 304.843 394.937 417.750 437.343 538.156 743.375 984.937 1045.875 1117.875 1144.437 1397.250 1425.562 1498.437 1974.781 2104.812 2141.937 3634.500 3910.031 3939.937 
-1988.657 -1697.438 -1588.844 -1560.750 -1542.625 -1513.188 -1342.500 -1003.844 -931.657 -366.750 -285.563 -279.500 -278.750 -55.188 -35.125 18.906 185.281 349.156 426.156 456.437 584.218 594.000 602.312 615.562 657.781 759.093 760.437 1372.125 1410.000 1768.625 1790.031 1794.593 1968.781 1974.187 2011.250 2860.156 3325.687 3567.218 3675.406 
-1656.407 -1649.688 -1616.313 -1320.782 -1296.500 -1243.625 -935.657 -781.657 -399.625 -188.688 -168.157 346.500 378.625 414.875 438.562 439.593 451.468 479.812 613.406 650.343 796.406 951.062 1387.187 1388.281 1826.843 1985.656 2585.625 2642.843 3274.125 3413.656 3416.718 3419.531 3830.906 3975.187 
-1670.688 -456.438 -453.938 -410.594 -269.750 -266.688 -223.907 390.593 414.343 419.468 617.625 968.656 1110.250 1503.343 1525.937 1533.187 1592.343 1611.187 1631.156 1812.781 1935.000 1962.531 2229.843 2830.312 3341.468 
-1993.688 -1991.375 -1529.500 -1259.094 -370.688 -365.219 -148.625 363.125 364.281 768.312 806.062 964.250 1260.187 1338.656 1533.500 1549.125 1554.687 1899.718 1948.718 2074.593 2672.687 3180.656 3415.875 3629.968 
-1718.532 -1691.375 -883.282 -865.407 -472.907 -70.625 -62.094 172.437 206.000 346.250 409.968 564.281 574.937 732.531 959.031 975.156 1022.062 1110.062 1123.812 1688.875 1760.468 1931.500 1938.875 2136.250 2900.468 3286.187 3525.687 3553.062 3615.218 
-1785.032 -1715.688 -963.032 -887.500 -673.625 -234.500 55.625 176.375 420.500 529.656 535.875 574.343 586.406 631.125 780.156 1073.875 1078.875 1254.968 1400.156 1527.468 2312.468 3817.968 
-1169.438 -642.657 -534.907 -382.438 226.468 404.062 448.750 535.468 602.906 747.187 786.656 1135.406 1353.125 1416.750 1691.625 1788.687 1999.625 2108.375 2129.375 3110.406 3227.781 
