-1906.469 -1369.688 -878.219 -861.782 -836.969 -833.000 164.468 426.781 429.843 438.812 625.468 650.718 674.843 677.031 698.312 701.906 720.500 1029.593 1095.125 1150.906 1439.843 1471.375 1484.656 1533.843 1825.906 1852.906 1862.156 1906.156 1992.781 3053.406 3894.656 
-1906.250 -1850.407 -1371.594 -1371.125 -1332.532 -1314.407 -1283.625 -1266.219 -608.375 -315.750 -257.438 110.937 111.437 395.843 679.250 917.656 954.625 960.593 1260.281 1440.281 1457.062 1524.843 1694.062 1704.718 1822.843 1867.562 1874.218 2811.031 2880.093 3258.500 3380.656 3580.000 3798.093 
-1869.250 -1276.657 -393.250 -204.344 -198.500 -191.313 -110.407 417.156 488.062 620.750 629.500 700.312 756.218 791.343 899.468 1030.531 1031.906 1037.781 1129.875 1156.718 1187.437 1433.687 1435.281 1488.781 1547.031 1598.375 1756.437 1850.093 1896.312 1910.593 3079.031 3811.687 
-1505.375 -659.657 -653.625 38.406 56.718 182.625 267.125 472.000 489.125 718.250 774.218 829.250 946.187 1024.375 1030.281 1046.156 1055.937 1283.312 1521.781 1742.093 1744.812 1825.218 1890.906 1992.468 2031.906 2202.031 2729.375 2739.156 3503.343 
-1809.813 -1777.563 -1346.219 -1311.282 -1304.375 -1301.532 -1298.219 -442.875 -371.032 -67.375 381.531 399.906 415.906 421.125 664.062 671.125 693.500 723.093 731.968 924.500 949.593 1024.250 1029.656 1048.781 1057.156 1124.187 1331.468 1336.718 1387.531 1433.375 1441.875 1455.875 1467.562 1686.718 1829.687 1864.281 1876.093 1930.375 2179.531 3047.656 3434.125 3449.906 3672.031 3921.125 3930.468 
-1978.125 -1348.125 -816.438 -327.969 -247.875 -220.250 171.281 478.562 619.062 680.562 910.125 961.812 1034.812 1156.500 1271.125 1279.156 1346.937 1428.437 1527.718 1812.062 1840.593 2684.500 3748.687 3840.218 
-1756.094 -1460.532 -1450.188 -1363.813 -1304.594 -1170.375 -173.907 -169.219 -141.750 -74.344 5.218 51.187 109.406 172.500 251.062 360.843 431.625 663.531 773.343 1072.656 1491.562 1550.406 1868.531 
-1824.094 -1574.157 -1386.750 -1173.594 -603.469 -376.750 -338.875 -76.532 -3.657 429.062 555.062 626.812 668.875 680.812 752.125 799.031 910.250 942.687 1149.312 1178.875 1329.343 1376.468 1504.218 1622.562 1685.968 1911.406 1948.531 2024.875 2089.750 2914.218 3136.656 3169.781 3373.500 3575.906 
-1931.938 -1120.657 -682.219 -680.313 103.000 436.812 769.875 873.812 880.218 941.031 1021.531 1039.312 1053.718 1135.812 1203.375 1278.625 1349.531 1426.875 1435.281 1456.031 1613.906 1971.562 2109.187 2116.093 2232.500 3556.906 3644.937 3863.375 
-1775.407 -1457.844 -1070.375 -956.532 -656.313 -599.219 -232.000 -196.907 58.437 151.000 401.906 402.468 412.343 471.562 521.312 635.000 751.156 767.593 782.593 790.812 849.687 913.468 940.000 950.375 1029.843 1032.250 1036.468 1263.812 1439.718 1472.718 1485.156 1539.281 1564.531 1687.125 1721.593 1724.656 1757.937 2957.343 3001.687 3314.750 3332.093 3518.343 
