-1556.719 -1469.125 -1461.813 -379.375 78.562 82.281 263.906 438.062 446.718 642.937 957.812 965.406 1175.625 1367.906 1466.093 1852.437 1893.687 2024.093 2238.875 2925.156 3835.406 3887.625 
-1236.907 -702.250 -329.375 83.218 151.437 297.750 471.062 685.187 841.125 983.968 996.843 1394.906 1714.562 1804.093 1816.093 1839.000 1910.468 2050.281 2100.218 2109.343 2246.562 2270.843 2927.750 3102.781 3539.000 3562.031 
-1300.375 -495.657 22.406 36.156 84.406 155.906 192.875 330.812 361.500 583.250 1030.500 1107.468 1109.781 1445.093 1485.406 1491.406 1494.250 1598.281 1847.500 1862.812 2007.625 2038.656 2140.906 2236.343 2295.656 2351.718 2858.000 2885.062 3197.250 3762.093 
-1832.188 -887.969 -187.563 75.437 76.593 91.437 201.281 369.937 411.031 421.906 462.875 632.562 719.187 720.562 721.750 897.500 1074.156 1081.687 1148.781 1222.031 1237.250 1494.937 1849.031 1858.750 2149.656 2241.781 2412.031 
-1542.125 -1027.188 -1012.063 -975.125 -505.657 -477.282 -434.219 -433.688 265.062 308.000 415.687 708.875 715.468 779.218 1158.593 1933.937 2015.000 2044.968 2251.906 3349.531 3365.656 
-1904.688 -1680.375 -1450.094 -962.063 -437.063 -196.250 58.281 150.125 152.687 254.812 380.250 677.812 723.187 739.781 1084.968 1089.906 1232.625 1443.125 1494.625 1546.562 1562.937 1842.812 1945.343 2099.687 2101.562 2279.062 
30.875 81.593 82.937 117.687 260.437 363.218 591.718 842.937 1068.375 1208.000 1366.437 1487.875 1501.562 1560.843 1696.000 1813.468 2006.062 2216.156 2352.718 
-1349.188 -1276.313 -854.375 -836.157 19.062 26.093 158.093 251.937 260.000 371.906 416.187 471.468 536.406 634.375 968.625 1052.312 1092.500 1097.187 1122.125 1402.125 1499.000 1608.906 1696.687 1732.406 1947.843 2010.718 2241.125 2524.468 2770.875 3257.406 3556.718 
-1608.782 2.187 162.437 199.062 221.750 633.781 654.843 715.750 973.593 994.468 1089.750 1094.500 1189.000 1375.000 1604.000 2116.906 2263.812 3427.531 
-1882.938 -1039.688 592.250 851.625 964.562 1112.812 1177.812 1225.468 1279.718 1380.187 1907.437 2027.968 2040.531 2122.218 2390.656 2424.125 2562.000 3030.937 3036.031 3171.843 
