-1707.594 -1641.938 -1517.563 -1514.094 -1508.063 -901.782 -808.157 -656.688 24.593 28.062 34.437 58.593 126.875 178.968 317.593 357.281 380.093 406.687 439.687 597.125 856.250 1093.593 1127.937 1362.031 1437.968 1457.593 1480.156 1526.656 1536.312 1639.531 1748.187 1937.375 2251.343 2254.718 3112.656 
-1093.594 -1077.532 60.718 428.968 770.125 807.187 1091.656 1792.437 3560.906 
-1664.782 -1194.563 -447.875 44.656 61.031 566.531 1781.312 
-1575.844 22.718 25.687 44.093 55.937 77.625 107.187 509.750 564.812 765.656 767.718 1058.812 1095.000 1129.031 1443.062 1501.812 1526.531 1555.750 1581.281 1585.562 1641.531 1646.343 1734.062 1746.812 1752.343 1776.718 1875.187 2459.875 2883.562 2910.281 3343.093 
-1901.407 -1384.750 -975.032 -970.032 -961.063 22.593 31.906 74.375 85.250 178.875 224.937 409.718 417.343 438.343 452.718 501.593 591.687 613.750 703.781 766.343 768.281 772.343 984.156 1022.218 1092.437 1140.031 1182.343 1260.187 1357.625 1440.500 1555.062 1583.375 1586.906 1637.875 1642.250 1664.375 1784.156 2064.343 2740.656 2887.875 3674.281 3680.531 3815.093 
-1235.907 -1038.969 25.062 78.875 106.531 133.937 196.468 314.437 370.406 406.250 423.562 498.812 510.000 535.531 565.125 578.937 771.250 856.531 1028.812 1061.125 1095.656 1129.062 1135.125 1180.843 1248.125 1259.500 1356.656 1443.062 1483.718 1582.656 1778.468 1784.156 1942.562 2979.531 3056.593 3451.968 3561.937 
-1855.000 -1494.407 -899.938 -226.000 21.312 25.531 29.718 135.093 159.625 356.312 415.125 423.875 432.781 512.406 546.187 590.437 695.031 767.875 771.593 813.187 856.187 951.968 1056.937 1094.062 1128.281 1164.406 1193.531 1245.281 1248.406 1261.656 1280.593 1292.218 1356.312 1480.812 1526.625 1549.593 1580.906 1648.031 1747.187 1781.468 1789.718 1845.656 1869.906 1937.593 1941.843 3045.531 3048.968 3225.031 3724.968 3732.031 3735.843 3745.937 
-1885.625 -1596.219 -321.782 21.875 25.375 52.218 107.187 127.718 175.812 324.250 408.593 436.968 503.718 613.437 770.312 775.875 811.906 860.562 1097.093 1128.937 1528.062 1531.218 1581.843 1748.625 1940.906 3575.468 
-580.219 20.281 23.125 27.718 56.218 59.000 74.625 569.843 593.875 659.500 771.218 856.812 1161.781 1260.656 1281.375 1418.312 1434.750 1440.437 1483.875 1504.406 1526.843 1581.593 1587.437 1785.937 1873.625 1938.312 2909.437 3390.875 3592.750 
-974.625 25.437 75.718 128.437 178.156 408.281 420.843 508.437 614.125 665.187 767.250 770.625 814.687 858.625 864.000 884.875 1093.875 1099.968 1259.968 1280.375 1308.125 1527.281 1582.312 1938.687 
