58.593 59.906 73.343 83.718 203.937 341.093 616.593 641.875 765.468 853.062 994.718 1001.000 1077.437 1087.093 1088.875 1098.718 1128.250 1148.625 1161.750 1191.031 1201.500 1360.625 1365.062 1382.312 1386.906 1403.281 1414.562 1422.781 1665.468 1674.687 1740.000 1745.968 1748.062 1758.281 1764.906 1898.375 1901.687 1929.000 1983.531 1986.437 1995.281 2000.875 2003.812 2004.875 2110.531 2286.218 2288.875 2290.812 2318.156 2332.437 
71.687 226.125 337.375 342.000 758.781 854.406 911.656 912.656 998.156 1009.781 1021.937 1022.906 1077.562 1086.468 1087.781 1111.593 1123.437 1175.812 1209.906 1362.093 1386.562 1401.437 1411.531 1414.562 1427.968 1435.312 1444.781 1451.343 1454.843 1456.187 1752.093 1759.687 1905.218 1988.937 1991.500 1998.656 2099.343 2116.656 2271.843 2310.125 2333.031 2359.937 2400.781 
51.625 59.625 69.500 71.750 76.718 199.343 211.343 214.843 327.093 344.906 475.718 485.375 848.968 994.781 1006.468 1020.531 1038.000 1088.593 1161.968 1268.687 1300.250 1363.281 1446.812 1452.093 1454.093 1474.625 1476.093 1663.125 1745.625 1755.062 1904.687 1916.062 1981.656 2000.937 2003.937 2047.781 2055.687 2116.562 2171.468 2268.875 2270.593 2344.875 2353.562 2405.625 
50.093 62.812 64.218 75.562 341.593 627.156 758.187 834.937 851.843 867.375 1023.625 1098.750 1139.968 1152.156 1178.687 1362.562 1363.250 1364.968 1400.593 1429.343 1475.156 1648.593 1673.312 1903.156 1912.250 1987.656 2097.687 2291.156 2410.031 
209.593 340.218 341.406 475.281 498.531 624.375 643.750 838.718 843.656 849.156 871.843 949.093 1084.656 1138.656 1152.406 1194.718 1362.562 1377.937 1379.000 1403.781 1405.781 1420.875 1446.281 1482.281 1674.062 1743.906 1753.062 1765.250 1815.500 1900.218 1911.781 1983.750 1984.468 1985.562 1989.000 2000.875 2016.437 2026.343 2049.218 2099.250 2172.781 2268.375 2308.750 2313.000 2342.906 
72.125 90.062 209.218 211.343 223.500 331.093 336.593 340.218 911.562 998.843 1002.156 1077.093 1079.937 1091.781 1094.218 1113.500 1123.625 1125.562 1165.812 1209.843 1212.156 1264.468 1360.687 1364.000 1364.937 1378.625 1401.875 1404.125 1406.031 1428.500 1455.156 1473.187 1661.031 1673.875 1759.125 1904.406 1926.093 1981.531 1996.937 2014.125 2024.781 2266.656 2268.875 2281.906 2362.718 2410.031 
51.156 85.968 209.843 341.031 833.187 858.531 999.156 1011.937 1087.062 1099.437 1124.093 1149.000 1367.375 1377.781 1435.312 1437.718 1450.593 1469.437 1663.281 1754.562 1762.906 1819.843 1821.031 1898.812 1902.281 2014.375 2109.093 2274.218 2290.343 
49.593 60.156 71.531 76.093 329.000 477.000 628.156 641.250 643.156 908.937 1013.250 1208.125 1209.718 1213.281 1368.968 1382.437 1409.281 1435.312 1473.906 1656.437 1817.500 1836.843 1983.812 1995.250 2003.718 2070.656 2271.531 2275.281 2285.031 2326.687 2329.406 2343.218 
50.343 59.812 61.781 69.281 335.656 341.625 442.593 466.843 482.406 835.312 850.031 850.718 856.281 941.562 1011.718 1020.031 1078.843 1119.000 1134.687 1189.343 1358.843 1366.156 1367.718 1405.687 1452.062 1746.937 1748.781 1758.031 1918.906 1986.718 1987.687 2020.031 2095.937 2132.218 2266.593 2283.500 2307.406 2342.406 
57.906 333.500 367.125 480.718 622.968 628.312 642.343 839.062 846.406 877.062 912.343 1012.593 1013.875 1078.875 1116.500 1152.656 1161.968 1199.218 1264.468 1364.281 1365.000 1377.218 1378.656 1379.687 1385.687 1401.687 1434.718 1663.437 1749.781 1751.750 1759.500 1814.031 1900.000 1900.468 1903.062 1940.343 1987.718 2021.687 2032.781 2057.750 2059.812 2060.968 2083.125 2103.968 2171.531 2266.531 2308.218 2322.125 2342.437 2344.531 2408.531 2411.687 
