-1485.188 -1484.469 26.937 120.750 132.937 299.531 299.968 459.531 567.656 604.312 758.843 1346.781 1385.687 1549.218 1636.937 1718.343 1891.687 
19.000 30.562 47.875 137.875 214.343 296.687 297.531 298.656 300.000 459.531 460.875 776.843 777.656 862.875 1190.625 1346.937 1524.343 1662.875 1780.187 1822.656 1825.312 
21.281 31.062 32.000 32.593 47.187 47.937 48.875 49.187 140.750 194.125 215.187 226.218 227.531 278.312 297.968 298.656 300.437 300.875 301.468 327.343 399.843 415.500 465.562 551.000 745.562 847.218 914.031 983.281 1013.593 1227.906 1409.718 1437.718 1484.718 1515.687 1549.593 1572.500 1604.875 1781.062 1882.437 1908.156 1957.187 
47.843 57.281 78.531 86.968 100.031 135.718 182.437 254.187 297.125 299.781 316.250 380.187 502.562 728.906 864.750 886.812 941.656 983.312 1170.093 1410.562 1434.125 1524.343 1543.812 1593.656 1958.375 
12.531 18.875 71.031 79.125 163.187 229.187 274.843 297.125 300.687 300.875 466.406 504.656 548.750 623.218 759.000 776.812 829.093 907.531 950.375 1016.968 1097.437 1383.156 1409.250 1459.968 1485.031 1525.906 1573.906 3039.312 3871.437 3892.031 3892.375 3893.156 3897.968 
16.500 19.000 49.250 79.625 93.906 154.156 156.218 229.593 251.937 259.156 277.906 297.750 298.000 298.656 403.093 424.937 426.468 443.062 459.468 462.281 504.687 516.812 565.812 625.656 688.000 715.531 725.343 755.406 765.718 777.250 778.500 830.343 915.187 983.031 1063.875 1092.406 1170.437 1200.250 1201.781 1304.875 1385.906 1413.093 1795.687 1845.750 1874.156 
28.343 29.781 37.500 47.093 52.968 108.156 134.750 139.468 165.593 172.906 186.812 226.968 259.000 299.312 299.750 399.156 400.343 445.562 459.500 499.875 524.218 525.125 525.812 549.812 565.687 627.437 662.000 761.500 776.000 846.406 862.187 863.187 913.125 1010.937 1017.500 1019.562 1043.625 1167.187 1168.406 1308.218 1316.562 1400.906 1460.343 1515.937 1521.500 1627.125 1667.468 1715.750 1768.312 1846.718 
27.656 31.906 33.406 108.125 120.406 123.125 139.656 140.468 205.437 215.031 274.125 297.093 298.906 329.437 503.750 584.812 635.000 663.062 777.437 778.250 813.000 831.312 847.406 873.343 912.500 986.906 1023.343 1064.312 1117.375 1120.437 1139.468 1198.281 1302.093 1312.625 1343.562 1361.125 1406.906 1530.531 1640.875 1663.968 1772.500 1802.625 1813.718 1818.218 1971.750 
34.125 56.093 71.031 97.281 121.312 155.937 199.468 211.937 221.750 229.375 279.000 297.312 298.000 298.656 327.500 366.812 375.000 434.281 441.000 466.718 671.500 729.531 735.968 763.968 777.468 781.156 831.781 844.906 868.312 870.250 979.031 1048.656 1061.781 1140.437 1170.062 1279.312 1304.281 1320.687 1527.281 1552.750 1572.718 1657.531 1671.406 1711.593 1816.531 1817.281 1863.062 1941.312 
16.875 19.281 37.437 55.468 56.812 64.437 115.156 137.031 139.093 194.687 226.625 278.406 297.968 298.437 301.750 303.406 461.562 468.281 502.875 525.093 589.343 600.218 663.500 667.937 773.250 776.187 846.406 875.031 899.375 953.906 969.125 980.281 1019.906 1095.656 1118.312 1128.000 1170.437 1196.656 1203.687 1211.875 1230.843 1265.250 1317.343 1381.968 1405.437 1413.656 1437.531 1514.906 1550.687 1713.031 1714.375 1803.125 1937.875 
