176.218 684.031 794.625 1605.437 
516.218 1128.593 1464.593 1487.968 1682.531 1925.562 
25.968 51.562 76.281 176.187 198.125 346.156 389.093 489.312 657.125 695.218 755.750 794.281 1083.406 1266.000 1681.156 
40.843 196.468 676.625 848.156 859.750 927.625 1097.937 1270.937 1503.625 1508.312 1684.343 1791.406 1827.187 1918.656 
70.468 204.843 492.562 695.187 820.781 847.937 1000.625 1023.875 1083.312 1158.062 1212.625 1317.281 1440.531 1446.343 1466.750 1567.656 1583.406 1715.437 1790.375 1873.937 
21.406 32.593 51.906 74.156 159.375 182.781 203.218 206.937 250.437 252.562 508.937 545.468 556.093 619.843 678.500 692.750 695.593 750.125 819.656 822.500 926.468 956.093 1050.437 1073.656 1103.343 1263.875 1266.000 1299.406 1337.562 1366.875 1467.625 1479.093 1488.343 1602.906 1608.750 1759.218 1791.468 1795.625 1798.156 1824.218 1850.218 
28.875 38.343 158.875 224.125 241.468 288.375 492.812 544.625 676.843 694.218 694.750 791.562 1054.156 1228.531 1316.187 1318.062 1442.375 1446.250 1447.781 1490.218 1620.031 1653.750 1854.812 1905.062 1931.781 
14.875 24.750 74.218 129.156 154.187 159.906 205.625 273.093 289.718 317.031 323.187 490.125 516.718 554.531 556.375 788.875 791.093 877.468 929.843 937.093 1073.937 1116.781 1121.093 1206.375 1329.750 1429.500 1446.218 1466.000 1487.781 1613.281 1716.218 1735.968 1763.062 1764.687 1802.375 1824.812 1853.906 1927.218 
19.218 30.437 32.187 92.625 101.468 161.312 182.500 199.468 225.343 262.781 341.937 344.375 395.625 421.437 453.000 518.000 592.031 651.062 657.593 695.656 797.531 848.375 926.875 941.531 985.343 1126.062 1156.375 1185.187 1263.625 1337.187 1511.187 1539.218 1578.281 1590.375 1601.281 1661.250 1676.750 1682.875 1818.750 1985.781 
11.593 32.812 44.062 103.718 128.625 199.093 268.812 363.281 679.750 815.968 859.625 918.875 993.531 1084.031 1242.187 1345.843 1403.437 1444.656 1479.000 1493.781 1608.875 1727.156 1736.156 1950.187 1983.156 1988.625 
