23.375 51.562 139.937 151.281 277.843 299.343 372.843 472.781 519.468 559.906 626.125 630.093 631.312 686.531 818.218 877.000 942.187 944.593 976.906 1036.750 1038.562 1156.687 1194.593 1244.062 1268.562 1349.281 1349.781 1350.562 1397.250 1412.375 
15.125 16.218 18.062 48.593 67.281 87.062 145.000 396.218 520.531 594.187 596.937 607.625 688.031 858.250 858.781 941.468 949.500 1036.406 1229.406 1301.343 1325.937 1335.937 1410.906 2757.406 2758.937 2762.875 2764.593 
16.375 18.062 75.531 95.062 101.156 103.250 141.406 145.875 162.312 201.500 372.750 397.906 596.031 603.218 610.437 633.718 688.468 879.343 940.781 948.531 1156.687 1195.093 1244.250 1326.406 1410.718 
98.156 127.906 140.375 222.937 224.687 394.562 471.375 473.437 557.593 629.593 630.312 644.062 918.906 1194.531 1326.156 1326.875 1328.968 1351.656 1353.406 1410.000 
17.343 46.718 65.000 106.312 107.500 109.531 141.187 146.062 198.656 200.843 367.031 396.031 449.625 474.687 520.000 636.250 801.000 859.562 878.531 1012.093 1193.781 1328.156 1348.906 1350.187 1407.687 
14.531 15.875 66.625 99.625 152.281 371.906 518.843 582.843 603.750 629.312 630.093 679.250 694.843 815.156 864.718 941.500 946.875 1036.250 1086.750 1113.093 1329.187 
16.750 92.406 94.625 159.531 163.437 376.562 434.062 476.531 560.468 588.031 782.187 872.343 940.031 941.000 943.875 1013.656 1016.531 1118.656 1120.093 1120.812 1194.218 1275.093 1365.375 
14.906 41.125 96.093 103.687 104.312 107.062 141.906 145.093 149.437 197.781 229.843 340.812 394.468 396.406 448.843 517.437 518.218 525.343 553.062 594.312 687.531 691.031 692.312 815.468 878.375 919.656 920.875 921.406 942.406 946.468 1094.937 1305.343 1320.281 1327.500 1329.875 
18.156 23.531 30.906 47.906 48.843 101.093 116.968 148.250 158.500 220.968 296.281 395.093 395.468 397.000 397.281 431.593 478.468 521.375 629.843 630.906 690.687 691.875 700.281 783.375 859.468 865.437 939.531 940.093 941.750 944.250 945.343 949.562 962.062 1090.000 1110.937 1312.718 1325.875 1371.281 1392.156 1392.687 1393.031 1412.406 
18.000 46.968 102.593 158.406 163.125 224.531 227.937 231.937 375.250 447.625 449.281 473.156 516.593 518.312 519.593 551.625 581.625 591.406 630.718 686.906 690.406 692.125 693.593 702.812 856.031 858.218 863.281 949.031 1041.250 1274.093 1284.531 1410.500 1411.218 
