18.906 24.125 26.375 40.062 55.531 87.218 100.875 130.031 196.000 202.312 235.437 239.281 283.031 285.593 310.218 329.156 352.750 359.781 406.468 416.625 462.125 481.343 519.312 530.593 568.656 573.250 605.406 640.062 643.906 669.125 678.000 707.062 764.156 769.500 774.687 815.718 824.093 834.343 865.468 961.500 999.062 1028.187 1031.687 1036.125 1078.687 1200.718 1213.875 1245.062 1249.218 1291.562 1316.312 1428.062 1483.812 1487.312 1508.062 1524.687 1607.062 1658.593 1680.375 1687.156 1705.375 1707.718 1716.468 1766.968 1864.562 1896.250 1905.000 1936.031 1942.000 1945.781 2093.406 2118.250 2122.281 2154.937 2282.687 2292.125 2300.718 2340.375 2557.375 2566.281 2575.656 2621.687 2827.968 2860.312 2871.750 3470.812 3522.562 3532.281 3642.968 3863.468 3868.218 3884.437 3924.531 3930.156 3972.718 3989.687 
1.750 6.000 26.125 29.468 47.781 57.687 73.718 85.187 105.250 176.500 194.156 234.718 275.593 286.000 288.812 292.250 354.562 380.718 418.500 436.937 485.375 527.750 531.625 692.062 706.031 769.593 789.437 825.437 883.750 939.343 964.031 1021.000 1035.625 1062.218 1167.031 1173.156 1190.687 1248.093 1339.625 1479.468 1488.593 1611.656 1634.375 1667.000 1679.125 1683.875 1705.718 1741.156 1766.812 1829.687 1896.062 1943.937 2003.468 2050.312 2133.343 2139.218 2155.781 2268.750 2272.656 2406.281 2474.031 2684.625 2726.750 2897.906 3154.250 3161.468 3180.031 3209.093 3339.281 3436.437 3616.031 3626.750 3630.437 3805.312 
18.656 26.250 49.562 80.000 94.968 104.250 117.093 166.875 204.750 208.187 222.343 269.843 308.687 336.531 357.000 382.656 439.375 571.875 637.718 677.000 684.281 748.437 760.437 773.968 791.031 1029.000 1035.812 1038.093 1067.562 1086.093 1095.156 1200.156 1219.375 1280.562 1337.437 1344.687 1420.593 1479.093 1487.156 1527.875 1539.062 1598.156 1612.531 1677.812 1707.312 1711.312 1823.687 1830.906 1891.093 1896.312 2003.656 2014.468 2270.687 2335.218 2361.156 2390.218 2610.937 2616.843 3019.656 3041.750 3073.437 3079.656 3087.656 3538.750 3550.156 3573.062 3639.343 3646.625 3918.562 
18.343 26.062 47.906 56.312 104.875 117.906 142.406 172.312 201.906 289.468 310.656 357.375 381.125 438.312 473.812 556.343 603.187 772.406 789.000 801.781 826.562 834.000 920.750 1031.062 1096.437 1153.125 1175.937 1205.000 1219.187 1247.187 1262.406 1268.937 1342.843 1434.718 1488.125 1609.656 1712.906 1814.468 1838.656 2088.406 2096.000 2135.125 2292.718 2458.687 2863.375 2898.718 2928.375 2969.875 2973.000 3057.500 3238.718 3277.468 3284.125 3617.875 3653.781 3905.437 3955.250 3967.593 
71.906 166.406 206.343 287.062 331.687 412.093 414.656 498.750 532.875 691.625 768.500 813.875 818.000 968.406 982.781 1028.406 1204.031 1217.062 1241.343 1251.437 1271.093 1424.250 1467.625 1471.281 1596.093 1598.656 1647.656 1702.062 1946.218 2057.562 2432.468 2539.593 2702.281 2708.750 2772.843 3409.625 3423.968 3610.187 3616.000 3621.125 3935.125 
91.562 358.781 475.875 638.343 764.375 1028.750 1421.093 1679.812 1892.593 1938.937 2517.406 2846.437 3982.093 
103.937 202.875 287.312 485.593 571.468 638.718 780.125 960.562 1037.531 1547.593 1617.312 1850.687 1879.468 3463.625 
114.500 203.343 847.468 1246.625 2055.593 3944.875 
481.718 1423.593 2415.062 3048.843 3612.375 
17.781 48.156 1034.375 1293.500 1515.750 
