268.250 311.187 357.531 593.125 603.375 613.781 630.500 661.062 1032.437 1288.718 1332.000 1361.375 3542.531 3811.812 
270.468 276.625 293.093 296.406 297.031 310.093 600.093 602.968 617.968 644.468 669.218 691.406 1287.937 1314.062 1383.281 3538.906 
131.875 295.093 378.625 505.062 583.343 657.500 1000.968 1285.312 1393.718 
257.937 277.250 539.750 572.093 1011.156 1278.718 1291.187 1345.625 1372.656 3108.843 
88.468 264.968 274.218 294.906 295.875 357.156 385.281 391.750 567.187 990.968 1316.093 1389.531 
298.000 497.343 640.968 646.750 1255.500 1320.718 1394.281 
288.375 297.062 298.531 594.062 632.312 1013.781 1018.687 1348.843 3203.093 
259.375 277.375 295.000 297.437 385.906 393.187 618.093 639.093 1252.343 1273.406 1396.750 3523.937 
91.156 285.000 315.312 629.843 630.843 632.437 652.218 679.375 862.812 1342.312 
86.781 264.062 273.531 386.531 603.375 657.843 682.156 1196.031 1360.281 1410.312 3913.906 
