-1012.907 -1005.063 -998.563 -984.719 -959.344 38.750 45.250 53.781 87.312 1320.937 1634.375 1692.187 1693.468 1719.312 1725.593 3182.593 3184.250 3298.750 
-1467.000 -1443.688 -1422.563 -858.844 -841.657 -823.438 -818.688 17.781 47.406 76.187 100.718 386.281 403.812 406.906 413.312 1317.062 1609.625 1929.750 3622.968 3644.625 3665.593 3670.593 3686.625 3724.125 
-1869.563 -1623.250 -1573.219 -740.094 -739.407 -734.250 16.812 32.718 116.562 657.562 1319.812 1677.843 1683.562 1884.437 1893.250 3175.750 3178.031 3178.875 3183.562 3185.562 3190.906 3203.406 3205.687 3654.656 3684.000 
-1834.157 -1824.719 -1821.469 -1777.782 -1775.188 -1767.282 -1761.532 -1742.594 -1468.969 -1313.219 -1231.750 -594.469 132.968 885.937 897.750 1342.937 1369.875 1420.437 1427.937 1433.875 1456.250 1458.125 1472.375 1718.750 1754.125 1761.593 1763.843 1984.468 2029.500 2889.718 2906.875 2914.750 2933.750 2953.593 2956.250 2990.656 3000.250 3377.125 3399.625 3408.437 3573.687 
-1337.688 -1308.375 -1306.157 -1295.875 -1253.938 -1072.532 -898.000 -893.094 -856.313 -832.125 -198.469 -194.907 -189.063 46.437 136.281 152.562 346.875 998.125 1000.968 1004.125 1015.656 1030.250 1039.062 1079.031 1464.031 1491.593 1660.968 1665.937 1687.187 1763.937 1778.843 1786.937 2704.031 2706.187 2734.531 3819.156 3828.312 3835.000 3842.718 3845.031 3855.687 3879.906 3896.000 
-1741.813 -1725.813 -1704.469 -1501.563 -1393.532 -1388.782 -1077.719 -1044.375 -183.094 -81.063 656.656 680.968 727.218 1338.437 1339.250 1615.187 1863.312 1914.156 2244.937 2255.468 2267.062 2797.218 2829.218 3534.468 3553.156 3584.000 3589.500 
-1301.875 -1298.219 -1293.875 -1285.250 -1258.969 -577.032 -560.063 -554.719 -496.688 -478.313 -357.313 69.187 368.687 403.906 832.281 1098.531 1113.562 1462.437 1464.750 1467.218 1468.343 1478.968 1525.375 1649.125 1964.500 1970.656 3020.718 3032.875 3042.593 3048.031 3240.843 3288.843 3307.562 3312.812 
-1661.938 -1541.313 -1509.907 -823.407 -818.313 -795.688 -789.032 -461.125 -456.157 -446.282 -445.688 -424.563 -421.500 17.593 69.218 219.750 245.937 319.218 329.187 907.968 1012.343 1014.343 1694.906 1720.593 1722.562 2003.375 2043.625 2780.187 2784.968 2809.593 2832.593 2834.187 2840.062 2951.250 3465.937 3469.625 
-1191.282 -1186.938 -1178.657 -1149.657 -1134.032 -1119.469 -1112.750 -1108.125 -902.969 -895.844 -671.469 23.906 46.312 77.312 112.718 377.656 636.625 734.187 1374.218 1375.468 1383.968 1398.750 1414.093 1474.468 1734.187 1740.812 1742.375 1770.125 1955.875 1973.250 1990.906 2009.187 2605.531 2608.500 2618.531 3693.437 3701.531 3718.437 3722.875 3726.687 3736.312 3737.343 3744.437 3787.093 3797.875 
-1784.063 -1754.563 -1743.000 -1734.938 -1728.750 -1721.375 -1681.844 -888.844 -884.344 -883.250 -881.500 -875.688 -866.094 -848.157 -845.938 -805.219 -378.282 -26.407 -19.407 -8.407 -4.250 20.968 23.875 73.062 165.687 475.750 735.718 914.031 1261.843 1263.093 1269.562 1292.718 1327.031 1352.187 1360.406 1984.500 1990.343 1990.750 1998.437 2179.187 2847.656 2872.750 2917.218 2921.656 2922.218 2932.031 3778.500 3779.437 3815.875 3915.531 3979.562 
