-1962.063 -1633.563 -1603.313 -703.375 -701.688 -696.219 33.656 69.781 1001.468 1886.437 1902.000 
-984.782 -984.469 -964.719 -946.875 -122.844 -106.625 -26.563 70.187 468.031 953.781 954.937 974.781 1273.937 2334.843 2344.625 3815.593 3848.062 
-1999.719 -1964.719 -1919.125 -937.282 -932.594 -859.469 -506.563 -485.750 -470.625 -140.500 -136.782 -4.188 6.437 39.218 74.000 885.843 938.093 1819.250 2784.468 2788.937 2793.406 2798.343 2813.437 2987.843 2991.906 3806.250 3808.750 3811.406 3852.562 3857.250 
-1970.375 -1966.125 -1558.750 -945.657 -912.125 -864.657 -823.313 19.593 25.281 1339.906 1384.281 1890.187 1894.656 2540.281 2558.281 2710.218 2993.781 3011.375 3021.968 
-1991.594 -1941.157 -1261.000 -1253.157 -1248.875 -845.813 -669.157 -224.469 -202.938 -200.875 -197.407 -187.625 -167.282 -163.407 457.156 476.031 1016.625 1058.781 1249.125 1269.156 1276.593 1406.281 1427.343 1732.218 1733.781 1758.843 2059.937 2564.562 2585.312 2882.250 2922.593 2925.375 2961.750 3284.312 3291.843 3309.375 3664.593 3732.468 3737.218 3765.812 
-1983.157 -1975.563 -1963.907 -1927.157 -1823.625 -1620.469 -1613.719 -869.469 -61.782 -4.813 -0.375 351.750 515.500 1187.750 1817.593 1831.468 1863.031 1886.625 1895.718 2375.281 2378.718 2381.218 2388.218 2854.093 2862.093 2994.406 3606.125 3614.656 3616.125 
-1620.844 -1596.188 -1580.875 -1559.282 -1556.313 -1550.375 -1534.250 -1497.782 -1461.094 -1133.407 -1109.594 -1100.032 -1096.219 -475.500 -121.344 20.375 22.812 118.937 147.437 1249.375 1278.187 1499.781 2541.218 2573.343 3374.656 3392.500 
-1838.625 -1818.000 -826.032 -433.938 -427.438 -405.407 -396.532 -386.407 -371.250 -367.532 -351.063 51.156 58.406 68.281 211.562 410.937 429.593 533.000 570.156 578.187 886.781 906.718 929.750 1123.656 1155.718 1166.406 1168.281 1187.062 1227.375 1306.468 1357.812 1387.406 1389.437 1768.125 1793.187 1806.812 1818.843 1832.250 1840.562 1850.906 2710.781 2712.156 2722.625 2798.375 2802.906 2810.875 2815.468 3319.781 3385.187 3396.281 3397.000 3414.687 
-1705.000 -1703.594 -1256.438 -1252.875 -1185.563 -915.000 -908.657 -383.750 -352.032 -348.907 -340.250 -300.063 24.375 51.343 52.375 69.156 82.093 164.843 174.937 256.718 280.218 1014.125 1142.593 1241.031 1386.250 1403.437 1824.625 1841.406 1859.250 2175.468 2187.937 2209.062 2607.343 2609.812 2611.000 2626.062 3346.500 3361.968 3377.968 3774.218 
-1907.750 -1905.750 -1902.750 -1256.688 -1232.594 -1216.625 -1205.469 -1192.750 -1179.250 -1170.094 -665.094 -656.313 -466.032 -458.844 -441.750 -219.063 27.625 69.437 73.687 349.562 387.218 473.312 613.843 686.343 700.281 1155.281 1377.937 1392.062 1801.468 1808.250 1847.468 2245.625 2246.531 2277.718 2498.656 3096.812 3159.906 3162.468 3477.093 3522.187 
