27.531 1801.468 
8.687 10.718 12.156 15.968 45.375 135.906 175.687 308.687 514.343 597.406 647.750 776.937 1024.562 1064.593 1145.343 1161.937 1402.781 1503.406 
11.125 15.687 33.812 37.156 38.250 79.812 94.875 168.468 236.187 493.062 494.750 612.750 645.656 689.187 718.187 1155.156 1165.625 1234.031 1359.375 1457.031 1542.687 1891.125 2825.687 
11.218 13.031 33.906 41.687 63.093 78.687 138.656 238.687 274.468 371.968 587.562 673.968 956.218 1122.750 1163.656 1291.812 1360.000 1444.687 1499.250 1599.687 1688.031 1870.093 
29.656 46.562 78.687 79.718 106.625 135.812 277.343 350.031 491.187 643.375 716.906 818.187 1125.093 1385.906 1869.812 
10.250 11.312 48.625 215.968 493.250 641.781 648.343 1165.812 1232.968 1496.718 1521.750 1694.062 1836.937 
11.000 14.937 62.812 134.531 348.625 493.875 777.718 940.875 1001.750 1188.687 1696.250 
10.250 12.687 31.343 57.000 66.812 94.468 104.406 168.250 294.812 676.843 715.625 1021.656 1189.218 1236.468 1600.468 
7.687 10.281 10.843 12.093 13.781 19.187 25.031 47.125 69.000 90.906 244.718 314.125 397.312 445.562 682.312 1017.906 1169.093 1195.531 1357.906 1438.187 1873.031 
27.656 67.781 84.218 92.687 94.406 146.625 169.875 170.468 212.125 219.000 244.343 320.250 676.718 1017.125 1020.468 1358.031 1696.406 3829.468 
