-950.313 -917.657 -879.688 -513.907 -312.438 22.281 23.281 63.468 86.062 102.656 121.687 143.093 160.625 225.375 286.062 314.625 495.031 506.250 526.437 541.875 545.343 594.812 638.375 671.843 688.593 696.468 775.750 1012.468 1185.781 1334.125 1471.000 1542.000 1553.843 1643.437 1935.656 3700.000 3956.375 
-1724.157 -657.000 -656.500 -652.844 -618.938 62.156 246.468 464.437 787.093 948.062 1241.562 1772.875 3749.750 
-652.000 271.968 701.843 806.281 1236.312 1745.093 2136.375 2660.875 3105.437 3112.406 3172.750 3372.375 3750.656 
-1823.907 -1566.125 -523.594 -5.407 23.906 407.937 956.218 1191.937 1235.937 2089.593 2187.250 3333.250 
-1896.719 -1255.282 -1243.313 -1195.063 -348.750 957.437 1741.750 2388.468 2985.875 
-1078.313 -8.313 19.593 795.093 941.750 1131.343 2516.281 3447.250 
-1201.219 -1141.407 -728.938 -437.969 -261.250 21.968 90.468 91.687 345.187 560.031 582.968 613.093 640.718 750.687 1028.875 1107.437 1160.031 1214.625 1354.593 1727.656 1770.906 2170.031 2526.312 2696.718 2989.062 2995.625 3657.781 
-1652.782 -1634.907 -786.532 -423.094 35.187 37.968 145.250 155.468 250.687 944.375 990.937 1099.812 1180.125 1913.406 1999.125 2528.937 2563.531 3144.750 3506.281 3517.468 3907.781 
-1833.969 -1199.938 115.906 3891.937 
315.687 860.750 2082.625 3019.375 3269.531 3924.718 
